1.50009,	145.675644
1.500175,	149.144119
1.50026,	159.523651
1.500344,	114.422333
1.500429,	124.804131
1.500514,	152.513657
1.500599,	107.435379
1.500684,	148.999115
1.500768,	135.116821
1.500853,	169.73465
1.500938,	131.609604
1.501023,	141.976822
1.501108,	207.737274
1.501193,	162.701141
1.501278,	131.524277
1.501362,	159.18779
1.501447,	179.922226
1.501532,	138.379272
1.501617,	172.946045
1.501702,	138.334396
1.501787,	141.769775
1.501872,	162.490219
1.501957,	162.463867
1.502042,	162.437515
1.502127,	158.955627
1.502212,	145.109863
1.502297,	158.904068
1.502383,	141.608917
1.502468,	151.945892
1.502553,	169.185028
1.502638,	169.157593
1.502723,	148.420349
1.502808,	131.140884
1.502893,	120.768074
1.502978,	148.348129
1.503064,	155.22287
1.503149,	220.725601
1.503234,	155.172516
1.503319,	165.490494
1.503404,	196.488083
1.50349,	134.417404
1.503575,	165.409973
1.50366,	120.591873
1.503746,	155.021545
1.503831,	154.996384
1.503916,	161.858856
1.504002,	127.400124
1.504087,	151.478271
1.504172,	151.45369
1.504258,	120.454979
1.504343,	130.758469
1.504429,	151.37999
1.504514,	165.115005
1.504599,	165.088211
1.504685,	144.428741
1.50477,	182.225739
1.504856,	116.880562
1.504941,	158.106857
1.505027,	147.771561
1.505112,	158.055557
1.505198,	144.288162
1.505283,	130.525253
1.505369,	130.504074
1.505454,	188.856812
1.50554,	113.295692
1.505626,	171.632278
1.505711,	175.036514
1.505797,	178.439636
1.505883,	209.289429
1.505968,	157.79921
1.506054,	198.931915
1.50614,	178.323792
1.506225,	157.722366
1.506311,	150.840378
1.506397,	171.381699
1.506482,	157.645569
1.506568,	150.766922
1.506654,	147.316483
1.50674,	178.121246
1.506826,	154.118362
1.506911,	154.093338
1.506997,	191.729462
1.507083,	198.544693
1.507169,	133.482513
1.507255,	171.103638
1.507341,	150.546753
1.507427,	147.101349
1.507512,	143.657059
1.507598,	177.83223
1.507684,	153.868286
1.50777,	157.262039
1.507856,	157.236496
1.507942,	181.134369
1.508028,	167.436661
1.508114,	150.326859
1.5082,	136.638596
1.508286,	133.200989
1.508372,	174.157608
1.508458,	160.472122
1.508544,	143.377335
1.508631,	153.593613
1.508717,	156.981293
1.508803,	153.543716
1.508889,	156.930298
1.508975,	146.67189
1.509061,	129.595963
1.509147,	122.755173
1.509234,	139.781784
1.50932,	167.029144
1.509406,	170.410217
1.509492,	173.790176
1.509578,	183.983231
1.509665,	183.953339
1.509751,	146.457565
1.509837,	115.784836
1.509924,	146.409973
1.51001,	125.960197
1.510096,	129.343506
1.510183,	146.338608
1.510269,	170.133514
1.510355,	187.116455
1.510442,	129.25946
1.510528,	139.441483
1.510615,	149.620193
1.510701,	176.795135
1.510787,	159.769623
1.510874,	132.553253
1.51096,	129.133453
1.511047,	132.510162
1.511133,	166.460068
1.51122,	159.639832
1.511306,	163.009918
1.511393,	132.424026
1.511479,	166.351868
1.511566,	152.747284
1.511653,	118.784134
1.511739,	132.337936
1.511826,	173.029175
1.511912,	142.471451
1.511999,	128.88179
1.512086,	149.207275
1.512172,	162.745117
1.512259,	186.448456
1.512346,	155.913345
1.512432,	162.665741
1.512519,	176.192566
1.512606,	145.674011
1.512693,	162.586395
1.512779,	169.333298
1.512866,	135.444611
1.512953,	182.82048
1.51304,	138.785568
1.513127,	145.531921
1.513213,	152.276093
1.5133,	131.951141
1.513387,	121.78125
1.513474,	172.495377
1.513561,	135.268478
1.513648,	169.058105
1.513735,	131.843872
1.513822,	158.86293
1.513909,	158.837082
1.513996,	162.190216
1.514083,	165.542236
1.51417,	165.51532
1.514256,	151.979126
1.514344,	182.345291
1.514431,	189.068054
1.514518,	216.042618
1.514605,	131.629562
1.514692,	145.106415
1.514779,	158.578873
1.514866,	128.191849
1.514953,	148.408508
1.51504,	161.873856
1.515127,	155.103867
1.515215,	141.593536
1.515302,	117.97541
1.515389,	144.917633
1.515476,	144.894058
1.515563,	148.239548
1.515651,	138.109833
1.515738,	154.927277
1.515825,	151.534622
1.515912,	141.409302
1.516,	175.049683
1.516087,	198.581741
1.516174,	215.375641
1.516262,	121.129082
1.516349,	148.022552
1.516436,	154.725662
1.516524,	168.152695
1.516611,	171.487839
1.516698,	191.631668
1.516786,	157.986359
1.516873,	147.878052
1.516961,	164.655563
1.517048,	144.470123
1.517136,	120.932045
1.517223,	144.423096
1.517311,	141.041458
1.517398,	141.018494
1.517486,	167.851822
1.517573,	157.75502
1.517661,	184.576874
1.517748,	144.282059
1.517836,	184.516769
1.517924,	150.94368
1.518011,	191.1642
1.518099,	174.367004
1.518187,	120.695969
1.518274,	184.366577
1.518362,	207.797577
1.51845,	177.604477
1.518537,	167.524109
1.518625,	204.34613
1.518713,	177.517715
1.5188,	167.442261
1.518888,	177.4599
1.518976,	133.910187
1.519064,	150.62442
1.519152,	170.679855
1.519239,	153.921463
1.519327,	173.969833
1.519415,	187.321609
1.519503,	140.468323
1.519591,	163.853012
1.519679,	210.633835
1.519767,	167.142471
1.519855,	197.195984
1.519942,	167.088013
1.52003,	163.719574
1.520118,	150.330215
1.520206,	140.285339
1.520294,	173.65831
1.520382,	193.664246
1.52047,	166.924728
1.520558,	163.55957
1.520646,	170.207733
1.520734,	156.83255
1.520823,	180.161224
1.520911,	160.117203
1.520999,	180.102493
1.521087,	166.73439
1.521175,	170.041367
1.521263,	200.016052
1.521351,	173.319
1.521439,	193.285828
1.521528,	159.934616
1.521616,	123.26284
1.521704,	156.55159
1.521792,	123.222656
1.521881,	123.202568
1.521969,	186.438354
1.522057,	173.093109
1.522145,	173.06488
1.522234,	166.381409
1.522322,	173.008453
1.52241,	156.347534
1.522499,	116.410034
1.522587,	146.320175
1.522675,	192.845154
1.522764,	146.272476
1.522852,	166.191605
1.522941,	209.367279
1.523029,	169.460159
1.523117,	146.177078
1.523206,	146.153244
1.523294,	189.304016
1.523383,	166.029068
1.523471,	175.962112
1.52356,	169.294418
1.523649,	205.77533
1.523737,	179.194443
1.523826,	165.893723
1.523914,	172.501328
1.524003,	129.354889
1.524091,	149.231293
1.52418,	135.944122
1.524269,	165.758469
1.524357,	139.214401
1.524446,	162.390305
1.524535,	135.855423
1.524623,	208.719406
1.524712,	182.185623
1.524801,	155.660507
1.524889,	139.078186
1.524978,	182.096466
1.525067,	165.515244
1.525156,	191.966354
1.525245,	135.678207
1.525333,	172.051605
1.525422,	185.256104
1.525511,	155.457428
1.5256,	125.668472
1.525689,	165.326263
1.525778,	181.829224
1.525867,	152.050522
1.525955,	158.635529
1.526044,	158.609634
1.526133,	155.279922
1.526222,	171.771027
1.526311,	125.504494
1.5264,	145.297272
1.526489,	165.083588
1.526578,	165.056641
1.526667,	178.232071
1.526756,	118.801979
1.526845,	118.782585
1.526935,	141.856033
1.527024,	138.534439
1.527113,	171.490829
1.527202,	168.165466
1.527291,	158.247543
1.52738,	184.591995
1.527469,	158.195877
1.527558,	207.59819
1.527647,	131.78685
1.527737,	154.824265
1.527826,	151.505386
1.527915,	158.066757
1.528004,	121.823235
1.528094,	181.059021
1.528183,	148.115005
1.528272,	161.25444
1.528362,	167.808853
1.528451,	128.303452
1.52854,	164.464737
1.52863,	147.994095
1.528719,	138.105255
1.528808,	144.658066
1.528898,	141.34729
1.528987,	154.470642
1.529076,	131.442902
1.529166,	193.846603
1.529255,	167.534958
1.529345,	141.231888
1.529434,	167.480209
1.529524,	154.319305
1.529613,	160.859787
1.529703,	173.962784
1.529792,	150.961899
1.529882,	167.343445
1.529971,	141.070435
1.530061,	131.206879
1.530151,	141.024338
1.53024,	196.746002
1.53033,	147.535385
1.53042,	177.013535
1.530509,	154.04216
1.530599,	173.678726
1.530689,	114.674759
1.530778,	153.966644
1.530868,	134.289383
1.530958,	163.740768
1.531048,	101.502686
1.531137,	150.59227
1.531227,	137.474823
1.531317,	150.543045
1.531407,	111.252754
1.531497,	143.950623
1.531586,	173.36673
1.531676,	170.067841
1.531766,	183.120041
1.531856,	156.934387
1.531946,	199.404831
1.532036,	169.956665
1.532126,	153.589554
1.532215,	130.693146
1.532305,	111.071014
1.532395,	179.644318
1.532485,	146.957687
1.532575,	156.729233
1.532665,	156.703598
1.532755,	169.734467
1.532845,	143.597992
1.532936,	159.889786
1.533026,	150.07608
1.533116,	140.265564
1.533206,	172.857178
1.533296,	179.350754
1.533386,	179.321426
1.533476,	114.094971
1.533566,	162.966156
1.533656,	166.198288
1.533747,	169.429367
1.533837,	149.855301
1.533927,	149.830795
1.534017,	166.089569
1.534108,	159.550156
1.534198,	172.546417
1.534288,	146.477707
1.534378,	130.181107
1.534469,	152.937775
1.534559,	182.193924
1.534649,	156.140671
1.53474,	185.386703
1.53483,	130.074646
1.53492,	185.326035
1.535011,	178.794113
1.535101,	159.263229
1.535192,	133.239258
1.535282,	159.211105
1.535372,	162.433731
1.535463,	146.166428
1.535553,	133.152069
1.535644,	149.365677
1.535734,	155.83432
1.535825,	142.824753
1.535915,	139.555878
1.536006,	146.022949
1.536097,	158.976746
1.536187,	142.731262
1.536278,	191.358307
1.536368,	204.298309
1.536459,	168.599564
1.53655,	142.637817
1.53664,	145.855713
1.536731,	162.03537
1.536822,	132.847244
1.536912,	139.304779
1.537003,	113.369049
1.537094,	168.406448
1.537185,	168.37886
1.537275,	139.213577
1.537366,	171.56073
1.537457,	142.404449
1.537548,	165.032669
1.537639,	158.534836
1.537729,	142.334503
1.53782,	145.545532
1.537911,	177.859848
1.538002,	190.76387
1.538093,	145.47403
1.538184,	126.056847
1.538275,	158.353165
1.538366,	180.945404
1.538457,	164.762573
1.538548,	164.73558
1.538639,	119.494476
1.53873,	203.430237
1.538821,	158.197601
1.538912,	164.62767
1.539003,	167.828156
1.539094,	180.708405
1.539185,	148.414734
1.539276,	132.261017
1.539367,	158.042145
1.539458,	161.241074
1.539549,	132.196014
1.53964,	164.412003
1.539732,	164.385056
1.539823,	170.803543
1.539914,	177.21991
1.540005,	151.417648
1.540096,	119.181595
1.540188,	199.676971
1.540279,	202.864319
1.54037,	173.855194
1.540461,	157.731644
1.540553,	199.546097
1.540644,	189.859512
1.540735,	138.349503
1.540827,	147.977539
1.540918,	167.251541
1.541009,	205.814301
1.541101,	180.057983
1.541192,	186.458054
1.541284,	176.784683
1.541375,	186.396927
1.541466,	128.528534
1.541558,	147.783569
1.541649,	144.54718
1.541741,	202.33287
1.541833,	147.710892
1.541924,	147.686676
1.542016,	154.082565
1.542107,	182.943039
1.542199,	182.91304
1.54229,	192.508469
1.542382,	153.981506
1.542474,	218.104706
1.542565,	173.172394
1.542657,	153.905762
1.542748,	195.556488
1.54284,	173.087189
1.542932,	211.516312
1.543023,	157.009079
1.543115,	163.390808
1.543207,	179.380081
1.543299,	156.931824
1.543391,	179.321243
1.543482,	182.493454
1.543574,	179.262405
1.543666,	153.628281
1.543758,	160.003204
1.543849,	195.171875
1.543941,	169.547745
1.544033,	153.527481
1.544125,	156.700256
1.544217,	150.279663
1.544309,	169.436493
1.544401,	188.587021
1.544493,	188.556076
1.544585,	198.11116
1.544677,	214.052734
1.544769,	194.851852
1.544861,	210.788712
1.544953,	118.150032
1.545045,	156.443283
1.545137,	188.339569
1.545229,	153.200256
1.545321,	191.468887
1.545413,	185.056213
1.545505,	165.885223
1.545597,	146.720535
1.545689,	194.532242
1.545782,	178.557663
1.545874,	153.024292
1.545966,	162.56163
1.546058,	168.908859
1.54615,	184.813309
1.546243,	194.340698
1.546335,	149.713333
1.546427,	159.243347
1.546519,	181.507599
1.546612,	191.029266
1.546704,	162.348206
1.546796,	181.418198
1.546889,	219.575439
1.546981,	187.722076
1.547073,	184.51004
1.547166,	197.202469
1.547258,	168.548615
1.547351,	193.958054
1.547443,	171.672379
1.547536,	146.215408
1.547628,	177.972122
1.54772,	187.475555
1.547813,	196.975845
1.547905,	200.119995
1.547998,	181.031204
1.54809,	196.878784
1.548183,	187.321609
1.548275,	180.941986
1.548368,	180.912262
1.548461,	184.055908
1.548553,	177.679962
1.548646,	171.306091
1.548739,	136.387985
1.548831,	199.791428
1.548924,	212.441681
1.549017,	177.534012
1.549109,	174.335114
1.549202,	190.152512
1.549295,	183.783875
1.549387,	199.594513
1.54948,	199.561707
1.549573,	171.024765
1.549666,	199.496109
1.549759,	202.629395
1.549852,	180.437149
1.549944,	164.58226
1.550037,	177.213303
1.55013,	205.660202
1.550223,	180.318527
1.550316,	202.429611
1.550409,	224.533432
1.550502,	215.010757
1.550595,	205.491196
1.550688,	240.227127
1.550781,	170.659622
1.550874,	240.148132
1.550967,	202.196747
1.55106,	214.798721
1.551153,	176.863968
1.551246,	205.254776
1.551339,	227.321747
1.551432,	173.619995
1.551525,	198.84111
1.551618,	189.341339
1.551711,	205.086044
1.551804,	230.28952
1.551898,	227.097519
1.551991,	192.370407
1.552084,	173.420197
1.552177,	192.307129
1.55227,	198.579605
1.552364,	176.486176
1.552457,	248.930603
1.55255,	226.836136
1.552643,	182.699051
1.552737,	198.416321
1.55283,	214.128403
1.552923,	204.647888
1.553017,	242.389145
1.55311,	198.285751
1.553203,	220.28125
1.553297,	223.391357
1.55339,	195.042053
1.553484,	169.847382
1.553577,	191.833054
1.553671,	207.522919
1.553764,	176.051071
1.553858,	157.162582
1.553951,	201.134995
1.554044,	191.675232
1.554138,	185.360291
1.554232,	251.294617
1.554325,	216.705933
1.554419,	216.670258
1.554512,	213.494949
1.554606,	210.320694
1.5547,	238.533447
1.554793,	172.594467
1.554887,	232.179779
1.554981,	238.415649
1.555074,	203.874557
1.555168,	219.521057
1.555262,	210.078415
1.555355,	210.043823
1.555449,	225.681564
1.555543,	253.849945
1.555637,	238.140976
1.55573,	275.696777
1.555824,	203.606125
1.555918,	200.440704
1.556012,	244.246872
1.556106,	203.505539
1.5562,	212.863037
1.556293,	206.568329
1.556387,	234.698074
1.556481,	231.530624
1.556575,	209.594543
1.556669,	262.731964
1.556763,	215.779984
1.556857,	193.857315
1.556951,	215.708893
1.557045,	231.301865
1.557139,	221.888199
1.557233,	212.477615
1.557327,	231.187546
1.557421,	253.014938
1.557515,	243.603867
1.55761,	215.46022
1.557704,	237.279404
1.557798,	230.997131
1.557892,	209.111588
1.557986,	224.679886
1.55808,	156.001984
1.558174,	224.605835
1.558269,	249.520905
1.558363,	183.991333
1.558457,	180.843033
1.558551,	187.048157
1.558646,	202.602097
1.55874,	196.335815
1.558834,	239.926437
1.558928,	227.425232
1.559023,	227.387741
1.559117,	255.37973
1.559212,	249.109879
1.559306,	242.842087
1.5594,	245.914902
1.559495,	270.77301
1.559589,	248.945633
1.559684,	273.795044
1.559778,	227.087982
1.559873,	233.271088
1.559967,	267.440063
1.560062,	270.505219
1.560156,	242.481934
1.560251,	273.524231
1.560345,	229.971085
1.56044,	236.147568
1.560534,	214.361771
1.560629,	239.175842
1.560724,	201.868378
1.560818,	220.466019
1.560913,	211.115723
1.561008,	226.601547
1.561102,	220.356918
1.561197,	235.836105
1.561292,	242.00238
1.561386,	235.758286
1.561481,	238.820969
1.561576,	244.983673
1.561671,	235.641617
1.561765,	257.302979
1.56186,	282.056732
1.561955,	251.02005
1.56205,	269.569641
1.562145,	257.133179
1.56224,	288.065552
1.562335,	272.533173
1.562429,	226.041336
1.562524,	229.099976
1.562619,	294.066284
1.562714,	250.688812
1.562809,	250.64743
1.562904,	278.451172
1.562999,	247.471298
1.563094,	256.709076
1.563189,	269.036194
1.563284,	268.99176
1.563379,	247.307922
1.563474,	265.812134
1.563569,	293.581207
1.563664,	265.724365
1.56376,	265.680481
1.563855,	296.524597
1.56395,	284.122467
1.564045,	336.56778
1.56414,	290.203186
1.564235,	280.894989
1.564331,	253.072357
1.564426,	290.059418
1.564521,	268.414917
1.564616,	259.116425
1.564712,	268.326263
1.564807,	299.118958
1.564902,	271.320831
1.564998,	265.110626
1.565093,	283.559875
1.565188,	283.513031
1.565284,	274.222748
1.565379,	231.048401
1.565474,	264.891724
1.56557,	249.449829
1.565665,	289.437164
1.565761,	298.625183
1.565856,	326.278748
1.565952,	289.293732
1.566047,	323.093842
1.566143,	310.734161
1.566238,	298.37854
1.566334,	270.6492
1.566429,	264.454376
1.566525,	282.85791
1.56662,	304.329407
1.566716,	279.690887
1.566812,	301.155792
1.566907,	301.106018
1.567003,	264.19223
1.567099,	276.43454
1.567194,	279.459808
1.56729,	322.40033
1.567386,	297.787262
1.567481,	257.834991
1.567577,	291.550903
1.567673,	297.639587
1.567769,	273.046844
1.567864,	300.608612
1.56796,	260.688843
1.568056,	328.106995
1.568152,	346.448212
1.568248,	349.456329
1.568344,	309.554871
1.56844,	303.374878
1.568535,	324.771912
1.568631,	352.288605
1.568727,	339.978851
1.568823,	309.298981
1.568919,	269.443634
1.569015,	355.116974
1.569111,	318.328064
1.569207,	284.611664
1.569303,	299.863739
1.569399,	312.051453
1.569495,	287.529266
1.569592,	318.06485
1.569688,	318.012238
1.569784,	308.78772
1.56988,	308.736603
1.569976,	348.417328
1.570072,	354.471252
1.570168,	329.970367
1.570264,	302.422791
1.570361,	351.241058
1.570457,	375.613037
1.570553,	390.8172
1.57065,	351.066711
1.570746,	366.269836
1.570842,	344.847015
1.570938,	356.994904
1.571035,	335.580688
1.571131,	393.479492
1.571227,	311.071808
1.571324,	317.118744
1.57142,	335.358551
1.571516,	353.592285
1.571613,	359.62915
1.571709,	353.47522
1.571806,	365.603485
1.571902,	313.75769
1.571999,	335.025574
1.572095,	405.009277
1.572192,	380.584808
1.572288,	377.4776
1.572385,	423.07016
1.572481,	429.086426
1.572578,	395.546082
1.572675,	383.311951
1.572771,	425.831635
1.572868,	431.843414
1.572964,	425.690582
1.573061,	410.419373
1.573158,	401.232483
1.573254,	364.696381
1.573351,	449.717682
1.573448,	373.689941
1.573545,	376.66568
1.573641,	425.197235
1.573738,	388.687378
1.573835,	412.911896
1.573932,	388.558594
1.574028,	446.161316
1.574125,	382.360626
1.574222,	379.263153
1.574319,	406.502747
1.574416,	418.56778
1.574513,	379.074646
1.57461,	375.979736
1.574707,	406.233368
1.574804,	439.508026
1.574901,	415.190491
1.574997,	381.790741
1.575094,	412.023285
1.575191,	411.954987
1.575289,	366.458038
1.575385,	445.127289
1.575483,	375.419281
1.57558,	372.329987
1.575677,	372.26825
1.575774,	402.467224
1.575871,	375.17041
1.575968,	329.732208
1.576065,	402.26709
1.576162,	441.513214
1.57626,	393.063019
1.576357,	377.882538
1.576454,	395.955231
1.576551,	438.198395
1.576648,	407.910156
1.576746,	422.947784
1.576843,	401.733765
1.57694,	449.988007
1.577038,	465.011139
1.577135,	425.68634
1.577232,	467.875427
1.57733,	452.707581
1.577427,	422.457001
1.577524,	416.352814
1.577622,	404.21756
1.577719,	413.198639
1.577817,	431.223389
1.577914,	397.986328
1.578012,	379.833008
1.578109,	358.671661
1.578207,	370.666321
1.578304,	403.748352
1.578402,	397.65625
1.578499,	373.493896
1.578597,	445.709076
1.578694,	475.745575
1.578792,	397.392365
1.57889,	439.467102
1.578987,	472.499207
1.579085,	433.303162
1.579183,	487.385132
1.57928,	427.143219
1.579378,	430.079865
1.579476,	420.987335
1.579574,	453.989532
1.579671,	465.938385
1.579769,	444.822144
1.579867,	456.768524
1.579965,	471.715485
1.580062,	396.535706
1.58016,	399.47345
1.580258,	375.382629
1.580356,	411.351044
1.580454,	462.31781
1.580552,	483.252014
1.58065,	492.174957
1.580748,	543.102905
1.580846,	462.010803
1.580943,	449.935791
1.581041,	461.857361
1.581139,	458.782074
1.581237,	452.709717
1.581336,	458.6297
1.581434,	503.509735
1.581532,	497.432922
1.58163,	440.424683
1.581728,	446.342682
1.581826,	482.209625
1.581924,	467.156555
1.582022,	467.078949
1.58212,	464.007751
1.582219,	490.868561
1.582317,	544.65387
1.582415,	487.713348
1.582513,	475.665863
1.582611,	505.497955
1.58271,	475.507782
1.582808,	538.221252
1.582906,	526.17334
1.583004,	549.99884
1.583103,	594.736877
1.583201,	585.673645
1.5833,	651.30426
1.583398,	588.466125
1.583496,	606.288147
1.583595,	594.242798
1.583693,	600.115295
1.583791,	605.98584
1.58389,	596.931091
1.583988,	569.974426
1.584087,	519.15741
1.584185,	587.68396
1.584284,	527.9328
1.584382,	584.506348
1.584481,	566.519104
1.584579,	599.217896
1.584678,	575.272766
1.584777,	628.820557
1.584875,	640.634766
1.584974,	643.507446
1.585073,	640.421692
1.585171,	631.380554
1.58527,	711.673828
1.585369,	625.216125
1.585467,	714.413818
1.585566,	693.461426
1.585665,	714.176208
1.585764,	603.973511
1.585863,	716.91333
1.585961,	654.334839
1.58606,	672.068481
1.586159,	668.983459
1.586258,	627.253418
1.586357,	650.927185
1.586455,	659.734253
1.586554,	736.877747
1.586653,	632.777588
1.586752,	632.672302
1.586851,	585.050232
1.58695,	665.124084
1.587049,	590.793152
1.587148,	617.409668
1.587247,	614.339111
1.587346,	676.55072
1.587445,	599.300415
1.587544,	688.190857
1.587643,	688.076294
1.587742,	673.13501
1.587842,	702.671509
1.587941,	625.481079
1.58804,	643.160156
1.588139,	619.346069
1.588238,	595.539856
1.588337,	645.801331
1.588436,	627.922424
1.588536,	624.856506
1.588635,	601.065125
1.588734,	645.371338
1.588833,	642.303894
1.588933,	583.008301
1.589032,	574.034363
1.589131,	618.315491
1.589231,	656.665894
1.58933,	680.216248
1.589429,	644.619324
1.589529,	659.294312
1.589628,	721.260132
1.589728,	641.341736
1.589827,	697.379883
1.589927,	652.946106
1.590026,	626.25116
1.590126,	688.170837
1.590225,	676.244019
1.590325,	652.511047
1.590424,	646.49823
1.590524,	655.245178
1.590623,	693.499817
1.590723,	699.2854
1.590822,	672.618164
1.590922,	616.463867
1.591022,	613.412048
1.591121,	654.590271
1.591221,	657.42926
1.591321,	669.110229
1.59142,	713.205627
1.59152,	724.873291
1.59162,	771.890869
1.59172,	748.196899
1.591819,	798.140015
1.591919,	798.006958
1.592019,	747.822754
1.592119,	815.403076
1.592219,	856.471924
1.592319,	753.334229
1.592418,	803.226379
1.592518,	858.985291
1.592618,	823.54718
1.592718,	843.995117
1.592818,	802.690735
1.592918,	887.810181
1.593018,	917.054871
1.593118,	852.248596
1.593218,	902.057495
1.593318,	898.969238
1.593418,	939.941772
1.593518,	913.353516
1.593618,	927.882874
1.593718,	998.188416
1.593818,	986.280457
1.593918,	1109.380371
1.594019,	1097.457764
1.594119,	1103.142456
1.594219,	1020.823242
1.594319,	982.525085
1.594419,	1014.617737
1.594519,	938.218201
1.59462,	932.198792
1.59472,	891.009888
1.59482,	864.487
1.594921,	914.152283
1.595021,	884.704895
1.595121,	784.971313
1.595222,	855.124512
1.595322,	796.421387
1.595422,	787.505859
1.595523,	822.498901
1.595623,	889.672302
1.595724,	889.523804
1.595824,	944.961243
1.595924,	912.627502
1.596025,	889.078369
1.596125,	891.854065
1.596226,	842.00354
1.596326,	891.556213
1.596427,	984.932068
1.596527,	885.414185
1.596628,	905.718018
1.596729,	943.542175
1.596829,	931.701843
1.59693,	887.743103
1.597031,	910.952576
1.597131,	902.042725
1.597232,	875.623413
1.597332,	910.496216
1.597433,	916.179688
1.597534,	904.357483
1.597635,	825.452942
1.597736,	953.632568
1.597836,	927.230896
1.597937,	967.890625
1.598038,	926.921082
1.598139,	950.081116
1.59824,	996.544312
1.59834,	993.464417
1.598441,	1013.688721
1.598542,	1048.468262
1.598643,	1010.437988
1.598744,	1091.789429
1.598845,	998.456482
1.598946,	1015.752441
1.599047,	986.482849
1.599148,	992.136963
1.599249,	989.062134
1.59935,	994.713867
1.599451,	985.823486
1.599552,	974.028503
1.599653,	936.073853
1.599754,	973.70282
1.599855,	1011.319214
1.599956,	1011.150146
1.600058,	1074.893677
1.600159,	1089.237061
1.60026,	1094.863281
1.600361,	1065.643555
1.600462,	1123.528931
1.600564,	1126.243774
1.600665,	1105.73999
1.600766,	1128.768799
1.600867,	1061.851562
1.600969,	1145.795776
1.60107,	1177.506958
1.601171,	1090.31665
1.601273,	1087.234985
1.601374,	1087.053101
1.601475,	1092.667969
1.601577,	1098.280884
1.601678,	1109.686523
1.60178,	1095.016479
1.601881,	1144.071899
1.601983,	1080.170654
1.602084,	1100.257812
1.602186,	1166.657104
1.602287,	1166.461914
1.602389,	1160.47876
1.60249,	1163.178101
1.602592,	1215.057251
1.602693,	1211.961426
1.602795,	1286.951294
1.602897,	1231.796631
1.602998,	1295.193726
1.6031,	1271.852295
1.603202,	1280.309692
1.603303,	1184.738403
1.603405,	1198.985718
1.603507,	1161.232666
1.603608,	1244.7948
1.60371,	1155.068604
1.603812,	1203.957397
1.603914,	1238.39624
1.604016,	1284.368408
1.604117,	1180.266846
1.604219,	1151.216675
1.604321,	1246.221313
1.604423,	1165.252563
1.604525,	1176.592651
1.604627,	1311.911743
1.604729,	1279.980835
1.604831,	1366.237061
1.604933,	1259.378906
1.605035,	1345.609741
1.605137,	1325.218018
1.605239,	1394.126221
1.605341,	1431.331909
1.605443,	1287.119141
1.605545,	1330.088135
1.605647,	1303.958862
1.605749,	1231.790039
1.605851,	1266.114014
1.605953,	1274.533081
1.606055,	1259.936646
1.606158,	1282.734253
1.60626,	1279.643677
1.606362,	1331.181396
1.606464,	1368.328735
1.606566,	1345.106079
1.606669,	1373.617432
1.606771,	1350.401611
1.606873,	1488.065552
1.606976,	1456.221558
1.607078,	1444.490479
1.60718,	1524.643921
1.607282,	1446.877075
1.607385,	1492.559448
1.607487,	1515.267822
1.60759,	1449.018799
1.607692,	1425.824951
1.607795,	1442.796265
1.607897,	1445.422241
1.607999,	1376.361694
1.608102,	1376.130981
1.608204,	1464.760376
1.608307,	1424.391113
1.60841,	1538.772095
1.608512,	1395.263184
1.608615,	1495.287964
1.608717,	1549.454224
1.60882,	1577.830078
1.608923,	1554.660645
1.609025,	1686.0802
1.609128,	1594.209106
1.609231,	1702.684448
1.609333,	1791.095215
1.609436,	1556.217773
1.609539,	1698.967529
1.609641,	1635.768311
1.609744,	1686.960449
1.609847,	1615.208008
1.60995,	1714.977295
1.610053,	1648.959717
1.610155,	1654.397705
1.610258,	1654.119995
1.610361,	1690.975342
1.610464,	1733.530029
1.610567,	1639.010254
1.61067,	1710.108643
1.610773,	1843.981201
1.610876,	1732.366455
1.610979,	1877.604248
1.611082,	1951.467651
1.611185,	1902.646851
1.611288,	1927.995972
1.611391,	1987.555664
1.611494,	1967.26416
1.611597,	2072.407227
1.6117,	2089.160156
1.611803,	1980.521851
1.611906,	2071.363525
1.61201,	1977.008057
1.612113,	2124.78418
1.612216,	2084.558838
1.612319,	2050.041504
1.612422,	1995.60791
1.612526,	2106.279297
1.612629,	2131.538086
1.612732,	2119.798584
1.612835,	2201.944336
1.612939,	2303.973389
1.613042,	2394.592041
1.613145,	2405.563721
1.613249,	2498.977783
1.613352,	2526.98291
1.613455,	2611.819092
1.613559,	2665.369629
1.613662,	2775.723389
1.613766,	2815.025391
1.613869,	2828.75293
1.613973,	2802.720703
1.614076,	2873.22876
1.61418,	3040.228027
1.614283,	3008.496826
1.614387,	2914.346191
1.61449,	3098.277588
1.614594,	3370.087158
1.614697,	3176.652588
1.614801,	3462.536377
1.614905,	3487.472412
1.615008,	3744.858887
1.615112,	4061.681152
1.615216,	4205.527832
1.615319,	4289.82373
1.615423,	4583.730469
1.615527,	4781.233887
1.615631,	5032.478516
1.615734,	5176.040527
1.615838,	5333.708984
1.615942,	5400.746094
1.616046,	5289.463867
1.61615,	5186.70752
1.616254,	5157.543945
1.616357,	5224.564453
1.616461,	5150.152344
1.616565,	4957.000977
1.616669,	4515.116211
1.616773,	4440.86084
1.616877,	4072.695068
1.616981,	3981.583496
1.617085,	3658.824219
1.617189,	3666.683105
1.617293,	3425.992676
1.617397,	3501.661865
1.617501,	3362.723877
1.617605,	3333.928467
1.61771,	3158.372559
1.617814,	3225.56958
1.617918,	3064.19873
1.618022,	3055.219727
1.618126,	2989.831787
1.61823,	2907.545166
1.618335,	2957.809326
1.618439,	2937.577393
1.618543,	2669.306641
1.618647,	2744.949219
1.618752,	2699.403076
1.618856,	2820.091553
1.61896,	2732.295898
1.619065,	2610.733887
1.619169,	2762.350342
1.619273,	2688.685303
1.619378,	2767.050049
1.619482,	2887.604492
1.619586,	2884.304199
1.619691,	2911.953369
1.619795,	2897.397949
1.6199,	2874.409668
1.620004,	2941.415039
1.620109,	2926.861816
1.620213,	2816.735352
1.620318,	2625.137451
1.620423,	2725.861084
1.620527,	2596.156006
1.620632,	2581.672607
1.620736,	2477.314209
1.620841,	2401.073486
1.620946,	2352.936279
1.62105,	2447.989014
1.621155,	2346.529785
1.62126,	2334.908691
1.621364,	2354.156738
1.621469,	2334.12207
1.621574,	2496.416504
1.621679,	2397.838623
1.621783,	2582.499512
1.621888,	2540.01123
1.621993,	2718.979736
1.622098,	2794.19165
1.622203,	2619.98877
1.622308,	2776.439697
1.622413,	2809.585938
1.622517,	2831.517822
1.622622,	2677.027588
1.622727,	2752.169922
1.622832,	2670.526367
1.622937,	2639.289062
1.623042,	2619.255615
1.623147,	2688.760742
1.623252,	2559.626709
1.623358,	2581.570557
1.623463,	2651.046875
1.623568,	2726.091553
1.623673,	2750.791504
1.623778,	2786.663086
1.623883,	2937.100098
1.623988,	3000.869141
1.624093,	2989.188477
1.624199,	3150.687744
1.624304,	3102.68042
1.624409,	3121.702637
1.624514,	3188.177979
1.624619,	2950.381348
1.624725,	3086.633057
1.62483,	3086.112305
1.624936,	3066.0625
1.625041,	2937.233154
1.625146,	2942.315186
1.625252,	3003.164795
1.625357,	2952.474121
1.625462,	3018.876221
1.625568,	2929.181396
1.625673,	3062.442383
1.625779,	3159.439209
1.625884,	3108.764404
1.62599,	3247.497803
1.626095,	3233.026123
1.626201,	3421.807373
1.626306,	3387.824707
1.626412,	3495.800781
1.626518,	3595.391602
1.626623,	3525.226074
1.626729,	3630.342041
1.626834,	3485.096191
1.62694,	3487.288574
1.627046,	3514.504395
1.627151,	3335.991211
1.627257,	3296.514648
1.627363,	3373.77124
1.627469,	3239.829346
1.627574,	3383.744141
1.62768,	3366.506836
1.627786,	3432.590332
1.627892,	3418.126953
1.627998,	3536.927979
1.628104,	3552.985107
1.628209,	3791.060547
1.628315,	3890.313965
1.628421,	3845.26709
1.628527,	4080.398193
1.628633,	3977.092041
1.628739,	4178.845703
1.628845,	4172.594727
1.628951,	4146.941406
1.629057,	4046.464844
1.629163,	4034.696777
1.629269,	3995.226074
1.629375,	4116.4375
1.629481,	4104.663086
1.629588,	4018.123535
1.629694,	3950.994629
1.6298,	4044.447998
1.629906,	4104.65625
1.630012,	4258.933105
1.630118,	4421.458496
1.630224,	4429.010254
1.630331,	4768.471191
1.630437,	4742.775879
1.630543,	4772.388672
1.63065,	4940.218262
1.630756,	4925.5625
1.630862,	4747.859375
1.630969,	4738.76709
1.631075,	4754.541504
1.631181,	4684.682617
1.631288,	4595.514648
1.631394,	4418.01709
1.631501,	4370.335938
1.631607,	4333.712402
1.631713,	4233.624512
1.63182,	4139.088867
1.631927,	3939.746094
1.632033,	3941.837891
1.63214,	4092.860596
1.632246,	4152.833496
1.632353,	4356.15332
1.632459,	4322.337402
1.632566,	4420.826172
1.632673,	4453.145996
1.632779,	4455.147461
1.632886,	4589.375488
1.632993,	4566.564453
1.633099,	4711.742676
1.633206,	4625.591797
1.633313,	4679.866211
1.633419,	4676.321777
1.633526,	4499.406738
1.633633,	4438.112793
1.63374,	4473.124512
1.633847,	4436.609863
1.633954,	4364.356934
1.63406,	4437.857422
1.634167,	4401.367188
1.634274,	4428.108887
1.634381,	4616.984863
1.634488,	4770.07666
1.634595,	4769.268555
1.634702,	4837.131348
1.634809,	4957.151367
1.634916,	5250.120605
1.635023,	5348.066406
1.63513,	5130.30957
1.635237,	5222.75293
1.635344,	5293.212891
1.635451,	5314.264648
1.635558,	5124.09082
1.635666,	5169.847656
1.635773,	5029.121582
1.63588,	4992.627441
1.635987,	4950.663086
1.636094,	4766.192871
1.636202,	4809.22998
1.636309,	4772.796875
1.636416,	4829.515137
1.636523,	4713.662109
1.636631,	5022.307617
1.636738,	5196.6875
1.636845,	5141.056152
1.636953,	5271.563477
1.63706,	5478.650391
1.637167,	5458.568848
1.637275,	5463.114746
1.637382,	5598.94873
1.63749,	5496.813965
1.637597,	5386.51123
1.637705,	5380.130371
1.637812,	5335.484863
1.63792,	5318.182617
1.638027,	5199.787109
1.638135,	5218.028809
1.638242,	5034.134277
1.63835,	5194.411133
1.638458,	5209.913574
1.638565,	5165.348145
1.638673,	5325.520508
1.638781,	5373.742676
1.638888,	5596.585449
1.638996,	5843.90625
1.639104,	5976.57666
1.639211,	6071.019043
1.639319,	6127.25293
1.639427,	6235.269043
1.639535,	6389.589355
1.639643,	6279.486328
1.63975,	6038.620117
1.639858,	6225.589355
1.639966,	6197.291992
1.640074,	6141.767578
1.640182,	6159.787598
1.64029,	5998.103027
1.640398,	5738.472656
1.640506,	5941.631836
1.640614,	5959.672363
1.640722,	5974.98584
1.64083,	5984.853027
1.640938,	6163.352051
1.641046,	6322.754395
1.641154,	6512.010742
1.641262,	6633.239746
1.64137,	6542.416992
1.641478,	6992.430664
1.641586,	6942.334473
1.641694,	6854.221191
1.641803,	6825.89502
1.641911,	6900.777344
1.642019,	6812.715332
1.642127,	6906.578125
1.642236,	6943.40625
1.642344,	6776.677734
1.642452,	6753.818848
1.642561,	6817.783691
1.642669,	6759.662109
1.642777,	6839.875977
1.642886,	7052.932617
1.642994,	6948.709961
1.643102,	7272.813477
1.643211,	7385.408203
1.643319,	7595.516113
1.643428,	7835.35498
1.643536,	7909.871582
1.643645,	8016.863281
1.643753,	8364.825195
1.643862,	8374.233398
1.64397,	8592.079102
1.644079,	8560.84668
1.644187,	8175.125
1.644296,	8417.243164
1.644405,	8375.234375
1.644513,	8138.5
1.644622,	8142.524902
1.644731,	8024.877441
1.644839,	8331.694336
1.644948,	8457.3125
1.645057,	8526.137695
1.645165,	8484.158203
1.645274,	8869.030273
1.645383,	8902.635742
1.645492,	9211.688477
1.645601,	9112.917969
1.645709,	9051.975586
1.645818,	9420.226562
1.645927,	9537.369141
1.646036,	9503.368164
1.646145,	9590.779297
1.646254,	9581.055664
1.646363,	9428.399414
1.646472,	9186.811523
1.646581,	8966.873047
1.64669,	8997.693359
1.646799,	8764.385742
1.646908,	8603.912109
1.647017,	8626.695312
1.647126,	8614.453125
1.647235,	8693.78418
1.647344,	8611.521484
1.647453,	8677.364258
1.647563,	8794.329102
1.647672,	8965.083008
1.647781,	9178.833008
1.64789,	8970.102539
1.648,	9191.848633
1.648109,	9053.115234
1.648218,	9019.304688
1.648327,	9071.541992
1.648437,	8736.660156
1.648546,	8667.979492
1.648655,	8368.214844
1.648765,	8415.152344
1.648874,	8400.288086
1.648983,	8200.099609
1.649093,	8206.759766
1.649202,	7998.617188
1.649312,	8316.71582
1.649421,	8242.828125
1.649531,	8423.911133
1.64964,	8524.4375
1.64975,	8619.5625
1.649859,	8899.731445
1.649969,	8946.488281
1.650078,	8864.523438
1.650188,	9136.463867
1.650298,	9118.824219
1.650407,	9074.391602
1.650517,	8914.753906
1.650627,	8915.913086
1.650736,	9018.859375
1.650846,	8679.875977
1.650956,	8654.297852
1.651066,	8580.537109
1.651175,	8710.237305
1.651285,	8724.810547
1.651395,	8792.896484
1.651505,	8679.030273
1.651615,	8682.900391
1.651725,	9018.407227
1.651834,	9179.986328
1.651944,	9263.975586
1.652054,	9444.168945
1.652164,	9463.94043
1.652274,	9432.932617
1.652384,	9468.728516
1.652494,	9173.270508
1.652604,	9313.260742
1.652714,	8868.386719
1.652824,	9005.711914
1.652934,	8486.294922
1.653044,	8647.65918
1.653155,	7965.697266
1.653265,	7993.687988
1.653375,	7832.26416
1.653485,	7625.553223
1.653595,	7632.252441
1.653705,	7532.297363
1.653816,	7608.321777
1.653926,	7511.069336
1.654036,	7659.024414
1.654146,	7628.408203
1.654257,	7600.466309
1.654367,	7886.834961
1.654477,	7661.787109
1.654588,	7681.78125
1.654698,	7653.848145
1.654809,	7431.616211
1.654919,	7382.444336
1.655029,	7253.463379
1.65514,	7010.129883
1.65525,	7107.351074
1.655361,	6813.594238
1.655471,	6799.13623
1.655582,	6758.09668
1.655692,	6483.15625
1.655803,	6835.519043
1.655913,	6924.697266
1.656024,	7027.128418
1.656135,	7368.591797
1.656245,	7231.885254
1.656356,	7405.90625
1.656467,	7484.290039
1.656577,	7875.876465
1.656688,	7749.791504
1.656799,	7936.87207
1.65691,	7826.738281
1.65702,	8040.268066
1.657131,	7908.935547
1.657242,	7756.433105
1.657353,	7853.207031
1.657464,	7676.908203
1.657575,	7877.027832
1.657685,	7915.431152
1.657796,	7874.335938
1.657907,	8137.895996
1.658018,	8417.256836
1.658129,	8617.078125
1.65824,	8845.955078
1.658351,	9193.878906
1.658462,	9337.881836
1.658573,	9614.151367
1.658684,	9668.071289
1.658795,	9864.826172
1.658906,	10124.993164
1.659017,	9879.96582
1.659129,	9801.597656
1.65924,	9781.416992
1.659351,	9703.092773
1.659462,	9442.446289
1.659573,	9218.880859
1.659685,	9103.707031
1.659796,	9265.914062
1.659907,	8820.65625
1.660018,	8961.732422
1.66013,	9068.44043
1.660241,	9066.889648
1.660352,	9413.701172
1.660464,	9166.695312
1.660575,	9352.44043
1.660687,	9614.615234
1.660798,	9291.219727
1.660909,	9461.025391
1.661021,	9607.044922
1.661132,	9494.691406
1.661244,	9377.105469
1.661355,	9159.426758
1.661467,	9128.878906
1.661578,	9043.023438
1.66169,	8670.125
1.661802,	8644.942383
1.661913,	8611.869141
1.662025,	8578.806641
1.662136,	8695.773438
1.662248,	8483.769531
1.66236,	8495.472656
1.662472,	8933.318359
1.662583,	8773.984375
1.662695,	8988.112305
1.662807,	9173.246094
1.662919,	9363.573242
1.66303,	9459.216797
1.663142,	9273.648438
1.663254,	9419.194336
1.663366,	9323.011719
1.663478,	9035.126953
1.66359,	9104.483398
1.663702,	8669.701172
1.663813,	8599.962891
1.663925,	8228.408203
1.664037,	8009.186523
1.664149,	8047.171387
1.664261,	7988.079102
1.664373,	7766.387695
1.664485,	7862.087402
1.664598,	7713.908691
1.66471,	7817.44873
1.664822,	7905.226562
1.664934,	7945.802246
1.665046,	7897.277344
1.665158,	7940.459473
1.66527,	7766.225098
1.665383,	7762.275391
1.665495,	7708.57666
1.665607,	7369.539551
1.665719,	7190.286133
1.665832,	6848.835938
1.665944,	6837.195801
1.666056,	6668.589355
1.666169,	6609.900391
1.666281,	6394.315918
1.666393,	6406.293457
1.666506,	6169.902344
1.666618,	6406.710449
1.666731,	6314.140625
1.666843,	6537.777832
1.666955,	6439.991211
1.667068,	6564.269043
1.66718,	6591.871582
1.667293,	6629.90918
1.667405,	6701.874023
1.667518,	6651.12793
1.667631,	6704.794922
1.667743,	6539.25
1.667856,	6386.806641
1.667969,	6317.88916
1.668081,	6395.047852
1.668194,	6094.071289
1.668307,	6132.133789
1.668419,	5953.822266
1.668532,	6007.533203
1.668645,	5889.238281
1.668758,	5833.51416
1.66887,	5754.364258
1.668983,	5865.370605
1.669096,	5908.633301
1.669209,	5928.447754
1.669322,	5888.382812
1.669435,	5848.331055
1.669548,	5639.144531
1.669661,	5614.759766
1.669774,	5496.733398
1.669886,	5485.385742
1.669999,	5242.598145
1.670113,	5036.293945
1.670226,	4858.65625
1.670339,	4899.408203
1.670452,	4789.421387
1.670565,	4624.908203
1.670678,	4735.819824
1.670791,	4714.227539
1.670904,	4578.37793
1.671017,	4759.344727
1.671131,	4789.679688
1.671244,	4908.253906
1.671357,	4889.244629
1.67147,	5176.416016
1.671583,	5279.296387
1.671697,	5146.105469
1.67181,	5223.021973
1.671923,	5232.496094
1.672037,	5190.117676
1.67215,	5072.584961
1.672264,	4929.17627
1.672377,	5029.383301
1.67249,	5015.56543
1.672604,	4784.172363
1.672717,	5019.020996
1.672831,	4901.637695
1.672944,	4608.249023
1.673058,	4778.294922
1.673171,	4834.410156
1.673285,	4921.556152
1.673398,	5026.782227
1.673512,	4896.583984
1.673626,	4906.086914
1.673739,	5052.633301
1.673853,	5080.203125
1.673967,	4957.839355
1.67408,	5003.506836
1.674194,	4948.381836
1.674308,	4758.930664
1.674422,	4734.86377
1.674535,	4486.112305
1.674649,	4428.531738
1.674763,	4267.69873
1.674877,	4380.543945
1.674991,	4134.604492
1.675104,	4182.921875
1.675218,	4290.5625
1.675332,	4377.529785
1.675446,	4335.510742
1.67556,	4368.287598
1.675674,	4460.352051
1.675788,	4542.074219
1.675902,	4559.333984
1.676016,	4610.087402
1.67613,	4544.882324
1.676244,	4559.556152
1.676358,	4548.46875
1.676473,	4617.214355
1.676587,	4487.685059
1.676701,	4499.783691
1.676815,	4378.040527
1.676929,	4408.166992
1.677043,	4286.480957
1.677158,	4368.062012
1.677272,	4323.584961
1.677386,	4394.845215
1.6775,	4545.785645
1.677615,	4663.255371
1.677729,	4760.12207
1.677843,	4808.128906
1.677958,	4817.578125
1.678072,	5029.969727
1.678187,	5219.171387
1.678301,	5182.319824
1.678415,	5204.535156
1.67853,	5134.325195
1.678644,	5331.078125
1.678759,	5070.96582
1.678873,	5034.169922
1.678988,	5159.006836
1.679102,	5371.008789
1.679217,	5339.309082
1.679332,	5484.541016
1.679446,	5457.959473
1.679561,	5639.004883
1.679676,	5819.987793
1.67979,	5931.725586
1.679905,	5848.723633
1.68002,	6190.945312
1.680134,	6512.561035
1.680249,	6575.45166
1.680364,	6776.56543
1.680479,	7159.344238
1.680593,	7078.774414
1.680708,	6660.474609
1.680823,	6687.467773
1.680938,	6287.28418
1.681053,	6053.472656
1.681168,	5704.675781
1.681283,	5514.506348
1.681398,	5094.351074
1.681513,	4955.46582
1.681628,	4877.953613
1.681743,	4728.934082
1.681858,	4763.878906
1.681973,	4809.027832
1.682088,	4752.021484
1.682203,	4853.323242
1.682318,	4908.643066
1.682433,	4741.905762
1.682549,	4817.638672
1.682664,	4849.974121
1.682779,	4673.129395
1.682894,	4631.516602
1.683009,	4589.917969
1.683124,	4663.062012
1.68324,	4483.821777
1.683355,	4391.296875
1.68347,	4451.695312
1.683586,	4354.112305
1.683701,	4432.327148
1.683816,	4413.733887
1.683932,	4410.425781
1.684047,	4531.871582
1.684163,	4599.819336
1.684278,	4632.111328
1.684394,	4560.060547
1.684509,	4444.782715
1.684625,	4515.241211
1.68474,	4384.75
1.684856,	4386.535645
1.684971,	4164.582031
1.685087,	4128.274414
1.685203,	4135.186035
1.685318,	4007.413574
1.685434,	3841.574219
1.685549,	3729.137939
1.685665,	3802.14917
1.685781,	3699.915771
1.685897,	3686.581787
1.686012,	3721.484131
1.686128,	3766.526611
1.686244,	3806.478027
1.68636,	3833.729736
1.686476,	3701.154785
1.686591,	3725.878418
1.686707,	3854.565186
1.686823,	3851.363525
1.686939,	3807.602295
1.687055,	3761.321533
1.687171,	3628.895752
1.687287,	3461.043701
1.687403,	3607.375
1.687519,	3518.102051
1.687635,	3413.665771
1.687751,	3357.372314
1.687867,	3392.233154
1.687983,	3297.996338
1.688099,	3527.714355
1.688215,	3289.265137
1.688332,	3407.595215
1.688448,	3571.412354
1.688564,	3527.803223
1.68868,	3689.01416
1.688797,	3738.936279
1.688913,	3735.761719
1.689029,	3775.549805
1.689145,	3782.476562
1.689262,	3933.398193
1.689378,	3816.529297
1.689494,	3714.853271
1.689611,	3736.935059
1.689727,	3632.782959
1.689844,	3561.47998
1.68996,	3848.559082
1.690076,	3721.732666
1.690193,	3857.318115
1.690309,	3965.11084
1.690426,	3911.4646
1.690542,	4130.154785
1.690659,	4217.675293
1.690776,	4206.862793
1.690892,	4233.856445
1.691009,	4301.155273
1.691125,	4423.855469
1.691242,	4413.01416
1.691359,	4308.995117
1.691475,	4295.65918
1.691592,	4237.011719
1.691709,	4218.658203
1.691826,	4149.977539
1.691942,	4169.388672
1.692059,	4063.003174
1.692176,	4110.09082
1.692293,	4194.88623
1.69241,	4241.93457
1.692527,	4329.191406
1.692644,	4466.689941
1.69276,	4548.851074
1.692877,	4736.518555
1.692994,	4718.111328
1.693111,	4910.708008
1.693228,	4791.819336
1.693345,	4773.412109
1.693462,	4591.82373
1.69358,	4603.578613
1.693697,	4597.76123
1.693814,	4358.584473
1.693931,	4249.949707
1.694048,	4146.368652
1.694165,	4113.046387
1.694282,	3946.837158
1.694399,	3903.532227
1.694517,	3920.4021
1.694634,	3889.647705
1.694751,	3924.053955
1.694869,	3885.793213
1.694986,	3957.761963
1.695103,	3851.887451
1.69522,	3848.715332
1.695338,	3895.616211
1.695455,	3784.800781
1.695573,	3779.138916
1.69569,	3593.3125
1.695807,	3445.078613
1.695925,	3441.979492
1.696043,	3198.784912
1.69616,	3160.721191
1.696277,	3140.171875
1.696395,	3062.135986
1.696513,	3104.092285
1.69663,	3013.595459
1.696748,	3137.992676
1.696865,	3007.553711
1.696983,	3066.972412
1.697101,	3056.45166
1.697219,	3120.834473
1.697336,	3172.713623
1.697454,	3227.070557
1.697572,	3104.237305
1.69769,	3161.081787
1.697807,	3195.455811
1.697925,	3020.316406
1.698043,	2992.361816
1.698161,	3016.77417
1.698279,	2929.003418
1.698397,	2903.571533
1.698515,	2810.866699
1.698632,	2917.511719
1.69875,	2897.07666
1.698868,	2911.51709
1.698986,	2940.893555
1.699104,	3032.50293
1.699223,	3089.230225
1.699341,	3178.292969
1.699459,	3140.414062
1.699577,	3207.044678
1.699695,	3223.900635
1.699813,	3240.750244
1.699931,	3185.479492
1.700049,	3092.933594
1.700168,	3017.820557
1.700286,	3121.683594
1.700404,	3091.321045
1.700522,	3053.515625
1.700641,	3177.190918
1.700759,	3032.584473
1.700877,	3059.373291
1.700996,	3235.121826
1.701114,	3244.489014
1.701232,	3214.141357
1.701351,	3188.767334
1.701469,	3267.60791
1.701588,	3485.338379
1.701706,	3492.173096
1.701825,	3456.848389
1.701943,	3535.587158
1.702062,	3530.014404
1.70218,	3353.426025
1.702299,	3266.110107
1.702417,	3206.078369
1.702536,	3267.450928
1.702655,	3279.266602
1.702773,	3149.925537
1.702892,	3109.762695
1.703011,	3230.520752
1.703129,	3200.257812
1.703248,	3221.972656
1.703367,	3298.112305
1.703486,	3361.856445
1.703604,	3549.245361
1.703723,	3494.223633
1.703842,	3590.042236
1.703961,	3544.92041
1.70408,	3643.168213
1.704199,	3590.638916
1.704318,	3552.952393
1.704437,	3522.689941
1.704556,	3475.148438
1.704675,	3370.825684
1.704794,	3352.955566
1.704913,	3352.371826
1.705032,	3245.65625
1.705151,	3336.397705
1.70527,	3325.94751
1.705389,	3224.225586
1.705508,	3290.258545
1.705627,	3363.666504
1.705747,	3375.408447
1.705866,	3320.58667
1.705985,	3450.639648
1.706104,	3440.181152
1.706223,	3341.026611
1.706343,	3131.050781
1.706462,	3118.190186
1.706581,	3107.796387
1.706701,	2932.440918
1.70682,	2798.996094
1.706939,	2670.520264
1.707059,	2719.272461
1.707178,	2642.524414
1.707298,	2585.483398
1.707417,	2572.734863
1.707537,	2488.674805
1.707656,	2544.791748
1.707776,	2549.264893
1.707895,	2605.351562
1.708015,	2627.014404
1.708134,	2565.130859
1.708254,	2498.355469
1.708374,	2431.603516
1.708493,	2389.431885
1.708613,	2357.096191
1.708733,	2290.40332
1.708852,	2302.276123
1.708972,	2220.891846
1.709092,	2156.710938
1.709212,	2058.208008
1.709332,	2141.241943
1.709451,	2118.797607
1.709571,	2098.812988
1.709691,	2103.349609
1.709811,	2164.258545
1.709931,	2127.121826
1.710051,	2190.455078
1.710171,	2217.02002
1.710291,	2192.140137
1.710411,	2226.041992
1.710531,	2113.02417
1.710651,	2066.142578
1.710771,	2048.648682
1.710891,	1974.875732
1.711011,	1986.764648
1.711131,	1917.920654
1.711251,	1839.317017
1.711371,	1885.459961
1.711492,	1870.460449
1.711612,	1933.69397
1.711732,	1972.463379
1.711852,	1901.249756
1.711972,	1927.794434
1.712093,	1925.014893
1.712213,	2010.165649
1.712333,	2041.561401
1.712454,	1970.397461
1.712574,	2133.614014
1.712695,	2062.45874
1.712815,	1998.649292
1.712935,	1966.581055
1.713056,	1990.632446
1.713176,	1975.650269
1.713297,	1926.532104
1.713417,	1823.790161
1.713538,	1825.90918
1.713658,	1901.14856
1.713779,	1942.244385
1.7139,	1902.920654
1.71402,	1953.745972
1.714141,	1970.454224
1.714262,	1996.897461
1.714382,	2076.897217
1.714503,	2120.353271
1.714624,	2200.303223
1.714744,	2282.658936
1.714865,	2369.851807
1.714986,	2313.48584
1.715107,	2279.029541
1.715228,	2310.244873
1.715348,	2251.487061
1.715469,	2311.86792
1.71559,	2340.630371
1.715711,	2420.415527
1.715832,	2332.522461
1.715953,	2363.695312
1.716074,	2511.442383
1.716195,	2547.429443
1.716316,	2716.94458
1.716437,	2859.697021
1.716558,	2866.478027
1.716679,	3001.873779
1.7168,	3139.648438
1.716921,	3257.967529
1.717043,	3276.801025
1.717164,	3407.179688
1.717285,	3290.201904
1.717406,	3270.232422
1.717527,	3499.917969
1.717649,	3523.538818
1.71777,	3559.265625
1.717891,	3604.669922
1.718013,	3623.415527
1.718134,	3760.814941
1.718255,	3890.902344
1.718377,	4301.756836
1.718498,	4492.212891
1.71862,	4784.240234
1.718741,	4868.085938
1.718862,	5176.878418
1.718984,	5475.887695
1.719105,	5578.913574
1.719227,	5660.142578
1.719348,	6050.771484
1.71947,	6170.560547
1.719592,	6140.480957
1.719713,	6158.734375
1.719835,	6399.226562
1.719957,	6579.252441
1.720078,	6831.660645
1.7202,	7026.033691
1.720322,	7345.867188
1.720443,	7537.667969
1.720565,	7825.928223
1.720687,	8229.899414
1.720809,	8595.130859
1.720931,	9061.53418
1.721053,	9392.730469
1.721174,	9632.19043
1.721296,	9910.135742
1.721418,	9807.168945
1.72154,	10181.37793
1.721662,	9916.97168
1.721784,	9679.155273
1.721906,	9785.841797
1.722028,	9471.072266
1.72215,	9450.150391
1.722272,	9296.835938
1.722394,	9088.216797
1.722516,	9462.023438
1.722638,	9299.163086
1.722761,	9518.84375
1.722883,	9509.958984
1.723005,	9710.288086
1.723127,	9648.476562
1.723249,	9420.818359
1.723372,	9500.883789
1.723494,	9170
1.723616,	9062.675781
1.723739,	8626.288086
1.723861,	8132.410156
1.723983,	7804.398926
1.724106,	7450.092285
1.724228,	7359.96582
1.724351,	6938.658203
1.724473,	6733.46875
1.724596,	6492.361816
1.724718,	6400.066895
1.72484,	6271.827637
1.724963,	6208.378906
1.725086,	6106.591309
1.725208,	6045.59082
1.725331,	5979.817383
1.725453,	5861.348633
1.725576,	5812.401855
1.725699,	5689.212891
1.725821,	5360.09375
1.725944,	5311.259766
1.726067,	5006.26416
1.72619,	4914.420898
1.726312,	4554.554688
1.726435,	4584.862793
1.726558,	4371.123535
1.726681,	4257.926758
1.726804,	4285.878906
1.726927,	4239.691895
1.72705,	4260.464355
1.727172,	4247.763672
1.727295,	4294.817383
1.727418,	4248.660645
1.727541,	4247.914062
1.727664,	4244.77832
1.727787,	4122.228516
1.72791,	4030.763916
1.728034,	3956.043701
1.728157,	3914.768311
1.72828,	3804.294922
1.728403,	3741.584473
1.728526,	3690.824707
1.728649,	3709.258789
1.728772,	3753.920654
1.728896,	3760.414307
1.729019,	3809.819336
1.729142,	3904.497314
1.729265,	3987.225342
1.729389,	4179.535645
1.729512,	4328.894043
1.729635,	4375.772949
1.729759,	4691.756348
1.729882,	4764.747559
1.730006,	4659.155762
1.730129,	4846.383301
1.730253,	4762.233398
1.730376,	4873.232422
1.7305,	4824.792969
1.730623,	4752.583496
1.730747,	4815.959961
1.73087,	5014.850586
1.730994,	5085.290527
1.731117,	5210.375977
1.731241,	5233.224609
1.731365,	5408.13916
1.731488,	5592.495117
1.731612,	5776.785645
1.731736,	6034.633301
1.73186,	6028.821777
1.731983,	6170.20459
1.732107,	6330.526367
1.732231,	6279.57373
1.732355,	6249.993652
1.732479,	6277.361816
1.732603,	6321.32373
1.732727,	6054.595703
1.73285,	6162.602051
1.732974,	6133.067383
1.733098,	6323.981934
1.733222,	6412.923828
1.733346,	6388.099609
1.73347,	6751.808594
1.733594,	6793.254395
1.733719,	6718.642578
1.733843,	6824.009766
1.733967,	6997.993652
1.734091,	7003.861328
1.734215,	7102.022461
1.734339,	6942.239746
1.734463,	6647.666992
1.734588,	6977.637207
1.734712,	6555.458008
1.734836,	6457.359375
1.73496,	6546.054688
1.735085,	6450.355469
1.735209,	6496.482422
1.735334,	6741.067871
1.735458,	6633.572266
1.735582,	6797.740234
1.735707,	6976.019043
1.735831,	7022.01123
1.735956,	7044.380371
1.73608,	7198.91748
1.736205,	7261.364746
1.736329,	7172.783691
1.736454,	7032.333984
1.736578,	6953.258301
1.736703,	6730.359375
1.736828,	6448.593262
1.736952,	6367.304199
1.737077,	6156.410156
1.737202,	5823.049316
1.737326,	5732.488281
1.737451,	5573.643555
1.737576,	5358.32666
1.737701,	5397.414062
1.737826,	5179.849609
1.73795,	5077.710449
1.738075,	5076.814453
1.7382,	4925.311035
1.738325,	4696.21875
1.73845,	4596.588867
1.738575,	4449.954102
1.7387,	4188.144531
1.738825,	4055.740234
1.73895,	3953.942139
1.739075,	3786.371094
1.7392,	3435.565918
1.739325,	3439.658203
1.73945,	3380.32373
1.739575,	3123.722412
1.7397,	3080.9021
1.739825,	3061.575195
1.73995,	3037.560059
1.740076,	3079.269531
1.740201,	2968.435791
1.740326,	2930.372559
1.740451,	2796.146484
1.740577,	2858.976562
1.740702,	2570.044922
1.740827,	2431.26416
1.740953,	2437.866699
1.741078,	2369.468994
1.741203,	2165.185303
1.741329,	2031.259521
1.741454,	2119.91333
1.74158,	1878.309448
1.741705,	1924.809692
1.741831,	1812.091675
1.741956,	1797.72644
1.742082,	1823.15271
1.742207,	1808.790649
1.742333,	1787.414795
1.742459,	1782.42041
1.742584,	1754.040527
1.74271,	1636.814941
1.742836,	1725.365479
1.742961,	1512.349609
1.743087,	1463.003662
1.743213,	1448.724976
1.743339,	1298.949341
1.743464,	1301.055298
1.74359,	1258.78772
1.743716,	1244.554932
1.743842,	1150.951294
1.743968,	1160.084351
1.744094,	1185.550415
1.74422,	1124.673584
1.744346,	1173.466064
1.744472,	1082.290039
1.744598,	1047.116821
1.744724,	997.965881
1.74485,	1067.727783
1.744976,	1034.906494
1.745102,	978.792297
1.745228,	918.037842
1.745354,	882.930786
1.74548,	892.09137
1.745606,	868.645325
1.745733,	796.311218
1.745859,	835.745911
1.745985,	809.994629
1.746111,	735.38208
1.746238,	779.460022
1.746364,	758.384949
1.74649,	767.55426
1.746617,	776.720337
1.746743,	734.731018
1.746869,	795.042664
1.746996,	718.200745
1.747122,	769.198486
1.747249,	704.005554
1.747375,	710.849915
1.747502,	661.94873
1.747628,	608.420471
1.747755,	617.599854
1.747881,	619.811768
1.748008,	559.356445
1.748135,	635.83606
1.748261,	575.399231
1.748388,	568.338013
1.748515,	621.58197
1.748641,	644.661011
1.748768,	535.576538
1.748895,	607.342773
1.749022,	551.610474
1.749148,	625.665588
1.749275,	562.999207
1.749402,	576.798096
1.749529,	535.006897
1.749656,	558.06842
1.749783,	574.175964
1.74991,	516.203735
1.750037,	513.797791
1.750164,	557.672485
1.750291,	471.970978
1.750418,	515.837524
1.750545,	513.433228
1.750672,	508.717407
1.750799,	582.609253
1.750926,	570.948181
1.751053,	600.891418
1.751181,	533.77417
1.751308,	570.644226
1.751435,	522.035278
1.751562,	547.346863
1.751689,	551.867859
1.751817,	498.670685
1.751944,	517.048157
1.752071,	484.646576
1.752199,	477.638214
1.752326,	475.246368
1.752453,	509.761169
1.752581,	495.833435
1.752708,	504.968536
1.752836,	479.519623
1.752963,	484.044403
1.753091,	502.394928
1.753218,	453.918457
1.753346,	490.697723
1.753473,	465.273865
1.753601,	481.311676
1.753729,	469.713562
1.753856,	465.025909
1.753984,	504.072144
1.754111,	506.283875
1.754239,	457.875397
1.754367,	508.404388
1.754495,	450.812439
1.754623,	455.331635
1.75475,	471.345428
1.754878,	425.284882
1.755006,	480.371552
1.755134,	503.266357
1.755262,	535.343445
1.75539,	500.790222
1.755517,	461.65567
1.755646,	518.983215
1.755774,	557.922546
1.755901,	511.911957
1.75603,	472.803162
1.756158,	541.561646
1.756286,	435.925476
1.756414,	465.669128
1.756542,	435.770416
1.75667,	440.279114
1.756798,	467.713348
1.756926,	492.84549
1.757055,	504.217285
1.757183,	511.002014
1.757311,	471.962708
1.757439,	522.27356
1.757568,	522.180603
1.757696,	515.218079
1.757824,	501.389679
1.757953,	531.057983
1.758081,	453.149872
1.758209,	475.951477
1.758338,	459.85202
1.758466,	482.644287
1.758595,	473.410309
1.758723,	439.027039
1.758852,	420.659332
1.758981,	427.441772
1.759109,	468.502472
1.759238,	454.709198
1.759366,	484.327545
1.759495,	507.082855
1.759624,	484.155029
1.759752,	449.818665
1.759881,	456.587341
1.76001,	493.026459
1.760139,	460.988922
1.760267,	488.287384
1.760396,	517.857422
1.760525,	476.708862
1.760654,	437.855469
1.760783,	435.497345
1.760911,	428.580688
1.76104,	439.900696
1.761169,	485.39975
1.761298,	483.03476
1.761427,	446.499695
1.761556,	448.697754
1.761685,	457.726746
1.761814,	510.012512
1.761944,	446.181366
1.762073,	498.4505
1.762202,	466.502899
1.762331,	477.795807
1.76246,	498.183899
1.762589,	438.96048
1.762718,	498.006226
1.762848,	445.624725
1.762977,	477.369873
1.763106,	447.738525
1.763236,	452.20343
1.763365,	481.658417
1.763494,	440.684265
1.763624,	449.690277
1.763753,	501.837463
1.763883,	479.044403
1.764012,	533.437683
1.764141,	508.377502
1.764271,	528.708984
1.7644,	471.896332
1.76453,	501.300354
1.76466,	505.746735
1.764789,	462.573608
1.764919,	498.764862
1.765048,	435.207977
1.765178,	462.325928
1.765308,	428.254883
1.765437,	446.302399
1.765567,	511.910309
1.765697,	471.054565
1.765827,	489.084686
1.765957,	507.108337
1.766086,	500.227356
1.766216,	500.138
1.766346,	502.31134
1.766476,	504.483887
1.766606,	522.488586
1.766736,	495.257843
1.766866,	420.55481
1.766996,	443.08609
1.767126,	467.869568
1.767256,	465.526123
1.767386,	454.145782
1.767516,	483.431976
1.767646,	453.983459
1.767776,	458.418762
1.767906,	487.688446
1.768036,	444.710419
1.768167,	446.887939
1.768297,	491.940186
1.768427,	518.926636
1.768557,	460.183105
1.768688,	444.313049
1.768818,	475.803497
1.768948,	471.209229
1.769078,	464.362427
1.769209,	477.802063
1.769339,	450.676056
1.76947,	470.872253
1.7696,	466.282867
1.769731,	454.938629
1.769861,	421.080719
1.769992,	448.021759
1.770122,	441.188721
1.770253,	434.358124
1.770383,	470.282928
1.770514,	445.451477
1.770645,	472.363983
1.770775,	481.275238
1.770906,	465.44928
1.771037,	454.125275
1.771167,	445.053009
1.771298,	447.220703
1.771429,	408.942688
1.77156,	456.046753
1.771691,	435.749908
1.771821,	460.374939
1.771952,	428.85788
1.772083,	523.068054
1.772214,	433.19339
1.772345,	498.195374
1.772476,	462.206635
1.772607,	468.853821
1.772738,	502.413605
1.772869,	479.898468
1.773,	482.054596
1.773131,	432.650574
1.773262,	434.814392
1.773393,	448.181946
1.773525,	452.582672
1.773656,	430.100525
1.773787,	452.420502
1.773918,	429.946381
1.774049,	425.391541
1.774181,	438.746307
1.774312,	420.762878
1.774443,	469.91684
1.774575,	445.222351
1.774706,	456.327026
1.774837,	485.319672
1.774969,	494.177063
1.7751,	409.13208
1.775232,	489.529297
1.775363,	417.924957
1.775495,	458.070862
1.775626,	460.222809
1.775758,	448.971832
1.775889,	426.558411
1.776021,	433.180573
1.776152,	446.497833
1.776284,	435.257294
1.776416,	497.666504
1.776548,	450.720154
1.776679,	486.333527
1.776811,	472.863342
1.776943,	497.309448
1.777074,	477.153046
1.777206,	479.296722
1.777338,	514.872864
1.77747,	470.210754
1.777602,	501.31958
1.777734,	503.457306
1.777866,	425.411865
1.777998,	398.612854
1.77813,	492.053802
1.778262,	463.026337
1.778394,	482.974396
1.778526,	442.832489
1.778658,	478.351196
1.77879,	482.714294
1.778922,	502.64444
1.779054,	442.514496
1.779186,	449.104919
1.779319,	515.710999
1.779451,	513.395935
1.779583,	453.307159
1.779715,	468.777588
1.779848,	450.923035
1.77998,	439.737518
1.780112,	432.99704
1.780245,	430.699127
1.780377,	410.64447
1.780509,	452.737396
1.780642,	421.5914
1.780774,	503.60025
1.780907,	450.275238
1.781039,	518.943176
1.781172,	481.155701
1.781304,	483.286133
1.781437,	512.013916
1.781569,	472.03183
1.781702,	463.084106
1.781835,	456.354919
1.781967,	411.974518
1.7821,	440.689209
1.782233,	433.96759
1.782365,	431.675842
1.782498,	447.091461
1.782631,	438.159363
1.782764,	469.055939
1.782897,	480.032227
1.783029,	464.463745
1.783162,	508.606873
1.783295,	512.937256
1.783428,	508.423889
1.783561,	501.701996
1.783694,	494.982513
1.783827,	494.893433
1.78396,	470.505951
1.784093,	507.966644
1.784226,	481.37738
1.784359,	461.420959
1.784492,	470.167328
1.784626,	476.703583
1.784759,	478.824341
1.784892,	483.150482
1.785025,	507.326965
1.785158,	478.565765
1.785292,	507.144287
1.785425,	480.598022
1.785558,	484.919861
1.785692,	489.240082
1.785825,	495.762146
1.785958,	489.063904
1.786092,	469.152466
1.786225,	495.494324
1.786359,	508.615875
1.786492,	486.510223
1.786626,	482.020538
1.786759,	420.31662
1.786893,	495.048157
1.787026,	481.760071
1.78716,	437.684814
1.787294,	457.397186
1.787427,	503.485962
1.787561,	485.809357
1.787695,	490.117462
1.787828,	505.411194
1.787962,	483.34967
1.788096,	503.032379
1.78823,	476.58667
1.788363,	452.346313
1.788497,	441.287476
1.788631,	493.889435
1.788765,	467.464355
1.788899,	419.106079
1.789033,	443.163147
1.789167,	458.437592
1.789301,	532.9198
1.789435,	482.391815
1.789569,	491.074005
1.789703,	526.055786
1.789837,	495.279846
1.789971,	519.292664
1.790105,	501.673309
1.790239,	501.582794
1.790374,	479.593048
1.790508,	483.885559
1.790642,	496.933044
1.790776,	453.068604
1.79091,	474.87027
1.791045,	476.972504
1.791179,	483.449066
1.791314,	503.046234
1.791448,	494.208374
1.791582,	507.237366
1.791717,	511.517731
1.791851,	487.384003
1.791986,	546.295959
1.79212,	502.501526
1.792255,	506.779572
1.792389,	500.136078
1.792524,	539.350647
1.792658,	484.672943
1.792793,	482.402588
1.792928,	486.680298
1.793062,	477.864258
1.793197,	464.688141
1.793332,	534.40387
1.793467,	460.158539
1.793601,	470.977661
1.793736,	536.294312
1.793871,	494.783783
1.794006,	509.949249
1.794141,	533.824707
1.794275,	518.478882
1.79441,	492.248108
1.794545,	531.357666
1.79468,	537.793518
1.794815,	487.62738
1.79495,	528.893005
1.795085,	500.507812
1.79522,	489.538666
1.795355,	482.924164
1.795491,	504.586243
1.795626,	519.716797
1.795761,	482.662201
1.795896,	495.617493
1.796031,	510.741425
1.796166,	534.551758
1.796302,	571.388977
1.796437,	556.080261
1.796572,	547.29248
1.796708,	545.022034
1.796843,	536.239441
1.796978,	520.948059
1.797114,	510.002686
1.797249,	499.061218
1.797385,	507.648682
1.79752,	505.387756
1.797655,	492.284363
1.797791,	555.074829
1.797927,	524.624207
1.798062,	546.203979
1.798198,	574.277161
1.798333,	606.673584
1.798469,	589.233337
1.798605,	556.638062
1.79874,	552.206238
1.798876,	591.07843
1.799012,	554.170959
1.799147,	567.056641
1.799283,	538.822632
1.799419,	534.397949
1.799555,	553.769592
1.799691,	536.367126
1.799827,	536.269958
1.799963,	553.468689
