1.50009,	90.180161
1.500175,	121.39637
1.50026,	104.037163
1.500344,	93.618271
1.500429,	128.270905
1.500514,	86.655487
1.500599,	110.901039
1.500684,	86.627396
1.500768,	86.61335
1.500853,	72.743416
1.500938,	100.438911
1.501023,	117.73687
1.501108,	124.642365
1.501193,	114.236977
1.501278,	89.990295
1.501362,	86.515099
1.501447,	89.961113
1.501532,	89.946526
1.501617,	110.685471
1.501702,	83.000641
1.501787,	117.565178
1.501872,	110.631638
1.501957,	103.70034
1.502042,	110.595757
1.502127,	100.211151
1.502212,	114.014885
1.502297,	110.541962
1.502383,	96.708527
1.502468,	86.332893
1.502553,	103.582672
1.502638,	103.565872
1.502723,	96.645805
1.502808,	86.276901
1.502893,	103.515488
1.502978,	93.148827
1.503064,	96.583115
1.503149,	93.118614
1.503234,	120.689735
1.503319,	99.983841
1.503404,	134.439224
1.50349,	124.077606
1.503575,	117.165398
1.50366,	96.473495
1.503746,	124.017227
1.503831,	99.886559
1.503916,	106.757965
1.504002,	106.740646
1.504087,	117.051392
1.504172,	123.916656
1.504258,	130.779694
1.504343,	86.025314
1.504429,	103.213623
1.504514,	127.276146
1.504599,	89.422783
1.504685,	110.040947
1.50477,	75.640877
1.504856,	106.567574
1.504941,	92.801857
1.505027,	92.786797
1.505112,	103.079704
1.505198,	127.111008
1.505283,	89.306755
1.505369,	106.463844
1.505454,	130.48288
1.50554,	102.996086
1.505626,	140.738464
1.505711,	130.419357
1.505797,	92.651344
1.505883,	85.774361
1.505968,	113.203773
1.506054,	109.755539
1.50614,	102.879112
1.506225,	109.71991
1.506311,	106.273903
1.506397,	106.256653
1.506482,	92.53109
1.506568,	82.236504
1.506654,	92.501053
1.50674,	109.613075
1.506826,	116.444984
1.506911,	99.304596
1.506997,	109.559692
1.507083,	126.657829
1.507169,	102.678856
1.507255,	102.662186
1.507341,	116.331589
1.507427,	140.25943
1.507512,	116.293808
1.507598,	95.755821
1.507684,	105.998154
1.50777,	92.305977
1.507856,	126.472839
1.507942,	85.440742
1.508028,	82.009789
1.508114,	119.578186
1.5082,	122.974731
1.508286,	112.708527
1.508372,	116.105072
1.508458,	119.500519
1.508544,	112.653618
1.508631,	136.527649
1.508717,	105.791748
1.508803,	129.659134
1.508889,	95.522789
1.508975,	98.918251
1.509061,	81.850082
1.509147,	102.295975
1.509234,	98.870049
1.50932,	112.489014
1.509406,	112.470741
1.509492,	122.675423
1.509578,	129.469681
1.509665,	112.415932
1.509751,	126.021622
1.509837,	119.190269
1.509924,	108.956253
1.51001,	119.151543
1.510096,	139.55484
1.510183,	108.903152
1.510269,	129.301468
1.510355,	105.465637
1.510442,	102.046936
1.510528,	119.035408
1.510615,	119.016068
1.510701,	112.196907
1.510787,	91.782555
1.510874,	125.755646
1.51096,	112.142212
1.511047,	115.521683
1.511133,	101.91433
1.51122,	112.08754
1.511306,	95.089119
1.511393,	112.051102
1.511479,	122.217697
1.511566,	112.014679
1.511653,	115.390297
1.511739,	118.764824
1.511826,	101.781868
1.511912,	115.33403
1.511999,	135.665039
1.512086,	105.123306
1.512172,	101.715691
1.512259,	128.818924
1.512346,	98.293198
1.512432,	128.777039
1.512519,	138.921066
1.512606,	108.408562
1.512693,	77.905983
1.512779,	118.53331
1.512866,	101.583458
1.512953,	121.880325
1.51304,	98.165405
1.513127,	125.225151
1.513213,	104.901306
1.5133,	121.801056
1.513387,	94.71875
1.513474,	94.703346
1.513561,	118.359924
1.513648,	128.484161
1.513735,	121.702034
1.513822,	87.881622
1.513909,	135.180496
1.513996,	121.642662
1.514083,	118.244461
1.51417,	138.492401
1.514256,	114.828674
1.514344,	124.940292
1.514431,	128.296173
1.514518,	108.021309
1.514605,	128.25444
1.514692,	121.484436
1.514779,	94.472519
1.514866,	131.565323
1.514953,	128.17099
1.51504,	97.79879
1.515127,	118.013817
1.515215,	128.108429
1.515302,	144.941223
1.515389,	124.696571
1.515476,	74.131844
1.515563,	131.39415
1.515651,	138.109833
1.515738,	114.511467
1.515825,	87.553337
1.515912,	121.20797
1.516,	114.455566
1.516087,	121.168518
1.516174,	90.861603
1.516262,	114.399689
1.516349,	117.745216
1.516436,	144.634857
1.516524,	141.24826
1.516611,	107.600212
1.516698,	141.202286
1.516786,	131.095062
1.516873,	97.465073
1.516961,	127.69207
1.517048,	127.67128
1.517136,	144.446609
1.517223,	114.195007
1.517311,	104.10202
1.517398,	151.091232
1.517486,	104.06813
1.517573,	114.120651
1.517661,	104.034241
1.517748,	93.951111
1.517836,	107.355217
1.517924,	130.817856
1.518011,	117.381523
1.518099,	114.009201
1.518187,	124.04863
1.518274,	137.436905
1.518362,	130.71138
1.51845,	127.339066
1.518537,	147.421219
1.518625,	130.647522
1.518713,	103.831116
1.5188,	117.209587
1.518888,	103.797295
1.518976,	117.17141
1.519064,	133.888367
1.519152,	143.906555
1.519239,	100.38356
1.519327,	127.131798
1.519415,	107.040916
1.519503,	127.090385
1.519591,	123.725739
1.519679,	103.645218
1.519767,	147.085373
1.519855,	123.665276
1.519942,	96.911049
1.52003,	126.966202
1.520118,	113.582825
1.520206,	130.264954
1.520294,	120.224983
1.520382,	120.205391
1.52047,	120.185799
1.520558,	143.531876
1.520646,	126.821449
1.520734,	156.83255
1.520823,	123.443794
1.520911,	156.781433
1.520999,	140.079727
1.521087,	110.044701
1.521175,	136.699921
1.521263,	126.676834
1.521351,	89.992554
1.521439,	123.303032
1.521528,	113.287018
1.521616,	129.92569
1.521704,	133.235397
1.521792,	113.231628
1.521881,	126.532364
1.521969,	123.18248
1.522057,	113.176262
1.522145,	113.157814
1.522234,	123.122246
1.522322,	119.775085
1.52241,	109.775932
1.522499,	119.736038
1.522587,	146.320175
1.522675,	152.946152
1.522764,	103.055603
1.522852,	103.038795
1.522941,	136.254898
1.523029,	139.555435
1.523117,	136.210464
1.523206,	129.544922
1.523294,	156.092773
1.523383,	116.220345
1.523471,	139.441666
1.52356,	132.779938
1.523649,	146.034103
1.523737,	119.462959
1.523826,	132.714981
1.523914,	142.645325
1.524003,	122.721306
1.524091,	109.436287
1.52418,	106.102722
1.524269,	129.291595
1.524357,	129.270508
1.524446,	142.505768
1.524535,	125.914787
1.524623,	112.64222
1.524712,	155.685898
1.524801,	99.357765
1.524889,	132.455414
1.524978,	145.677185
1.525067,	115.860664
1.525156,	139.010117
1.525245,	129.059753
1.525333,	135.656067
1.525422,	152.174652
1.525511,	122.381378
1.5256,	122.361412
1.525689,	132.261017
1.525778,	102.485558
1.525867,	85.941605
1.525955,	145.415894
1.526044,	99.13102
1.526133,	132.153122
1.526222,	125.524979
1.526311,	142.018234
1.5264,	151.901688
1.526489,	125.463524
1.526578,	99.033981
1.526667,	118.821381
1.526756,	151.802536
1.526845,	151.777756
1.526935,	138.557068
1.527024,	131.937561
1.527113,	112.128624
1.527202,	125.299767
1.527291,	118.685661
1.52738,	131.851425
1.527469,	164.787369
1.527558,	144.989212
1.527647,	118.608162
1.527737,	138.353592
1.527826,	121.863029
1.527915,	135.015366
1.528004,	131.70079
1.528094,	138.263245
1.528183,	164.57222
1.528272,	141.509003
1.528362,	148.066635
1.528451,	125.013618
1.52854,	128.282501
1.52863,	121.684029
1.528719,	138.105255
1.528808,	124.931969
1.528898,	111.762978
1.528987,	147.89743
1.529076,	138.015045
1.529166,	141.27803
1.529255,	111.689964
1.529345,	121.525108
1.529434,	131.357025
1.529524,	164.169464
1.529613,	118.182701
1.529703,	173.962784
1.529792,	121.425873
1.529882,	124.687279
1.529971,	124.666901
1.530061,	124.64653
1.530151,	104.948349
1.53024,	98.373001
1.53033,	131.142563
1.53042,	111.452965
1.530509,	147.487167
1.530599,	108.139587
1.530689,	108.12191
1.530778,	95.000694
1.530868,	117.912628
1.530958,	104.79409
1.531048,	121.148369
1.531137,	160.413498
1.531227,	153.840866
1.531317,	134.179672
1.531407,	134.15773
1.531497,	143.950623
1.531586,	150.469238
1.531676,	137.362488
1.531766,	140.610031
1.531856,	147.125977
1.531946,	111.143677
1.532036,	143.809479
1.532126,	166.661011
1.532215,	156.831772
1.532305,	127.404984
1.532395,	127.384155
1.532485,	137.160507
1.532575,	137.138077
1.532665,	130.586334
1.532755,	163.206223
1.532845,	110.962082
1.532936,	107.680878
1.533026,	146.813553
1.533116,	143.527557
1.533206,	159.811356
1.533296,	150.002457
1.533386,	153.238312
1.533476,	136.913971
1.533566,	117.335632
1.533656,	146.645554
1.533747,	130.330276
1.533837,	172.659378
1.533927,	127.030449
1.534017,	159.576248
1.534108,	159.550156
1.534198,	123.712524
1.534288,	117.182167
1.534378,	123.67205
1.534469,	110.635834
1.534559,	120.37812
1.534649,	149.634796
1.53474,	133.348328
1.53483,	100.807846
1.53492,	136.55603
1.535011,	143.035278
1.535101,	100.758369
1.535192,	126.739784
1.535282,	133.217453
1.535372,	146.190353
1.535463,	152.66272
1.535553,	107.171173
1.535644,	168.848145
1.535734,	142.848129
1.535825,	139.578735
1.535915,	181.747192
1.536006,	152.512863
1.536097,	136.265778
1.536187,	188.145752
1.536278,	158.924698
1.536368,	139.441696
1.536459,	139.418869
1.53655,	139.396057
1.53664,	145.855713
1.536731,	152.313248
1.536822,	110.166008
1.536912,	145.784073
1.537003,	132.803741
1.537094,	152.213516
1.537185,	126.284149
1.537275,	152.163666
1.537366,	155.375748
1.537457,	132.695053
1.537548,	174.740479
1.537639,	161.770233
1.537729,	168.213501
1.53782,	116.436424
1.537911,	145.521698
1.538002,	158.431
1.538093,	168.103333
1.538184,	168.07579
1.538275,	168.048264
1.538366,	171.251907
1.538457,	151.840027
1.538548,	164.73558
1.538639,	180.856506
1.53873,	154.994461
1.538821,	138.826462
1.538912,	125.891747
1.539003,	112.961266
1.539094,	145.212112
1.539185,	138.735504
1.539276,	158.068054
1.539367,	141.915405
1.539458,	116.093575
1.539549,	164.43895
1.53964,	148.293182
1.539732,	167.608307
1.539823,	145.021881
1.539914,	151.442474
1.540005,	157.860962
1.540096,	170.719589
1.540188,	164.250412
1.540279,	148.123154
1.54037,	167.416122
1.540461,	164.169662
1.540553,	193.109131
1.540644,	144.808105
1.540735,	173.741241
1.540827,	119.025414
1.540918,	176.900665
1.541009,	160.792419
1.541101,	144.689453
1.541192,	141.450943
1.541284,	167.141891
1.541375,	173.541962
1.541466,	144.594589
1.541558,	147.783569
1.541649,	118.849907
1.541741,	150.946747
1.541833,	122.022041
1.541924,	147.686676
1.542016,	134.822235
1.542107,	134.800125
1.542199,	131.569031
1.54229,	118.713554
1.542382,	173.229202
1.542474,	169.993378
1.542565,	137.89653
1.542657,	166.731247
1.542748,	144.262985
1.54284,	128.212738
1.542932,	137.806076
1.543023,	166.621887
1.543115,	140.964615
1.543207,	150.551147
1.543299,	105.688782
1.543391,	140.895264
1.543482,	160.081985
1.543574,	160.055725
1.543666,	137.625336
1.543758,	131.202621
1.543849,	115.183403
1.543941,	175.94577
1.544033,	156.725967
1.544125,	163.096176
1.544217,	147.082214
1.544309,	201.40564
1.544401,	194.979813
1.544493,	140.618088
1.544585,	172.548431
1.544677,	150.156387
1.544769,	124.577408
1.544861,	150.107117
1.544953,	159.662201
1.545045,	175.599594
1.545137,	169.186386
1.545229,	153.200256
1.545321,	140.410522
1.545413,	149.959335
1.545505,	130.794128
1.545597,	156.289261
1.545689,	146.696442
1.545782,	124.352661
1.545874,	133.896255
1.545966,	152.999176
1.546058,	149.787094
1.54615,	156.135376
1.546243,	149.737915
1.546335,	159.269501
1.546427,	162.428207
1.546519,	168.770233
1.546612,	184.661621
1.546704,	140.065125
1.546796,	155.955994
1.546889,	181.388412
1.546981,	165.449966
1.547073,	146.335541
1.547166,	165.39563
1.547258,	152.647812
1.547351,	165.341293
1.547443,	162.135025
1.547536,	143.036819
1.547628,	146.191391
1.54772,	174.765335
1.547813,	142.966339
1.547905,	171.531418
1.547998,	149.271332
1.54809,	158.773209
1.548183,	161.922058
1.548275,	177.767563
1.548368,	180.912262
1.548461,	120.588356
1.548553,	190.371384
1.548646,	171.306091
1.548739,	180.793381
1.548831,	180.763672
1.548924,	202.929367
1.549017,	183.874512
1.549109,	164.825928
1.549202,	164.798843
1.549295,	171.109131
1.549387,	174.249176
1.54948,	126.705841
1.549573,	164.690521
1.549666,	164.663452
1.549759,	189.965057
1.549852,	155.112625
1.549944,	158.252182
1.550037,	161.390686
1.55013,	151.872147
1.550223,	173.991562
1.550316,	148.659256
1.550409,	177.096802
1.550502,	192.877289
1.550595,	180.199966
1.550688,	158.044159
1.550781,	189.621811
1.550874,	221.189072
1.550967,	233.789993
1.55106,	189.528275
1.551153,	161.07254
1.551246,	186.308182
1.551339,	167.334061
1.551432,	189.403641
1.551525,	183.060074
1.551618,	186.185654
1.551711,	157.758499
1.551804,	201.897675
1.551898,	195.556198
1.551991,	170.29512
1.552084,	179.726395
1.552177,	214.375168
1.55227,	211.187836
1.552364,	226.910797
1.552457,	176.457138
1.55255,	207.933121
1.552643,	204.748932
1.552737,	217.31311
1.55283,	220.4263
1.552923,	248.725891
1.553017,	226.649582
1.55311,	217.17012
1.553203,	239.162506
1.553297,	232.830429
1.55339,	207.625412
1.553484,	245.335098
1.553577,	248.439529
1.553671,	226.388626
1.553764,	257.789062
1.553858,	223.170868
1.553951,	226.276871
1.554044,	260.804016
1.554138,	229.344086
1.554232,	229.306335
1.554325,	244.971924
1.554419,	226.090698
1.554512,	222.913849
1.554606,	241.711838
1.5547,	216.563263
1.554793,	251.046509
1.554887,	222.76709
1.554981,	241.552704
1.555074,	225.830276
1.555168,	247.745193
1.555262,	232.026901
1.555355,	250.798599
1.555449,	216.278168
1.555543,	244.448105
1.555637,	219.340378
1.55573,	187.975067
1.555824,	209.870926
1.555918,	197.308823
1.556012,	200.4077
1.556106,	194.112976
1.5562,	200.34169
1.556293,	165.88063
1.556387,	200.275696
1.556481,	197.113907
1.556575,	175.183502
1.556669,	187.66568
1.556763,	190.762009
1.556857,	165.716736
1.556951,	193.825378
1.557045,	171.913544
1.557139,	178.13559
1.557233,	181.230911
1.557327,	190.573517
1.557421,	171.800262
1.557515,	181.141342
1.55761,	174.866272
1.557704,	190.447937
1.557798,	202.902878
1.557892,	174.779831
1.557986,	177.871582
1.55808,	196.5625
1.558174,	187.171524
1.558269,	152.831558
1.558363,	165.28035
1.558457,	159.017151
1.558551,	168.343338
1.558646,	177.666458
1.55874,	183.870056
1.558834,	190.071594
1.558928,	168.232361
1.559023,	158.859924
1.559117,	196.206375
1.559212,	171.263046
1.559306,	174.348175
1.5594,	189.883652
1.559495,	196.077011
1.559589,	171.150116
1.559684,	192.901047
1.559778,	195.980042
1.559873,	199.057999
1.559967,	174.147018
1.560062,	180.336823
1.560156,	174.089584
1.560251,	164.736191
1.560345,	155.385864
1.56044,	174.003464
1.560534,	189.508224
1.560629,	177.052246
1.560724,	173.917374
1.560818,	164.573227
1.560913,	176.964645
1.561008,	142.790009
1.561102,	167.595413
1.561197,	170.670868
1.561292,	176.8479
1.561386,	198.533295
1.561481,	220.211533
1.561576,	158.154022
1.561671,	173.630661
1.561765,	186.002151
1.56186,	189.070984
1.561955,	170.445709
1.56205,	204.501099
1.562145,	192.075394
1.56224,	176.556305
1.562335,	170.333221
1.562429,	201.269684
1.562524,	173.372955
1.562619,	185.726074
1.562714,	179.505569
1.562809,	179.475937
1.562904,	173.258514
1.562999,	213.444
1.563094,	179.38707
1.563189,	166.987976
1.563284,	204.062729
1.563379,	204.029037
1.563474,	179.268646
1.563569,	191.600357
1.563664,	185.389084
1.56376,	179.179855
1.563855,	206.949448
1.56395,	172.944122
1.564045,	200.705551
1.56414,	188.323349
1.564235,	191.378998
1.564331,	206.778641
1.564426,	194.401535
1.564521,	185.113739
1.564616,	194.337326
1.564712,	188.13681
1.564807,	138.766525
1.564902,	203.490616
1.564998,	172.630188
1.565093,	169.519501
1.565188,	181.818146
1.565284,	181.788116
1.565379,	181.758072
1.565474,	150.926682
1.56557,	184.777649
1.565665,	166.272415
1.565761,	193.952438
1.565856,	218.545197
1.565952,	243.129822
1.566047,	203.087555
1.566143,	206.130569
1.566238,	193.792236
1.566334,	199.911331
1.566429,	199.878296
1.566525,	205.994354
1.56662,	199.812241
1.566716,	202.852737
1.566812,	208.96524
1.566907,	181.278107
1.567003,	175.104141
1.567099,	165.860718
1.567194,	156.620331
1.56729,	187.29924
1.567386,	190.338257
1.567481,	217.931961
1.567577,	196.413239
1.567673,	202.517654
1.567769,	196.348297
1.567864,	214.720444
1.56796,	202.417221
1.568056,	193.184494
1.568152,	202.350296
1.568248,	190.055206
1.568344,	171.634384
1.56844,	189.992355
1.568535,	177.705383
1.568631,	211.373169
1.568727,	189.898102
1.568823,	189.866699
1.568919,	205.144592
1.569015,	177.558487
1.569111,	217.320114
1.569207,	195.861786
1.569303,	183.590057
1.569399,	198.856323
1.569495,	207.999893
1.569592,	183.498947
1.569688,	180.410782
1.569784,	192.610153
1.56988,	204.805481
1.569976,	220.053055
1.570072,	232.239792
1.570168,	183.316864
1.570264,	180.23175
1.570361,	201.581818
1.570457,	177.118347
1.570553,	228.994446
1.57065,	189.270752
1.570746,	222.814163
1.570842,	192.259842
1.570938,	173.920593
1.571035,	192.196213
1.571131,	198.264847
1.571227,	173.834244
1.571324,	204.297653
1.57142,	173.776703
1.571516,	201.181824
1.571613,	152.385239
1.571709,	204.162415
1.571806,	185.848434
1.571902,	216.279587
1.571999,	194.923965
1.572095,	188.801331
1.572192,	197.904099
1.572288,	200.915497
1.572385,	194.794891
1.572481,	170.417313
1.572578,	188.64505
1.572675,	237.288345
1.572771,	225.082428
1.572868,	182.46904
1.572964,	203.723358
1.573061,	197.609329
1.573158,	231.012634
1.573254,	194.50473
1.573351,	185.356613
1.573448,	182.287781
1.573545,	203.520966
1.573641,	203.487259
1.573738,	182.197205
1.573835,	209.492065
1.573932,	203.386139
1.574028,	197.282211
1.574125,	230.630219
1.574222,	197.216843
1.574319,	212.352173
1.574416,	181.985992
1.574513,	236.542587
1.57461,	209.214539
1.574707,	212.211456
1.574804,	236.425003
1.574901,	203.049362
1.574997,	227.256393
1.575094,	190.863724
1.575191,	190.832092
1.575289,	218.057678
1.575385,	187.740768
1.575483,	217.985382
1.57558,	193.732666
1.575677,	193.700562
1.575774,	199.720581
1.575871,	196.661896
1.575968,	205.704498
1.576065,	163.326492
1.576162,	205.636292
1.57626,	217.696442
1.576357,	196.498917
1.576454,	205.534012
1.576551,	220.610229
1.576648,	187.336517
1.576746,	202.410721
1.576843,	214.459381
1.57694,	187.243332
1.577038,	226.466461
1.577135,	184.16217
1.577232,	247.521194
1.57733,	193.155243
1.577427,	217.263596
1.577524,	223.261658
1.577622,	177.976379
1.577719,	193.0271
1.577817,	196.010635
1.577914,	202.008209
1.578012,	198.960144
1.578109,	204.955231
1.578207,	207.934769
1.578304,	228.991608
1.578402,	204.853226
1.578499,	234.939713
1.578597,	186.715958
1.578694,	192.707077
1.578792,	210.738388
1.57889,	192.643112
1.578987,	210.668442
1.579085,	219.660629
1.579183,	216.615616
1.57928,	204.547455
1.579378,	198.498398
1.579476,	204.479568
1.579574,	210.458725
1.579671,	219.441956
1.579769,	180.333313
1.579867,	213.358978
1.579965,	243.369141
1.580062,	192.259735
1.58016,	237.281219
1.580258,	186.189774
1.580356,	231.197296
1.580454,	198.136215
1.580552,	225.117401
1.58065,	213.075745
1.580748,	231.043777
1.580846,	219.005127
1.580943,	236.966187
1.581041,	212.934235
1.581139,	203.903152
1.581237,	218.859665
1.581336,	221.820892
1.581434,	224.781128
1.581532,	227.740387
1.58163,	230.698639
1.581728,	209.691193
1.581826,	215.646545
1.581924,	203.632339
1.582022,	209.5867
1.58212,	206.558289
1.582219,	194.551559
1.582317,	194.519241
1.582415,	218.423767
1.582513,	197.446213
1.582611,	224.333405
1.58271,	239.249207
1.582808,	203.328033
1.582906,	233.190445
1.583004,	227.173447
1.583103,	245.067459
1.583201,	188.252243
1.5833,	218.09729
1.583398,	212.086761
1.583496,	229.971359
1.583595,	247.850006
1.583693,	247.808792
1.583791,	229.856689
1.58389,	232.803131
1.583988,	176.065399
1.584087,	199.905441
1.584185,	202.855377
1.584284,	199.838974
1.584382,	220.680969
1.584481,	202.754196
1.584579,	193.776932
1.584678,	196.725403
1.584777,	226.494614
1.584875,	250.29451
1.584974,	220.460876
1.585073,	202.551987
1.585171,	238.256821
1.58527,	262.03891
1.585369,	217.337021
1.585467,	276.835358
1.585566,	255.955704
1.585665,	238.058731
1.585764,	249.92009
1.585863,	226.080551
1.585961,	270.656677
1.58606,	214.110321
1.586159,	214.074692
1.586258,	231.875671
1.586357,	202.11438
1.586455,	216.939636
1.586554,	193.133286
1.586653,	213.896652
1.586752,	196.039307
1.586851,	231.644257
1.58695,	213.789886
1.587049,	237.504791
1.587148,	237.465256
1.587247,	225.554443
1.587346,	258.157501
1.587445,	210.645203
1.587544,	246.206223
1.587643,	240.233536
1.587742,	252.054962
1.587842,	228.294128
1.587941,	269.757233
1.58804,	284.531677
1.588139,	231.143509
1.588238,	239.993668
1.588337,	225.141754
1.588436,	198.447189
1.588536,	216.182571
1.588635,	233.912048
1.588734,	210.189743
1.588833,	230.874222
1.588933,	192.363144
1.589032,	216.002625
1.589131,	251.468018
1.589231,	251.426132
1.58933,	221.809647
1.589429,	245.428452
1.589529,	233.561661
1.589628,	239.434723
1.589728,	236.439346
1.589827,	257.084961
1.589927,	230.451569
1.590026,	242.229233
1.590126,	239.235352
1.590225,	212.61821
1.590325,	212.582794
1.590424,	265.684204
1.590524,	209.560394
1.590623,	218.378662
1.590723,	268.501984
1.590822,	227.156128
1.590922,	253.664566
1.591022,	230.02951
1.591121,	232.939789
1.591221,	227.00473
1.591321,	206.333542
1.59142,	223.981934
1.59152,	259.30426
1.59162,	238.638016
1.59172,	253.326523
1.591819,	179.655136
1.591919,	247.352707
1.592019,	259.088196
1.592119,	303.200409
1.592219,	279.604248
1.592319,	264.844055
1.592418,	250.088791
1.592518,	244.163635
1.592618,	235.299194
1.592718,	235.259964
1.592818,	199.937622
1.592918,	238.121262
1.593018,	223.385162
1.593118,	223.3479
1.593218,	223.310654
1.593318,	235.024643
1.593418,	243.797394
1.593518,	229.072586
1.593618,	290.697479
1.593718,	243.675415
1.593818,	264.182281
1.593918,	272.94281
1.594019,	246.487854
1.594119,	249.380615
1.594219,	240.538803
1.594319,	261.029053
1.594419,	258.05307
1.594519,	252.146149
1.59462,	272.624176
1.59472,	281.371552
1.59482,	234.437149
1.594921,	234.398026
1.595021,	240.21788
1.595121,	222.603806
1.595222,	257.70874
1.595322,	228.385544
1.595422,	251.76767
1.595523,	234.163391
1.595623,	237.050842
1.595724,	254.567673
1.595824,	239.897293
1.595924,	213.531448
1.596025,	245.666397
1.596125,	257.321808
1.596226,	266.049713
1.596326,	230.927689
1.596427,	315.645874
1.596527,	222.084091
1.596628,	271.715424
1.596729,	242.458206
1.596829,	277.466064
1.59693,	251.137848
1.597031,	268.614227
1.597131,	248.134735
1.597232,	274.362
1.597332,	221.787537
1.597433,	207.161636
1.597534,	250.886276
1.597635,	247.927567
1.597736,	259.551392
1.597836,	250.760559
1.597937,	265.295319
1.598038,	294.399475
1.598139,	282.692841
1.59824,	265.162384
1.59834,	282.598389
1.598441,	273.812469
1.598542,	247.555008
1.598643,	250.425552
1.598744,	267.852325
1.598845,	256.163757
1.598946,	264.852356
1.599047,	253.168167
1.599148,	253.125854
1.599249,	267.628571
1.59935,	229.773087
1.599451,	261.723053
1.599552,	255.864197
1.599653,	203.494308
1.599754,	255.778656
1.599855,	244.111542
1.599956,	276.032379
1.600058,	246.935028
1.600159,	270.130798
1.60026,	275.893921
1.600361,	284.558777
1.600462,	275.801666
1.600564,	258.339417
1.600665,	307.633698
1.600766,	275.66333
1.600867,	249.506119
1.600969,	269.769623
1.60107,	281.325562
1.601171,	281.278503
1.601273,	258.037109
1.601374,	257.993958
1.601475,	260.849121
1.601577,	260.805481
1.601678,	289.735382
1.60178,	286.790039
1.601881,	240.399902
1.601983,	251.943283
1.602084,	260.587372
1.602186,	246.069122
1.602287,	289.444641
1.602389,	257.562622
1.60249,	295.134735
1.602592,	312.443298
1.602693,	297.928467
1.602795,	312.338745
1.602897,	280.479523
1.602998,	274.650452
1.6031,	268.823334
1.603202,	260.108063
1.603303,	283.181366
1.603405,	297.57959
1.603507,	283.086578
1.603608,	233.940552
1.60371,	282.991791
1.603812,	285.831604
1.603914,	245.369888
1.604016,	256.873688
1.604117,	242.401978
1.604219,	271.213928
1.604321,	297.13147
1.604423,	253.817383
1.604525,	299.915771
1.604627,	311.398834
1.604729,	276.752594
1.604831,	276.706238
1.604933,	334.297394
1.605035,	299.664703
1.605137,	334.185394
1.605239,	322.607727
1.605341,	282.234467
1.605443,	282.187195
1.605545,	261.987061
1.605647,	250.429184
1.605749,	279.167389
1.605851,	241.712692
1.605953,	279.073822
1.606055,	284.780212
1.606158,	218.58252
1.60626,	284.684784
1.606362,	258.760986
1.606464,	275.965454
1.606566,	275.919189
1.606669,	261.504578
1.606771,	313.178253
1.606873,	301.634918
1.606976,	315.945526
1.607078,	258.45755
1.60718,	310.097076
1.607282,	281.337189
1.607385,	307.122803
1.607487,	284.112701
1.60759,	252.502289
1.607692,	309.837219
1.607795,	275.364685
1.607897,	283.922211
1.607999,	252.332993
1.608102,	295.294769
1.608204,	295.245239
1.608307,	283.731812
1.60841,	283.684235
1.608512,	300.826782
1.608615,	274.995483
1.608717,	300.725861
1.60882,	283.493988
1.608923,	300.625
1.609025,	289.124115
1.609128,	309.110565
1.609231,	291.888763
1.609333,	266.089233
1.609436,	303.233612
1.609539,	346.085968
1.609641,	297.412415
1.609744,	300.221771
1.609847,	280.159973
1.60995,	228.663635
1.610053,	282.923767
1.610155,	300.020294
1.610258,	265.687683
1.610361,	262.786713
1.610464,	274.166199
1.610567,	291.252686
1.61067,	351.157532
1.610773,	296.863861
1.610876,	291.106079
1.610979,	305.324707
1.611082,	308.126465
1.611185,	325.190002
1.611288,	282.354462
1.611391,	302.268158
1.611494,	287.961853
1.611597,	310.718536
1.6117,	307.816223
1.611803,	299.215515
1.611906,	316.260437
1.61201,	319.056061
1.612113,	301.913055
1.612216,	321.796661
1.612319,	287.575256
1.612422,	290.373749
1.612526,	307.402924
1.612629,	313.042999
1.612732,	298.76358
1.612835,	301.558258
1.612939,	332.796143
1.613042,	324.208435
1.613145,	292.875946
1.613249,	312.7276
1.613352,	287.09256
1.613455,	315.464539
1.613559,	332.460815
1.613662,	340.928162
1.613766,	320.986725
1.613869,	320.9328
1.613973,	332.237427
1.614076,	303.790009
1.61418,	275.352112
1.614283,	303.687897
1.614387,	261.070923
1.61449,	297.911316
1.614594,	306.371552
1.614697,	277.957092
1.614801,	286.417847
1.614905,	303.381744
1.615008,	280.651825
1.615112,	289.107788
1.615216,	246.550491
1.615319,	337.179016
1.615423,	271.964233
1.615527,	337.065643
1.615631,	325.680939
1.615734,	283.153198
1.615838,	319.909302
1.615942,	334.008423
1.616046,	390.554321
1.61615,	325.407196
1.616254,	356.473145
1.616357,	322.469055
1.616461,	328.071228
1.616565,	274.289276
1.616669,	342.097107
1.616773,	299.63797
1.616877,	308.066437
1.616981,	319.317902
1.617085,	319.264191
1.617189,	310.73587
1.617293,	327.629944
1.617397,	293.687775
1.617501,	333.166595
1.617605,	333.110535
1.61771,	358.45694
1.617814,	364.040649
1.617918,	369.622498
1.618022,	338.528503
1.618126,	335.65094
1.61823,	372.256012
1.618335,	369.373718
1.618439,	324.204773
1.618543,	324.150208
1.618647,	335.36853
1.618752,	315.58783
1.618856,	338.072906
1.61896,	309.847992
1.619065,	304.163177
1.619169,	315.375366
1.619273,	335.029907
1.619378,	363.122528
1.619482,	340.545959
1.619586,	343.302551
1.619691,	360.125641
1.619795,	374.130035
1.6199,	368.441956
1.620004,	343.07135
1.620109,	376.752625
1.620213,	342.955811
1.620318,	326.03418
1.620423,	365.321594
1.620527,	356.830994
1.620632,	328.67868
1.620736,	334.240784
1.620841,	336.992767
1.620946,	367.821777
1.62105,	367.759796
1.621155,	384.538971
1.62126,	347.991211
1.621364,	333.903046
1.621469,	345.068512
1.621574,	384.279846
1.621679,	367.388123
1.621783,	372.934265
1.621888,	378.478485
1.621993,	355.990112
1.622098,	381.153503
1.622203,	372.682892
1.622308,	389.429993
1.622413,	341.744232
1.622517,	366.893036
1.622622,	386.432831
1.622727,	305.174469
1.622832,	405.897614
1.622937,	366.64566
1.623042,	358.188782
1.623147,	369.319916
1.623252,	341.283569
1.623358,	332.835205
1.623463,	422.2659
1.623568,	388.642792
1.623673,	371.804108
1.623778,	377.331512
1.623883,	377.267853
1.623988,	366.027802
1.624093,	374.346985
1.624199,	427.353912
1.624304,	402.147614
1.624409,	388.118652
1.624514,	427.137665
1.624619,	441.022003
1.624725,	407.457916
1.62483,	373.905121
1.624936,	407.320404
1.625041,	345.884979
1.625146,	407.182953
1.625252,	382.018158
1.625357,	365.2258
1.625462,	365.164154
1.625568,	401.334076
1.625673,	448.638062
1.625779,	378.90979
1.625884,	409.487793
1.62599,	409.418671
1.626095,	420.488312
1.626201,	423.201569
1.626306,	423.130127
1.626412,	409.142273
1.626518,	403.507568
1.626623,	386.745392
1.626729,	417.280701
1.626834,	392.177612
1.62694,	406.016052
1.627046,	341.996857
1.627151,	425.338898
1.627257,	380.794678
1.627363,	411.299957
1.627469,	383.444641
1.627574,	347.264404
1.62768,	405.536316
1.627786,	405.467804
1.627892,	383.185638
1.627998,	438.645691
1.628104,	385.83197
1.628209,	382.991486
1.628315,	418.999603
1.628421,	418.928802
1.628527,	427.179688
1.628633,	416.013824
1.628739,	435.354218
1.628845,	435.28067
1.628951,	468.471344
1.629057,	418.504242
1.629163,	435.060028
1.629269,	412.821564
1.629375,	390.590637
1.629481,	357.288483
1.629588,	373.843353
1.629694,	387.62384
1.6298,	354.33905
1.629906,	401.331848
1.630012,	440.006714
1.630118,	420.56424
1.630224,	426.02594
1.630331,	378.933044
1.630437,	467.363892
1.630543,	423.044891
1.63065,	447.854126
1.630756,	428.429962
1.630862,	450.466278
1.630969,	431.048187
1.631075,	461.364563
1.631181,	458.524353
1.631288,	414.259155
1.631394,	405.905304
1.631501,	361.66394
1.631607,	389.206024
1.631713,	391.900055
1.63182,	386.314972
1.631927,	377.972839
1.632033,	397.218109
1.63214,	380.602936
1.632246,	432.931519
1.632353,	421.830048
1.632459,	465.864136
1.632566,	496.102692
1.632673,	416.104614
1.632779,	424.299774
1.632886,	426.982697
1.632993,	465.470093
1.633099,	501.190643
1.633206,	457.052551
1.633313,	432.199402
1.633419,	451.393036
1.633526,	418.293457
1.633633,	500.766571
1.63374,	434.657837
1.633847,	459.33905
1.633954,	418.010254
1.63406,	426.188293
1.634167,	434.363525
1.634274,	426.043976
1.634381,	428.720032
1.634488,	442.386139
1.634595,	406.596649
1.634702,	519.146973
1.634809,	425.68335
1.634916,	464.053558
1.635023,	450.247894
1.63513,	502.325653
1.635237,	504.985046
1.635344,	515.875549
1.635451,	444.45578
1.635558,	463.582092
1.635666,	490.92981
1.635773,	446.972076
1.63588,	485.28009
1.635987,	457.785553
1.636094,	444.00415
1.636202,	408.304993
1.636309,	457.552856
1.636416,	465.693451
1.636523,	419.05307
1.636631,	481.966278
1.636738,	446.290833
1.636845,	468.115326
1.636953,	459.824829
1.63706,	525.424988
1.637167,	454.196716
1.637275,	481.476318
1.637382,	506.011475
1.63749,	503.190948
1.637597,	486.700012
1.637705,	486.617493
1.637812,	519.335083
1.63792,	486.452484
1.638027,	497.299652
1.638135,	480.823608
1.638242,	456.158661
1.63835,	505.239777
1.638458,	513.345764
1.638565,	513.258728
1.638673,	504.982758
1.638781,	466.68866
1.638888,	502.082733
1.638996,	556.5625
1.639104,	534.645813
1.639211,	559.101013
1.639319,	548.098755
1.639427,	586.175293
1.639535,	542.460876
1.639643,	520.565063
1.63975,	528.651794
1.639858,	558.532104
1.639966,	531.196472
1.640074,	525.659058
1.640182,	550.078308
1.64029,	517.312561
1.640398,	555.33606
1.640506,	514.415222
1.640614,	541.541016
1.640722,	538.72821
1.64083,	549.518311
1.640938,	601.103638
1.641046,	519.417664
1.641154,	598.180542
1.641262,	608.953125
1.64137,	636.030518
1.641478,	682.12207
1.641586,	551.582703
1.641694,	605.822937
1.641803,	578.557739
1.641911,	689.806152
1.642019,	591.937805
1.642127,	624.415466
1.642236,	632.452576
1.642344,	559.069092
1.642452,	610.530029
1.642561,	569.731201
1.642669,	594.047363
1.642777,	612.93103
1.642886,	618.250122
1.642994,	599.166931
1.643102,	639.725708
1.643211,	669.429626
1.643319,	672.025696
1.643428,	674.620789
1.643536,	625.746704
1.643645,	663.557922
1.643753,	622.826111
1.643862,	592.937988
1.64397,	636.149475
1.644079,	595.442993
1.644187,	627.814941
1.644296,	595.240601
1.644405,	538.330627
1.644513,	559.876892
1.644622,	600.345581
1.644731,	486.683929
1.644839,	554.184692
1.644948,	483.815582
1.645057,	589.127747
1.645165,	594.431458
1.645274,	575.419861
1.645383,	661.755371
1.645492,	553.619507
1.645601,	588.627014
1.645709,	583.127563
1.645818,	658.60614
1.645927,	572.134216
1.646036,	612.51123
1.646145,	571.939575
1.646254,	571.842285
1.646363,	563.654297
1.646472,	620.183899
1.646581,	539.198608
1.64669,	525.629211
1.646799,	544.405273
1.646908,	538.923401
1.647017,	592.714905
1.647126,	536.046326
1.647235,	600.592896
1.647344,	587.026794
1.647453,	557.311279
1.647563,	584.135132
1.647672,	586.727112
1.647781,	624.300537
1.64789,	653.789673
1.648,	586.427551
1.648109,	632.050537
1.648218,	586.227905
1.648327,	588.816772
1.648437,	612.910339
1.648546,	545.612366
1.648655,	580.454224
1.648765,	564.234375
1.648874,	518.469971
1.648983,	550.612671
1.649093,	542.462524
1.649202,	566.535156
1.649312,	531.539612
1.649421,	574.394409
1.649531,	590.398376
1.64964,	603.713684
1.64975,	617.024414
1.649859,	643.741882
1.649969,	589.996216
1.650078,	614.027771
1.650188,	627.327637
1.650298,	696.911926
1.650407,	643.193726
1.650517,	637.725098
1.650627,	535.812134
1.650736,	613.40033
1.650846,	586.514343
1.650956,	591.769714
1.651066,	591.668884
1.651175,	639.750061
1.651285,	562.027649
1.651395,	559.256042
1.651505,	585.914795
1.651615,	588.489868
1.651725,	636.530518
1.651834,	580.26709
1.651944,	663.049377
1.652054,	617.493103
1.652164,	622.733154
1.652274,	617.282532
1.652384,	643.894897
1.652494,	579.673767
1.652604,	675.725586
1.652714,	606.179993
1.652824,	563.357605
1.652934,	573.939453
1.653044,	613.877014
1.653155,	581.74939
1.653265,	589.654541
1.653375,	589.553955
1.653485,	581.451782
1.653595,	600.019836
1.653705,	541.258911
1.653816,	594.483459
1.653926,	599.712769
1.654036,	618.265015
1.654146,	559.540955
1.654257,	636.702209
1.654367,	585.985718
1.654477,	639.148071
1.654588,	686.966919
1.654698,	697.498474
1.654809,	606.879822
1.654919,	641.373108
1.655029,	649.246216
1.65514,	630.512634
1.65525,	577.206238
1.655361,	550.512878
1.655471,	571.691162
1.655582,	603.49646
1.655692,	536.940369
1.655803,	619.236389
1.655913,	544.728699
1.656024,	555.262695
1.656135,	624.231812
1.656245,	616.157654
1.656356,	610.741638
1.656467,	637.186768
1.656577,	607.87854
1.656688,	663.509521
1.656799,	676.664124
1.65691,	668.589172
1.65702,	620.726746
1.657131,	607.359558
1.657242,	570.130981
1.657353,	601.849426
1.657464,	588.492249
1.657575,	617.546265
1.657685,	604.190918
1.657796,	601.438171
1.657907,	572.195801
1.658018,	617.124268
1.658129,	590.537292
1.65824,	561.311707
1.658351,	659.163818
1.658462,	674.931885
1.658573,	645.706787
1.658684,	635.012878
1.658795,	671.94043
1.658906,	706.210327
1.659017,	632.042786
1.659129,	642.510986
1.65924,	623.895752
1.659351,	663.436707
1.659462,	610.468811
1.659573,	636.78717
1.659685,	660.454651
1.659796,	626.003906
1.659907,	586.283142
1.660018,	567.699646
1.66013,	641.522888
1.660241,	662.529602
1.660352,	694.085571
1.660464,	651.748352
1.660575,	691.209961
1.660687,	706.918213
1.660798,	698.885376
1.660909,	701.40271
1.661021,	680.191467
1.661132,	727.522217
1.661244,	687.865234
1.661355,	674.572266
1.661467,	658.649292
1.661578,	629.560913
1.66169,	661.057556
1.661802,	653.044678
1.661913,	642.401733
1.662025,	655.453491
1.662136,	618.494812
1.662248,	589.443054
1.66236,	660.378967
1.662472,	633.96051
1.662583,	654.8927
1.662695,	641.632385
1.662807,	667.814392
1.662919,	662.442566
1.66303,	654.444275
1.663142,	677.982788
1.663254,	620.064087
1.663366,	617.330994
1.663478,	593.586853
1.66359,	606.615417
1.663702,	577.630005
1.663813,	588.031616
1.663925,	556.434631
1.664037,	543.218079
1.664149,	545.74884
1.664261,	558.772034
1.664373,	532.447388
1.664485,	508.75415
1.664598,	584.704834
1.66471,	526.930664
1.664822,	605.473267
1.664934,	626.334717
1.665046,	563.34259
1.665158,	560.626343
1.66527,	605.05835
1.665383,	586.622681
1.665495,	560.338135
1.665607,	552.388245
1.665719,	544.44104
1.665832,	552.198853
1.665944,	497.155457
1.666056,	578.171143
1.666169,	588.534851
1.666281,	562.281372
1.666393,	543.881226
1.666506,	572.546021
1.666618,	535.852966
1.666731,	554.05542
1.666843,	559.186401
1.666955,	517.289368
1.667068,	626.909851
1.66718,	616.355652
1.667293,	629.306091
1.667405,	574.371765
1.667518,	618.648865
1.667631,	618.542786
1.667743,	558.419617
1.667856,	560.9328
1.667969,	558.228027
1.668081,	516.40271
1.668194,	544.99823
1.668307,	550.119141
1.668419,	547.417969
1.668532,	552.536682
1.668645,	534.200806
1.668758,	622.693115
1.66887,	515.782776
1.668983,	591.22522
1.669096,	598.935913
1.669209,	635.283813
1.669322,	603.936707
1.669435,	588.216614
1.669548,	611.536194
1.669661,	614.033081
1.669774,	663.354004
1.669886,	637.230713
1.669999,	634.520813
1.670113,	631.811768
1.670226,	566.713257
1.670339,	652.388062
1.670452,	571.716064
1.670565,	545.635254
1.670678,	503.976471
1.670791,	529.863586
1.670904,	586.904907
1.671017,	617.961853
1.671131,	534.782654
1.671244,	552.859924
1.671357,	570.930908
1.67147,	617.537354
1.671583,	578.517517
1.671697,	536.917236
1.67181,	632.779236
1.671923,	591.183899
1.672037,	580.712463
1.67215,	554.692444
1.672264,	549.414001
1.672377,	562.275208
1.67249,	549.225159
1.672604,	520.638123
1.672717,	525.72821
1.672831,	548.942017
1.672944,	517.780762
1.673058,	528.045593
1.673171,	623.711365
1.673285,	558.914917
1.673398,	610.561279
1.673512,	584.589539
1.673626,	597.420166
1.673739,	592.145874
1.673853,	584.288025
1.673967,	599.696899
1.67408,	573.749207
1.674194,	617.578735
1.674308,	539.965515
1.674422,	588.951965
1.674535,	586.268005
1.674649,	555.180359
1.674763,	557.666626
1.674877,	575.640076
1.674991,	549.732056
1.675104,	557.378845
1.675218,	595.983154
1.675332,	564.925781
1.675446,	593.198975
1.67556,	538.944519
1.675674,	603.307739
1.675788,	572.270386
1.675902,	592.79071
1.676016,	595.265625
1.67613,	525.598633
1.676244,	579.604553
1.676358,	556.324646
1.676473,	563.954285
1.676587,	527.811523
1.676701,	494.255432
1.676815,	491.596527
1.676929,	504.378693
1.677043,	550.60437
1.677158,	527.3573
1.677272,	478.397888
1.677386,	537.462036
1.6775,	550.22522
1.677615,	529.564819
1.677729,	457.506348
1.677843,	567.929688
1.677958,	554.984985
1.678072,	531.768982
1.678187,	549.65686
1.678301,	552.130188
1.678415,	523.791443
1.67853,	510.865356
1.678644,	539.011292
1.678759,	490.159119
1.678873,	518.298889
1.678988,	502.8172
1.679102,	459.126373
1.679217,	525.724487
1.679332,	492.301025
1.679446,	484.525299
1.679561,	502.384064
1.679676,	522.799438
1.67979,	563.706116
1.679905,	520.057312
1.68002,	527.651917
1.680134,	532.682922
1.680249,	558.196411
1.680364,	570.900635
1.680479,	545.205688
1.680593,	603.973511
1.680708,	580.840454
1.680823,	514.223816
1.680938,	529.482422
1.681053,	580.540039
1.681168,	539.527832
1.681283,	490.860077
1.681398,	521.448914
1.681513,	511.13623
1.681628,	508.492828
1.681743,	500.740692
1.681858,	505.763031
1.681973,	541.430603
1.682088,	564.318542
1.682203,	569.327209
1.682318,	587.097168
1.682433,	586.99585
1.682549,	599.653137
1.682664,	558.729248
1.682779,	596.895386
1.682894,	576.389221
1.683009,	586.489502
1.683124,	530.299011
1.68324,	532.756531
1.683355,	502.080963
1.68347,	596.277466
1.683586,	547.767212
1.683701,	514.557556
1.683816,	539.937439
1.683932,	552.576416
1.684047,	544.843018
1.684163,	567.658936
1.684278,	524.293945
1.684394,	592.909668
1.684509,	618.249634
1.684625,	564.723145
1.68474,	559.538879
1.684856,	567.070984
1.684971,	531.378296
1.685087,	571.959167
1.685203,	543.902771
1.685318,	526.020691
1.685434,	505.604004
1.685549,	518.218079
1.685665,	518.12854
1.685781,	502.802582
1.685897,	535.72229
1.686012,	492.474701
1.686128,	538.075256
1.686244,	535.44458
1.68636,	527.740417
1.686476,	525.112427
1.686591,	550.38501
1.686707,	537.610413
1.686823,	537.517456
1.686939,	527.284485
1.687055,	588.023315
1.687171,	527.102173
1.687287,	499.140289
1.687403,	493.987427
1.687519,	488.836365
1.687635,	511.543365
1.687751,	549.434265
1.687867,	544.276184
1.687983,	536.588806
1.688099,	493.475128
1.688215,	495.919983
1.688332,	508.483032
1.688448,	538.747009
1.688564,	503.249359
1.68868,	576.487488
1.688797,	573.859741
1.688913,	573.760437
1.689029,	568.606873
1.689145,	578.615356
1.689262,	535.568665
1.689378,	535.476013
1.689494,	522.756348
1.689611,	547.915466
1.689727,	540.24707
1.689844,	525.009094
1.68996,	519.870972
1.690076,	555.105896
1.690193,	547.441467
1.690309,	486.810669
1.690426,	569.949036
1.690542,	557.243103
1.690659,	552.104553
1.690776,	607.461914
1.690892,	592.23584
1.691009,	536.699524
1.691125,	579.434387
1.691242,	536.513672
1.691359,	584.270508
1.691475,	637.046753
1.691592,	546.305115
1.691709,	531.10791
1.691826,	525.982605
1.691942,	538.472656
1.692059,	525.800415
1.692176,	528.22467
1.692293,	573.401733
1.69241,	558.215454
1.692527,	545.548523
1.692644,	492.668121
1.69276,	555.41217
1.692877,	540.239502
1.692994,	565.268921
1.693111,	572.706604
1.693228,	577.630249
1.693345,	595.107117
1.693462,	552.324341
1.69358,	547.208374
1.693697,	509.468079
1.693814,	509.379791
1.693931,	544.415039
1.694048,	464.052155
1.694165,	496.575134
1.694282,	478.936401
1.694399,	461.303741
1.694517,	488.796936
1.694634,	516.280518
1.694751,	491.133209
1.694869,	528.628235
1.694986,	581.139709
1.695103,	533.453857
1.69522,	590.954346
1.695338,	563.312134
1.695455,	513.150879
1.695573,	550.603027
1.69569,	558.014404
1.695807,	515.385742
1.695925,	560.322266
1.696043,	545.218994
1.69616,	560.127808
1.696277,	547.529968
1.696395,	532.436707
1.696513,	524.846497
1.69663,	494.769409
1.696748,	519.667542
1.696865,	549.552979
1.696983,	536.96991
1.697101,	536.876709
1.697219,	549.266846
1.697336,	549.171509
1.697454,	608.975403
1.697572,	636.318726
1.69769,	558.865295
1.697807,	586.207764
1.697925,	548.694946
1.698043,	528.650574
1.698161,	588.39563
1.698279,	508.524872
1.698397,	528.375244
1.698515,	478.445404
1.698632,	495.802612
1.69875,	555.501404
1.698868,	535.480042
1.698986,	512.975464
1.699104,	520.355591
1.699223,	542.668945
1.699341,	587.374451
1.699459,	564.876404
1.699577,	547.362183
1.699695,	552.242249
1.699813,	577.0177
1.699931,	569.457275
1.700049,	589.248596
1.700168,	529.48584
1.700286,	579.102112
1.700404,	554.151611
1.700522,	524.240662
1.700641,	524.149536
1.700759,	486.803101
1.700877,	526.450562
1.700996,	551.187317
1.701114,	553.573853
1.701232,	536.103882
1.701351,	526.084534
1.701469,	548.322998
1.701588,	558.150269
1.701706,	602.69751
1.701825,	572.835022
1.701943,	604.967224
1.702062,	560.241028
1.70218,	582.450195
1.702299,	565.002319
1.702417,	547.560486
1.702536,	559.851379
1.702655,	572.137878
1.702773,	492.794952
1.702892,	534.799927
1.703011,	571.839294
1.703129,	584.115112
1.703248,	584.013489
1.703367,	541.850403
1.703486,	576.388916
1.703604,	541.661865
1.703723,	581.134155
1.703842,	598.340332
1.703961,	568.571594
1.70408,	632.734741
1.704199,	610.383911
1.704318,	565.803955
1.704437,	624.993408
1.704556,	577.956482
1.704675,	582.7948
1.704794,	592.569458
1.704913,	580.12323
1.705032,	584.958557
1.705151,	567.582458
1.70527,	537.875793
1.705389,	577.252319
1.705508,	557.420105
1.705627,	594.313477
1.705747,	609.003601
1.705866,	576.850281
1.705985,	633.438843
1.706104,	601.292419
1.706223,	625.826477
1.706343,	606.009827
1.706462,	568.958862
1.706581,	554.084167
1.706701,	536.752441
1.70682,	553.891052
1.706939,	509.490967
1.707059,	570.924194
1.707178,	531.457458
1.707298,	553.505005
1.707417,	521.433838
1.707537,	580.362854
1.707656,	604.84906
1.707776,	597.368713
1.707895,	607.096069
1.708015,	582.41571
1.708134,	609.341431
1.708254,	592.039001
1.708374,	628.778259
1.708493,	569.730896
1.708613,	564.720947
1.708733,	603.900574
1.708852,	581.705139
1.708972,	566.879578
1.709092,	561.873474
1.709212,	591.213501
1.709332,	576.393921
1.709451,	522.342468
1.709571,	551.67395
1.709691,	524.611694
1.709811,	593.148987
1.709931,	590.59491
1.710051,	575.790771
1.710171,	658.981689
1.710291,	597.633728
1.710411,	604.876099
1.710531,	634.1521
1.710651,	594.872803
1.710771,	633.930725
1.710891,	570.193359
1.711011,	577.434082
1.711131,	604.242859
1.711251,	577.232483
1.711371,	594.25
1.711492,	535.465149
1.711612,	586.708679
1.711732,	579.273621
1.711852,	544.959778
1.711972,	593.731384
1.712093,	647.371765
1.712213,	613.063904
1.712333,	608.072693
1.712454,	607.966492
1.712574,	607.860291
1.712695,	637.043457
1.712815,	595.446167
1.712935,	622.181335
1.713056,	570.84314
1.713176,	600.012268
1.713297,	580.398254
1.713417,	580.296875
1.713538,	592.38446
1.713658,	592.280884
1.713779,	599.48822
1.7139,	623.748657
1.71402,	591.970459
1.714141,	623.53064
1.714262,	623.421631
1.714382,	642.791199
1.714503,	603.728577
1.714624,	635.264587
1.714744,	661.922424
1.714865,	618.010681
1.714986,	647.094849
1.715107,	632.388123
1.715228,	642.004883
1.715348,	600.558655
1.715469,	563.988831
1.71559,	597.91803
1.715711,	595.383301
1.715832,	614.716858
1.715953,	590.316467
1.716074,	665.507935
1.716195,	675.105225
1.716316,	691.983215
1.716437,	643.310425
1.716558,	640.770691
1.716679,	652.792297
1.7168,	672.088562
1.716921,	671.970947
1.717043,	691.25708
1.717164,	693.561157
1.717285,	674.042847
1.717406,	666.652283
1.717527,	637.450439
1.717649,	610.682068
1.71777,	637.227295
1.717891,	666.185669
1.718013,	646.692444
1.718134,	627.206116
1.718255,	571.408203
1.718377,	653.615234
1.718498,	697.067505
1.71862,	650.966431
1.718741,	658.111023
1.718862,	682.186768
1.718984,	657.880493
1.719105,	696.457336
1.719227,	739.856323
1.719348,	643.030457
1.71947,	700.925415
1.719592,	683.886719
1.719713,	625.779602
1.719835,	601.512817
1.719957,	642.467407
1.720078,	630.280457
1.7202,	606.025574
1.720322,	639.715698
1.720443,	603.399597
1.720565,	687.755005
1.720687,	670.745239
1.720809,	697.163269
1.720931,	668.098206
1.721053,	706.564819
1.721174,	704.029907
1.721296,	703.906494
1.721418,	749.577209
1.72154,	698.840149
1.721662,	674.623901
1.721784,	727.502502
1.721906,	708.106689
1.722028,	655.004272
1.72215,	691.004578
1.722272,	683.661621
1.722394,	635.405029
1.722516,	697.860352
1.722638,	690.519958
1.722761,	680.77655
1.722883,	721.544678
1.723005,	731.036987
1.723127,	747.738892
1.723249,	764.434875
1.723372,	776.318054
1.723494,	742.539307
1.723616,	756.824707
1.723739,	768.702881
1.723861,	727.737854
1.723983,	633.957336
1.724106,	722.680542
1.724228,	674.543518
1.724351,	698.425964
1.724473,	695.903748
1.724596,	702.979309
1.724718,	710.052368
1.72484,	719.521362
1.724963,	757.762756
1.725086,	812.773621
1.725208,	769.482361
1.725331,	783.7276
1.725453,	821.930786
1.725576,	831.369934
1.725699,	783.314758
1.725821,	807.127563
1.725944,	742.331177
1.726067,	782.9021
1.72619,	763.61438
1.726312,	756.300171
1.726435,	748.988525
1.726558,	696.221619
1.726681,	765.470032
1.726804,	719.893738
1.726927,	777.157349
1.72705,	784.193237
1.727172,	817.52124
1.727295,	853.227478
1.727418,	872.194092
1.727541,	919.823853
1.727664,	824.112854
1.727787,	764.260193
1.72791,	835.762634
1.728034,	849.940552
1.728157,	833.081787
1.72828,	866.348206
1.728403,	839.94751
1.728526,	842.185608
1.728649,	808.642273
1.728772,	751.261169
1.728896,	798.819763
1.729019,	741.460449
1.729142,	722.260498
1.729265,	731.666565
1.729389,	822.086548
1.729512,	788.587769
1.729635,	836.089478
1.729759,	824.034363
1.729882,	854.844788
1.730006,	809.4599
1.730129,	778.372986
1.730253,	780.615967
1.730376,	785.23761
1.7305,	820.785767
1.730623,	787.339966
1.730747,	749.149353
1.73087,	708.59436
1.730994,	734.621155
1.731117,	758.261841
1.731241,	862.697815
1.731365,	812.646606
1.731488,	848.139648
1.731612,	826.612427
1.731736,	826.466919
1.73186,	895.181519
1.731983,	835.67218
1.732107,	845.019592
1.732231,	842.497559
1.732355,	913.53363
1.732479,	877.786804
1.732603,	820.704712
1.732727,	806.330811
1.73285,	737.425598
1.732974,	761.002991
1.733098,	796.423523
1.733222,	838.941284
1.733346,	789.034546
1.73347,	822.062317
1.733594,	878.764771
1.733719,	826.509094
1.733843,	850.041443
1.733967,	892.504639
1.734091,	852.108887
1.734215,	816.460388
1.734339,	797.387451
1.734463,	818.53833
1.734588,	813.663452
1.734712,	766.222351
1.734836,	761.358337
1.73496,	732.85553
1.735085,	701.999084
1.735209,	777.49823
1.735334,	758.45874
1.735458,	760.687378
1.735582,	788.896851
1.735707,	786.396179
1.735831,	816.952209
1.735956,	800.283142
1.73608,	783.619873
1.736205,	823.59967
1.736329,	750.310913
1.736454,	792.641479
1.736578,	804.2948
1.736703,	834.809814
1.736828,	749.781555
1.736952,	780.295349
1.737077,	756.587891
1.737202,	678.688049
1.737326,	659.719177
1.737451,	685.515747
1.737576,	725.434998
1.737701,	741.791199
1.737826,	774.622925
1.73795,	795.672791
1.738075,	771.99585
1.7382,	722.441711
1.738325,	757.606445
1.73845,	797.46344
1.738575,	802.026611
1.7387,	759.556763
1.738825,	782.934204
1.73895,	766.340759
1.739075,	712.14801
1.7392,	702.62262
1.739325,	721.294434
1.73945,	700.02533
1.739575,	704.598999
1.7397,	685.688599
1.739825,	737.219788
1.73995,	734.742126
1.740076,	741.65332
1.740201,	734.482544
1.740326,	771.891541
1.740451,	745.951782
1.740577,	771.618774
1.740702,	738.653381
1.740827,	750.245422
1.740953,	736.048218
1.741078,	726.543396
1.741203,	766.25061
1.741329,	726.28656
1.741454,	688.679077
1.74158,	707.293579
1.741705,	721.218262
1.741831,	716.408325
1.741956,	713.940857
1.742082,	779.345154
1.742207,	753.467773
1.742333,	786.088196
1.742459,	814.018799
1.742584,	741.374512
1.74271,	734.228455
1.742836,	773.842773
1.742961,	745.656128
1.743087,	750.198364
1.743213,	738.382385
1.743339,	789.649048
1.743464,	700.747925
1.74359,	700.623962
1.743716,	737.859985
1.743842,	770.413635
1.743968,	704.920471
1.744094,	702.461914
1.74422,	721.004395
1.744346,	727.87561
1.744472,	828.045227
1.744598,	762.599609
1.744724,	764.796265
1.74485,	785.642456
1.744976,	829.789917
1.745102,	766.720642
1.745228,	759.594788
1.745354,	787.415894
1.74548,	719.729065
1.745606,	712.615173
1.745733,	756.728516
1.745859,	765.906433
1.745985,	737.839905
1.746111,	726.073486
1.746238,	756.192566
1.746364,	732.795288
1.74649,	793.139404
1.746617,	760.441772
1.746743,	832.385132
1.746869,	839.21167
1.746996,	801.874634
1.747122,	785.465515
1.747249,	845.736023
1.747375,	796.802368
1.747502,	754.853821
1.747628,	798.842163
1.747755,	763.873535
1.747881,	742.845581
1.748008,	745.034912
1.748135,	726.338257
1.748261,	761.011902
1.748388,	730.720276
1.748515,	793.212769
1.748641,	832.493835
1.748768,	809.161133
1.748895,	764.973694
1.749022,	801.921082
1.749148,	773.971558
1.749275,	759.933044
1.749402,	803.810974
1.749529,	743.451172
1.749656,	815.104065
1.749783,	764.024475
1.74991,	787.037109
1.750037,	761.439026
1.750164,	809.897827
1.750291,	784.304688
1.750418,	765.660156
1.750545,	821.030579
1.750672,	779.262573
1.750799,	783.748169
1.750926,	822.90509
1.751053,	843.559143
1.751181,	880.380798
1.751308,	866.362732
1.751435,	845.419922
1.751562,	799.080261
1.751689,	888.992126
1.751817,	824.191833
1.751944,	810.195984
1.752071,	789.281555
1.752199,	768.374512
1.752326,	782.0802
1.752453,	731.195862
1.752581,	793.333496
1.752708,	804.721558
1.752836,	827.632446
1.752963,	822.875488
1.753091,	861.906921
1.753218,	896.316101
1.753346,	861.600708
1.753473,	810.774231
1.753601,	893.535583
1.753729,	808.183655
1.753856,	877.103271
1.753984,	805.594788
1.754111,	800.848999
1.754239,	821.414612
1.754367,	809.766296
1.754495,	809.622375
1.754623,	818.677063
1.75475,	793.239868
1.754878,	774.70813
1.755006,	811.345276
1.755134,	820.393127
1.755262,	836.330505
1.75539,	849.965027
1.755517,	840.626709
1.755646,	930.036316
1.755774,	831.14386
1.755901,	787.380249
1.75603,	775.764404
1.756158,	796.279236
1.756286,	777.782837
1.756414,	784.526306
1.756542,	772.919067
1.75667,	818.643982
1.756798,	788.693115
1.756926,	800.014282
1.757055,	822.790955
1.757183,	838.684937
1.757311,	904.977051
1.757439,	852.130554
1.757568,	886.332886
1.757696,	831.218506
1.757824,	819.623352
1.757953,	860.680237
1.758081,	887.990662
1.758209,	832.9151
1.758338,	800.737305
1.758466,	798.307373
1.758595,	800.452209
1.758723,	818.602478
1.758852,	827.601501
1.758981,	795.453186
1.759109,	834.162903
1.759238,	861.434021
1.759366,	836.150391
1.759495,	829.148987
1.759624,	840.420105
1.759752,	835.703674
1.759881,	862.950073
1.76001,	903.881897
1.760139,	796.46106
1.760267,	825.981445
1.760396,	805.30249
1.760525,	859.900696
1.760654,	816.41803
1.760783,	777.510986
1.760911,	788.770874
1.76104,	818.260864
1.761169,	786.210815
1.761298,	863.538513
1.761427,	854.2724
1.761556,	826.788269
1.761685,	872.185791
1.761814,	858.369263
1.761944,	874.151306
1.762073,	903.583801
1.762202,	846.532104
1.762331,	857.757202
1.76246,	889.45166
1.762589,	864.274536
1.762718,	804.996399
1.762848,	802.579224
1.762977,	859.265808
1.763106,	829.566345
1.763236,	793.060303
1.763365,	790.646851
1.763494,	824.579285
1.763624,	847.143799
1.763753,	831.097351
1.763883,	833.219421
1.764012,	928.408508
1.764141,	905.547424
1.764271,	837.311707
1.7644,	839.430969
1.76453,	902.794312
1.76466,	780.165344
1.764789,	866.191772
1.764919,	786.688171
1.765048,	793.3479
1.765178,	786.407349
1.765308,	788.532837
1.765437,	804.250488
1.765567,	781.455994
1.765697,	813.022034
1.765827,	830.991089
1.765957,	826.314941
1.766086,	826.167358
1.766216,	853.176636
1.766346,	859.812195
1.766476,	868.707642
1.766606,	836.886475
1.766736,	886.488892
1.766866,	818.499146
1.766996,	813.831604
1.767126,	770.741638
1.767256,	795.462097
1.767386,	806.617126
1.767516,	806.472961
1.767646,	810.846069
1.767776,	788.118958
1.767906,	801.525024
1.768036,	873.618958
1.768167,	812.523499
1.768297,	848.483948
1.768427,	868.638123
1.768557,	836.901611
1.768688,	829.985779
1.768818,	861.407288
1.768948,	764.305908
1.769078,	845.319946
1.769209,	804.600647
1.769339,	815.723694
1.76947,	829.095642
1.7696,	833.452515
1.769731,	862.581665
1.769861,	803.881348
1.769992,	814.994385
1.770122,	810.346619
1.770253,	852.96228
1.770383,	882.061768
1.770514,	868.405396
1.770645,	874.998047
1.770775,	863.596741
1.770906,	894.921814
1.771037,	820.572876
1.771167,	851.894409
1.771298,	797.805786
1.771429,	820.132324
1.77156,	813.245911
1.771691,	828.823242
1.771821,	797.234619
1.771952,	794.846558
1.772083,	846.337585
1.772214,	846.186035
1.772345,	807.884399
1.772476,	861.58905
1.772607,	850.21814
1.772738,	854.551697
1.772869,	836.458496
1.773,	885.635193
1.773131,	780.116089
1.773262,	840.491699
1.773393,	829.136597
1.773525,	846.912109
1.773656,	822.119202
1.773787,	826.451294
1.773918,	777.038513
1.774049,	823.91626
1.774181,	834.961121
1.774312,	801.239929
1.774443,	843.61261
1.774575,	868.071716
1.774706,	955.15509
1.774837,	872.233521
1.774969,	903.382507
1.7751,	849.563843
1.775232,	867.293884
1.775363,	831.380127
1.775495,	835.700012
1.775626,	815.443359
1.775758,	813.063416
1.775889,	752.618774
1.776021,	832.867798
1.776152,	779.138672
1.776284,	805.783997
1.776416,	852.504944
1.776548,	865.739746
1.776679,	930.280151
1.776811,	905.577881
1.776943,	885.344666
1.777074,	963.224854
1.777206,	907.319824
1.777338,	842.519287
1.77747,	855.739014
1.777602,	906.831421
1.777734,	893.302551
1.777866,	824.096313
1.777998,	852.897949
1.77813,	854.971313
1.778262,	857.043945
1.778394,	861.341431
1.778526,	861.186768
1.778658,	832.108582
1.77879,	858.653076
1.778922,	880.739807
1.779054,	913.937012
1.779186,	911.549561
1.779319,	900.271423
1.779451,	873.439819
1.779583,	937.723633
1.779715,	868.682678
1.779848,	868.526611
1.77998,	855.045227
1.780112,	788.276672
1.780245,	843.637512
1.780377,	810.19043
1.780509,	834.457153
1.780642,	858.715149
1.780774,	860.779297
1.780907,	871.715149
1.781039,	867.123047
1.781172,	898.009521
1.781304,	922.23407
1.781437,	913.202271
1.781569,	924.118652
1.781702,	939.462524
1.781835,	910.494507
1.781967,	899.256226
1.7821,	852.589661
1.782233,	941.00116
1.782365,	881.061462
1.782498,	858.769775
1.782631,	909.512573
1.782764,	838.548096
1.782897,	949.003784
1.783029,	891.328064
1.783162,	902.224365
1.783295,	941.858948
1.783428,	904.110352
1.783561,	941.520081
1.783694,	961.238342
1.783827,	961.065369
1.78396,	859.280823
1.784093,	890.045898
1.784226,	872.220459
1.784359,	905.179871
1.784492,	814.515259
1.784626,	854.093933
1.784759,	862.766418
1.784892,	875.848083
1.785025,	860.250061
1.785158,	968.158386
1.785292,	961.369141
1.785425,	928.12738
1.785558,	952.206238
1.785692,	910.162903
1.785825,	905.592224
1.785958,	898.820129
1.786092,	867.821899
1.786225,	931.529297
1.786359,	896.132751
1.786492,	840.936218
1.786626,	887.005859
1.786759,	842.833862
1.786893,	862.483887
1.787026,	879.927063
1.78716,	877.569092
1.787294,	899.401184
1.787427,	934.417175
1.787561,	989.20459
1.787695,	892.321472
1.787828,	914.135071
1.787962,	940.334778
1.788096,	931.378723
1.78823,	830.183228
1.788363,	889.321655
1.788497,	843.056641
1.788631,	834.12439
1.788765,	869.088684
1.788899,	877.709045
1.789033,	906.071167
1.789167,	840.103333
1.789301,	894.778931
1.789435,	892.424866
1.789569,	916.37915
1.789703,	865.800171
1.789837,	887.559021
1.789971,	950.94104
1.790105,	893.810913
1.790239,	926.504456
1.790374,	930.717102
1.790508,	856.105225
1.790642,	869.08551
1.790776,	875.494934
1.79091,	903.785339
1.791045,	829.231995
1.791179,	925.334656
1.791314,	905.483215
1.791448,	946.868225
1.791582,	933.579102
1.791717,	915.922729
1.791851,	950.726624
1.791986,	954.925354
1.79212,	1007.187866
1.792255,	987.346436
1.792389,	1028.664185
1.792524,	971.70459
1.792658,	962.796265
1.792793,	934.245728
1.792928,	870.786743
1.793062,	826.988831
1.793197,	931.557922
1.793332,	887.764771
1.793467,	935.583008
1.793601,	893.985413
1.793736,	963.585693
1.793871,	945.974243
1.794006,	947.982605
1.794141,	965.242249
1.794275,	984.674194
1.79441,	954.00293
1.794545,	997.384399
1.79468,	942.771606
1.794815,	979.608582
1.79495,	935.901184
1.795085,	859.567749
1.79522,	913.805542
1.795355,	863.607605
1.795491,	1030.921875
1.795626,	1002.46637
1.795761,	917.493042
1.795896,	989.061218
1.796031,	954.108459
1.796166,	995.222351
1.796302,	1021.113342
1.796437,	1046.994873
1.796572,	964.277222
1.796708,	1009.702209
1.796843,	989.980469
1.796978,	970.265747
1.797114,	961.409302
1.797249,	961.235352
1.797385,	948.044739
1.79752,	982.577881
1.797655,	926.015076
1.797791,	949.698303
1.797927,	964.701477
1.798062,	1027.383667
1.798198,	973.020569
1.798333,	1027.011719
1.798469,	1072.317993
1.798605,	1052.630737
1.79874,	1037.281494
1.798876,	969.974854
1.799012,	1010.929077
1.799147,	967.459229
1.799283,	967.283997
1.799419,	938.982605
1.799555,	990.728394
1.799691,	975.409546
1.799827,	942.79718
1.799963,	1005.323975
