1.50009,	156.081055
1.500175,	166.48645
1.50026,	128.3125
1.500344,	142.161087
1.500429,	152.538376
1.500514,	166.378525
1.500599,	121.298012
1.500684,	131.67363
1.500768,	166.297623
1.500853,	138.558899
1.500938,	131.609604
1.501023,	176.605316
1.501108,	159.265244
1.501193,	173.086319
1.501278,	176.519424
1.501362,	166.108994
1.501447,	128.021591
1.501532,	148.757721
1.501617,	166.028198
1.501702,	190.209808
1.501787,	134.854172
1.501872,	169.404694
1.501957,	162.463867
1.502042,	162.437515
1.502127,	169.322296
1.502212,	152.019852
1.502297,	158.904068
1.502383,	155.424423
1.502468,	141.585953
1.502553,	162.279526
1.502638,	120.826851
1.502723,	138.06543
1.502808,	172.553802
1.502893,	144.921692
1.502978,	172.497833
1.503064,	162.121658
1.503149,	162.095367
1.503234,	162.069061
1.503319,	158.595062
1.503404,	155.122177
1.50349,	179.223206
1.503575,	161.963928
1.50366,	158.492172
1.503746,	203.250458
1.503831,	165.329483
1.503916,	161.858856
1.504002,	182.492065
1.504087,	151.478271
1.504172,	151.45369
1.504258,	168.636978
1.504343,	165.168594
1.504429,	141.058624
1.504514,	137.59584
1.504599,	171.966888
1.504685,	147.867523
1.50477,	175.349304
1.504856,	165.007858
1.504941,	140.921341
1.505027,	140.898468
1.505112,	164.927536
1.505198,	109.933846
1.505283,	168.308884
1.505369,	192.321777
1.505454,	168.254242
1.50554,	192.259354
1.505626,	223.121964
1.505711,	188.764862
1.505797,	157.850449
1.505883,	157.824814
1.505968,	144.07753
1.506054,	161.203445
1.50614,	192.041016
1.506225,	168.008606
1.506311,	191.978668
1.506397,	181.664597
1.506482,	140.510178
1.506568,	164.473007
1.506654,	140.464554
1.50674,	150.717972
1.506826,	157.543213
1.506911,	130.12326
1.506997,	150.644577
1.507083,	140.350571
1.507169,	147.173035
1.507255,	164.259506
1.507341,	177.9189
1.507427,	188.152893
1.507512,	143.657059
1.507598,	167.572678
1.507684,	188.061234
1.50777,	235.893066
1.507856,	143.563766
1.507942,	208.475403
1.508028,	228.944
1.508114,	208.4077
1.5082,	201.541916
1.508286,	181.016724
1.508372,	208.306168
1.508458,	153.643524
1.508544,	153.618561
1.508631,	170.659561
1.508717,	180.869751
1.508803,	119.42289
1.508889,	156.930298
1.508975,	146.67189
1.509061,	184.162674
1.509147,	153.44397
1.509234,	180.693527
1.50932,	180.664185
1.509406,	190.859436
1.509492,	177.19783
1.509578,	201.018723
1.509665,	194.172974
1.509751,	200.9534
1.509837,	194.109879
1.509924,	190.673447
1.51001,	211.068451
1.510096,	187.207718
1.510183,	210.999847
1.510269,	166.73085
1.510355,	163.301636
1.510442,	159.873535
1.510528,	197.258682
1.510615,	173.423416
1.510701,	180.195038
1.510787,	193.763168
1.510874,	180.136475
1.51096,	173.310699
1.511047,	173.282516
1.511133,	139.282913
1.51122,	176.622787
1.511306,	142.633682
1.511393,	162.983429
1.511479,	142.587311
1.511566,	190.08551
1.511653,	176.479279
1.511739,	173.057312
1.511826,	176.421906
1.511912,	183.177582
1.511999,	196.714294
1.512086,	139.034058
1.512172,	186.478775
1.512259,	196.618362
1.512346,	223.701767
1.512432,	206.721039
1.512519,	155.862656
1.512606,	155.837311
1.512693,	172.748047
1.512779,	189.65329
1.512866,	138.830719
1.512953,	176.049362
1.51304,	179.405746
1.513127,	169.223175
1.513213,	196.266953
1.5133,	169.168137
1.513387,	175.90625
1.513474,	182.642166
1.513561,	172.467316
1.513648,	179.201599
1.513735,	206.217346
1.513822,	162.242996
1.513909,	209.52977
1.513996,	168.948135
1.514083,	202.704788
1.51417,	152.00386
1.514256,	151.979126
1.514344,	192.475586
1.514431,	195.82048
1.514518,	189.037292
1.514605,	202.507004
1.514692,	199.099487
1.514779,	192.319061
1.514866,	165.300018
1.514953,	188.88356
1.51504,	145.011993
1.515127,	182.078461
1.515215,	158.449905
1.515302,	175.277756
1.515389,	171.879059
1.515476,	175.220718
1.515563,	181.930359
1.515651,	188.637817
1.515738,	185.239136
1.515825,	181.841553
1.515912,	218.847733
1.516,	205.346756
1.516087,	218.776505
1.516174,	181.723206
1.516262,	174.964233
1.516349,	198.484787
1.516436,	198.452484
1.516524,	228.687668
1.516611,	221.92543
1.516698,	208.441467
1.516786,	201.684708
1.516873,	194.930145
1.516961,	241.942856
1.517048,	201.586227
1.517136,	198.194183
1.517223,	184.727219
1.517311,	214.920303
1.517398,	194.739822
1.517486,	204.779221
1.517573,	198.032898
1.517661,	167.797165
1.517748,	191.257614
1.517836,	204.645874
1.517924,	191.195328
1.518011,	184.45668
1.518099,	201.192703
1.518187,	204.512604
1.518274,	204.479309
1.518362,	214.500717
1.51845,	231.220932
1.518537,	190.977478
1.518625,	200.996185
1.518713,	221.059799
1.5188,	244.465714
1.518888,	224.33609
1.518976,	227.647308
1.519064,	227.610229
1.519152,	210.839828
1.519239,	240.920547
1.519327,	194.043274
1.519415,	207.391785
1.519503,	193.980057
1.519591,	167.196945
1.519679,	163.826309
1.519767,	254.056564
1.519855,	183.826767
1.519942,	227.2397
1.52003,	197.131729
1.520118,	200.440277
1.520206,	237.149017
1.520294,	193.695801
1.520382,	213.698471
1.52047,	230.356125
1.520558,	243.67038
1.520646,	200.244385
1.520734,	223.569794
1.520823,	230.206009
1.520911,	223.496933
1.520999,	223.46051
1.521087,	236.762848
1.521175,	226.721817
1.521263,	230.018463
1.521351,	229.980972
1.521439,	209.94841
1.521528,	196.586304
1.521616,	256.519958
1.521704,	233.161957
1.521792,	206.481201
1.521881,	223.096542
1.521969,	206.413895
1.522057,	236.338669
1.522145,	209.674759
1.522234,	212.968216
1.522322,	209.6064
1.52241,	166.327164
1.522499,	226.16806
1.522587,	229.45665
1.522675,	246.043823
1.522764,	265.949951
1.522852,	202.753769
1.522941,	212.690567
1.523029,	239.237885
1.523117,	252.487686
1.523206,	245.803192
1.523294,	245.763107
1.523383,	259.005341
1.523471,	219.122635
1.52356,	292.115845
1.523649,	222.370117
1.523737,	215.697021
1.523826,	255.476334
1.523914,	228.895996
1.524003,	232.175446
1.524091,	212.240067
1.52418,	192.311188
1.524269,	261.898376
1.524357,	225.39473
1.524446,	205.473434
1.524535,	195.499283
1.524623,	238.536469
1.524712,	228.56015
1.524801,	221.899017
1.524889,	228.48558
1.524978,	261.556763
1.525067,	235.031631
1.525156,	225.063995
1.525245,	254.810287
1.525333,	238.225296
1.525422,	281.192291
1.525511,	221.609528
1.5256,	231.494553
1.525689,	218.230682
1.525778,	247.948929
1.525867,	208.243118
1.525955,	247.868011
1.526044,	228.001358
1.526133,	231.267975
1.526222,	237.836807
1.526311,	251.008987
1.5264,	270.781281
1.526489,	227.815338
1.526578,	231.079285
1.526667,	280.550476
1.526756,	231.00386
1.526845,	244.164215
1.526935,	290.310028
1.527024,	247.382935
1.527113,	303.40686
1.527202,	237.41008
1.527291,	290.120514
1.52738,	257.110291
1.527469,	273.547028
1.527558,	270.207153
1.527647,	283.341736
1.527737,	214.118668
1.527826,	286.542786
1.527915,	286.496002
1.528004,	246.93898
1.528094,	246.898651
1.528183,	276.481323
1.528272,	236.945297
1.528362,	240.196976
1.528451,	269.766235
1.52854,	266.432892
1.52863,	226.924271
1.528719,	256.481201
1.528808,	230.137833
1.528898,	259.68457
1.528987,	285.935028
1.529076,	266.171875
1.529166,	229.987503
1.529255,	279.224915
1.529345,	282.463776
1.529434,	239.726578
1.529524,	282.37149
1.529613,	265.911072
1.529703,	305.255432
1.529792,	249.415298
1.529882,	272.343262
1.529971,	272.298767
1.530061,	265.693909
1.530151,	282.048676
1.53024,	249.211594
1.53033,	232.778061
1.53042,	245.852127
1.530509,	239.256973
1.530599,	229.386993
1.530689,	285.048676
1.530778,	271.89856
1.530868,	284.955505
1.530958,	288.183746
1.531048,	281.588104
1.531137,	258.625854
1.531227,	284.769257
1.531317,	294.540741
1.531407,	274.859741
1.531497,	350.061737
1.531586,	287.854187
1.531676,	320.512482
1.531766,	317.190094
1.531856,	290.982513
1.531946,	313.817444
1.532036,	209.177429
1.532126,	274.500488
1.532215,	297.326904
1.532305,	267.877136
1.532395,	300.495941
1.532485,	241.663742
1.532575,	218.767883
1.532665,	297.083893
1.532755,	264.394073
1.532845,	290.459564
1.532936,	293.67514
1.533026,	283.839539
1.533116,	247.911224
1.533206,	270.700867
1.533296,	316.309509
1.533386,	348.861694
1.533476,	290.127197
1.533566,	316.154327
1.533656,	286.773529
1.533747,	358.408264
1.533837,	296.452881
1.533927,	276.861237
1.534017,	312.639191
1.534108,	306.075806
1.534198,	315.792511
1.534288,	325.506012
1.534378,	325.452759
1.534469,	292.859558
1.534559,	292.811646
1.534649,	273.246155
1.53474,	273.201447
1.53483,	276.40863
1.53492,	286.117401
1.535011,	289.321381
1.535101,	302.275116
1.535192,	259.979034
1.535282,	337.91745
1.535372,	276.137329
1.535463,	298.829163
1.535553,	311.770691
1.535644,	298.731354
1.535734,	311.66864
1.535825,	285.649506
1.535915,	324.548584
1.536006,	305.025726
1.536097,	311.46463
1.536187,	314.657532
1.536278,	321.092773
1.536368,	298.340393
1.536459,	308.018433
1.53655,	278.792114
1.53664,	333.847504
1.536731,	327.311432
1.536822,	272.174835
1.536912,	275.369934
1.537003,	323.911591
1.537094,	294.711273
1.537185,	356.186066
1.537275,	291.377228
1.537366,	294.566528
1.537457,	307.464142
1.537548,	323.593475
1.537639,	326.775879
1.537729,	329.957245
1.53782,	342.840576
1.537911,	333.082977
1.538002,	362.128021
1.538093,	316.81012
1.538184,	374.938293
1.538275,	345.791626
1.538366,	329.579132
1.538457,	323.063873
1.538548,	290.709869
1.538639,	377.860901
1.53873,	306.759888
1.538821,	368.051544
1.538912,	358.307281
1.539003,	303.381683
1.539094,	293.651154
1.539185,	329.093536
1.539276,	303.232574
1.539367,	348.337799
1.539458,	322.482147
1.539549,	380.466583
1.53964,	348.166595
1.539732,	351.332794
1.539823,	360.943329
1.539914,	367.328552
1.540005,	393.041565
1.540096,	418.746155
1.540188,	392.91275
1.540279,	431.489166
1.54037,	357.369019
1.540461,	379.843536
1.540553,	402.310669
1.540644,	402.24472
1.540735,	357.134766
1.540827,	366.726929
1.540918,	373.099579
1.541009,	353.743317
1.541101,	353.685333
1.541192,	414.708435
1.541284,	376.069244
1.541375,	340.656464
1.541466,	363.093079
1.541558,	353.395508
1.541649,	350.125397
1.541741,	346.856354
1.541833,	407.810516
1.541924,	340.321472
1.542016,	391.626495
1.542107,	375.514648
1.542199,	397.916077
1.54229,	356.140656
1.542382,	452.320709
1.542474,	368.853546
1.542565,	423.310272
1.542657,	410.415375
1.542748,	387.907135
1.54284,	381.432892
1.542932,	432.647003
1.543023,	362.082153
1.543115,	397.263916
1.543207,	371.573029
1.543299,	358.701324
1.543391,	371.451141
1.543482,	339.37381
1.543574,	380.932617
1.543666,	380.870117
1.543758,	364.807312
1.543849,	377.545593
1.543941,	332.697449
1.544033,	422.200562
1.544125,	402.943512
1.544217,	393.285065
1.544309,	434.780426
1.544401,	460.280212
1.544493,	428.246002
1.544585,	383.440948
1.544677,	440.884735
1.544769,	444.006683
1.544861,	392.833496
1.544953,	434.281189
1.545045,	392.704559
1.545137,	402.216705
1.545229,	402.150665
1.545321,	449.951874
1.545413,	437.11554
1.545505,	392.382355
1.545597,	417.834564
1.545689,	414.576935
1.545782,	357.115326
1.545874,	388.936768
1.545966,	427.122711
1.546058,	427.052582
1.54615,	433.355316
1.546243,	452.399658
1.546335,	468.252319
1.546427,	442.696503
1.546519,	461.729858
1.546612,	445.734955
1.546704,	464.761536
1.546796,	410.578033
1.546889,	413.692841
1.546981,	442.260498
1.547073,	419.919403
1.547166,	470.741394
1.547258,	445.222778
1.547351,	419.712524
1.547443,	470.50946
1.547536,	470.43219
1.547628,	460.820679
1.54772,	460.744995
1.547813,	416.190887
1.547905,	435.18158
1.547998,	416.054169
1.54809,	431.863129
1.548183,	457.191711
1.548275,	399.97702
1.548368,	444.345886
1.548461,	520.43396
1.548553,	501.31131
1.548646,	504.401276
1.548739,	466.256622
1.548831,	450.323547
1.548924,	472.444946
1.549017,	453.345795
1.549109,	472.289673
1.549202,	459.535217
1.549295,	475.303131
1.549387,	491.065857
1.54948,	506.823364
1.549573,	433.896179
1.549666,	424.325043
1.549759,	433.75354
1.549852,	478.000153
1.549944,	446.271149
1.550037,	443.033264
1.55013,	468.272461
1.550223,	474.52243
1.550316,	480.770355
1.550409,	464.879089
1.550502,	531.203064
1.550595,	505.824463
1.550688,	470.971588
1.550781,	575.186157
1.550874,	530.85376
1.550967,	511.810516
1.55106,	536.996765
1.551153,	486.375916
1.551246,	514.71582
1.551339,	571.461609
1.551432,	536.643616
1.551525,	489.21225
1.551618,	504.910248
1.551711,	548.999573
1.551804,	533.136047
1.551898,	460.503296
1.551991,	476.195618
1.552084,	495.035858
1.552177,	488.649261
1.55227,	535.849731
1.552364,	482.185425
1.552457,	507.31427
1.55255,	485.177307
1.552643,	516.59729
1.552737,	541.708008
1.55283,	538.469971
1.552923,	582.459351
1.553017,	531.996948
1.55311,	575.9729
1.553203,	575.878113
1.553297,	566.344299
1.55339,	588.271973
1.553484,	493.815521
1.553577,	534.616699
1.553671,	525.095886
1.553764,	534.440735
1.553858,	546.925781
1.553951,	581.405823
1.554044,	524.750244
1.554138,	534.088989
1.554232,	518.295166
1.554325,	530.772461
1.554419,	521.264648
1.554512,	549.435547
1.554606,	574.458008
1.5547,	514.730103
1.554793,	586.821228
1.554887,	577.31189
1.554981,	564.66864
1.555074,	589.667908
1.555168,	586.434814
1.555262,	605.151245
1.555355,	598.781616
1.555449,	561.069458
1.555543,	611.120239
1.555637,	564.018127
1.55573,	548.26062
1.555824,	601.421143
1.555918,	579.398926
1.556012,	554.252502
1.556106,	591.731506
1.5562,	547.809265
1.556293,	579.017273
1.556387,	575.792603
1.556481,	638.273621
1.556575,	581.859497
1.556669,	594.274658
1.556763,	544.140808
1.556857,	609.712524
1.556951,	606.485901
1.557045,	650.145752
1.557139,	596.910461
1.557233,	593.687439
1.557327,	618.582886
1.557421,	655.964661
1.557515,	643.364075
1.55761,	618.277161
1.557704,	674.373047
1.557798,	646.167664
1.557892,	583.639771
1.557986,	686.521912
1.55808,	652.088318
1.558174,	633.263672
1.558269,	611.326233
1.558363,	608.106934
1.558457,	632.950623
1.558551,	592.319153
1.558646,	607.806274
1.55874,	632.637634
1.558834,	598.258118
1.558928,	588.813293
1.559023,	591.831116
1.559117,	678.936401
1.559212,	644.571838
1.559306,	678.712524
1.5594,	734.631836
1.559495,	743.847717
1.559589,	706.38324
1.559684,	715.600647
1.559778,	740.369019
1.559873,	699.813293
1.559967,	705.917419
1.560062,	631.178833
1.560156,	674.597168
1.560251,	646.511841
1.560345,	699.236389
1.56044,	689.799438
1.560534,	602.698303
1.560629,	649.191589
1.560724,	649.084473
1.560818,	608.610413
1.560913,	707.858582
1.561008,	757.407898
1.561102,	630.034607
1.561197,	744.745605
1.561292,	623.621521
1.561386,	722.785278
1.561481,	753.681763
1.561576,	744.254211
1.561671,	772.036316
1.561765,	756.408752
1.56186,	796.577759
1.561955,	790.248291
1.56205,	774.625366
1.562145,	771.399536
1.56224,	783.66217
1.562335,	814.502502
1.562429,	752.438965
1.562524,	770.890442
1.562619,	736.71344
1.562714,	770.635986
1.562809,	736.470215
1.562904,	693.034058
1.562999,	782.627991
1.563094,	680.433716
1.563189,	770.000122
1.563284,	732.770691
1.563379,	763.563232
1.563474,	809.799744
1.563569,	837.479004
1.563664,	797.173096
1.56376,	874.27417
1.563855,	877.218567
1.56395,	833.837708
1.564045,	790.47113
1.56414,	802.689636
1.564235,	845.771729
1.564331,	898.098267
1.564426,	789.949097
1.564521,	882.375488
1.564616,	872.975586
1.564712,	761.799866
1.564807,	838.766541
1.564902,	776.964172
1.564998,	786.083862
1.565093,	782.871826
1.565188,	853.620789
1.565284,	779.532043
1.565379,	757.838745
1.565474,	785.434814
1.56557,	862.295715
1.565665,	852.915894
1.565761,	843.539124
1.565856,	883.4151
1.565952,	889.424316
1.566047,	833.889832
1.566143,	910.666443
1.566238,	919.744141
1.566334,	867.307617
1.566429,	904.064941
1.566525,	900.840942
1.56662,	866.877686
1.566716,	922.057922
1.566812,	915.75946
1.566907,	854.157898
1.567003,	826.368713
1.567099,	844.661072
1.567194,	856.805359
1.56729,	825.958923
1.567386,	807.402588
1.567481,	822.616394
1.567577,	868.514771
1.567673,	935.877075
1.567769,	944.926147
1.567864,	999.983765
1.56796,	941.546814
1.568056,	922.992554
1.568152,	1017.883301
1.568248,	1045.303589
1.568344,	1029.806274
1.56844,	1035.764771
1.568535,	971.251831
1.568631,	964.964478
1.568727,	961.742004
1.568823,	970.77002
1.568919,	982.856934
1.569015,	1031.676025
1.569111,	927.436584
1.569207,	893.619385
1.569303,	960.787964
1.569399,	966.747681
1.569495,	987.999512
1.569592,	960.311218
1.569688,	950.978882
1.569784,	1008.910339
1.56988,	1024.027344
1.569976,	1106.377808
1.570072,	1002.298035
1.570168,	1081.569458
1.570264,	1081.390503
1.570361,	1120.917114
1.570457,	1163.484375
1.570553,	1190.771118
1.57065,	1056.25293
1.570746,	1138.48877
1.570842,	1119.989868
1.570938,	1061.831055
1.571035,	1067.756714
1.571131,	1079.780884
1.571227,	1097.900513
1.571324,	987.946899
1.57142,	1015.221802
1.571516,	1130.88562
1.571613,	1072.792114
1.571709,	1011.670471
1.571806,	1078.530273
1.571902,	1060.074585
1.571999,	1069.036133
1.572095,	1126.717529
1.572192,	1196.558594
1.572288,	1132.432861
1.572385,	1199.206055
1.572481,	1259.87085
1.572578,	1250.53418
1.572675,	1259.453491
1.572771,	1149.745361
1.572868,	1280.324463
1.572964,	1204.096191
1.573061,	1170.4552
1.573158,	1237.133423
1.573254,	1118.402222
1.573351,	1115.178345
1.573448,	1187.908691
1.573545,	1084.432617
1.573641,	1120.698486
1.573738,	1117.476196
1.573835,	1199.266235
1.573932,	1232.459229
1.574028,	1183.693237
1.574125,	1235.085449
1.574222,	1204.539795
1.574319,	1304.449097
1.574416,	1252.670288
1.574513,	1331.310181
1.57461,	1343.218018
1.574707,	1400.595581
1.574804,	1315.493042
1.574901,	1369.825562
1.574997,	1336.267578
1.575094,	1366.341919
1.575191,	1278.272095
1.575289,	1332.574707
1.575385,	1335.381836
1.575483,	1326.077759
1.57558,	1344.020386
1.575677,	1271.159912
1.575774,	1252.792725
1.575871,	1252.585083
1.575968,	1243.302124
1.576065,	1285.439941
1.576162,	1248.93811
1.57626,	1339.437866
1.576357,	1354.331055
1.576454,	1429.67041
1.576551,	1375.036377
1.576648,	1486.605957
1.576746,	1471.25415
1.576843,	1386.43457
1.57694,	1434.525513
1.577038,	1482.600464
1.577135,	1506.506958
1.577232,	1415.700562
1.57733,	1388.303223
1.577427,	1391.090576
1.577524,	1556.797485
1.577622,	1402.69519
1.577719,	1387.382324
1.577817,	1462.540894
1.577914,	1423.102539
1.578012,	1389.706421
1.578109,	1455.784912
1.578207,	1461.570557
1.578304,	1407.09314
1.578402,	1400.834595
1.578499,	1557.228638
1.578597,	1448.554443
1.578694,	1574.778076
1.578792,	1586.55896
1.57889,	1622.41626
1.578987,	1670.299805
1.579085,	1615.859619
1.579183,	1624.617065
1.57928,	1648.411865
1.579378,	1735.3573
1.579476,	1680.942261
1.579574,	1572.427368
1.579671,	1587.196533
1.579769,	1589.938599
1.579867,	1514.54834
1.579965,	1598.424438
1.580062,	1592.151001
1.58016,	1570.861694
1.580258,	1546.576416
1.580356,	1555.327271
1.580454,	1603.102051
1.580552,	1566.817017
1.58065,	1716.610229
1.580748,	1677.317749
1.580846,	1755.041016
1.580943,	1832.738525
1.581041,	1835.433105
1.581139,	1745.171021
1.581237,	1933.760132
1.581336,	1822.528442
1.581434,	1792.254883
1.581532,	1747.008423
1.58163,	1809.636108
1.581728,	1770.392822
1.581826,	1707.201782
1.581924,	1850.658691
1.582022,	1772.504639
1.58212,	1718.325439
1.582219,	1792.867432
1.582317,	1798.55481
1.582415,	1765.342773
1.582513,	1711.200439
1.582611,	1779.71167
1.58271,	1902.031128
1.582808,	1850.883057
1.582906,	1943.253784
1.583004,	1930.974243
1.583103,	1966.516846
1.583201,	1975.154419
1.5833,	2013.665405
1.583398,	2055.150635
1.583496,	2117.528564
1.583595,	1994.744629
1.583693,	2036.212036
1.583791,	1988.111084
1.58389,	1999.719238
1.583988,	2050.117432
1.584087,	2034.858398
1.584185,	1992.755737
1.584284,	2001.372437
1.584382,	1917.538696
1.584481,	1973.871826
1.584579,	2009.317749
1.584678,	1988.118774
1.584777,	2020.570312
1.584875,	2061.949951
1.584974,	2130.128662
1.585073,	2117.859619
1.585171,	2186.006348
1.58527,	2224.353027
1.585369,	2149.55249
1.585467,	2256.356934
1.585566,	2241.100586
1.585665,	2285.36377
1.585764,	2168.949219
1.585863,	2269.729736
1.585961,	2236.635498
1.58606,	2268.974609
1.586159,	2209.131836
1.586258,	2315.783936
1.586357,	2140.034668
1.586455,	2213.9729
1.586554,	2142.293945
1.586653,	2106.287842
1.586752,	2097.026611
1.586851,	2221.40918
1.58695,	2289.333496
1.587049,	2277.077148
1.587148,	2365.747559
1.587247,	2475.16333
1.587346,	2359.025635
1.587445,	2453.571533
1.587544,	2444.26416
1.587643,	2562.491211
1.587742,	2591.718018
1.587842,	2505.305664
1.587941,	2561.21167
1.58804,	2691.195557
1.588139,	2441.82373
1.588238,	2562.895508
1.588337,	2473.596924
1.588436,	2416.908936
1.588536,	2443.15918
1.588635,	2478.283203
1.588734,	2528.197754
1.588833,	2370.900635
1.588933,	2494.802002
1.589032,	2562.442139
1.589131,	2434.802246
1.589231,	2668.074951
1.58933,	2649.885742
1.589429,	2705.626953
1.589529,	2773.175293
1.589628,	2890.952637
1.589728,	2674.720215
1.589827,	2857.484619
1.589927,	3013.597412
1.590026,	2844.716553
1.590126,	2900.359375
1.590225,	2840.815674
1.590325,	2884.630371
1.590424,	2839.868896
1.590524,	2839.395752
1.590623,	2853.677979
1.590723,	2752.883057
1.590822,	2776.024902
1.590922,	2781.461426
1.591022,	2707.270508
1.591121,	2759.894043
1.591221,	2833.136963
1.591321,	2935.831543
1.59142,	2773.25
1.59152,	2946.639404
1.59162,	2969.717529
1.59172,	3113.55957
1.591819,	3089.479248
1.591919,	3295.091553
1.592019,	3291.5979
1.592119,	3352.866699
1.592219,	3255.181885
1.592319,	3310.550781
1.592418,	3245.269775
1.592518,	3141.768311
1.592618,	3129.479248
1.592718,	3161.305664
1.592818,	3007.88501
1.592918,	3095.576416
1.593018,	3133.270752
1.593118,	3038.707031
1.593218,	3264.449219
1.593318,	3222.775391
1.593418,	3330.918701
1.593518,	3374.415283
1.593618,	3417.897461
1.593718,	3373.289795
1.593818,	3478.399902
1.593918,	3521.842529
1.594019,	3670.908447
1.594119,	3728.973633
1.594219,	3699.017578
1.594319,	3704.266113
1.594419,	3694.85083
1.594519,	3676.642578
1.59462,	3532.388428
1.59472,	3663.691895
1.59482,	3548.79248
1.594921,	3574.569824
1.595021,	3494.877197
1.595121,	3456.217041
1.595222,	3540.566895
1.595322,	3419.927002
1.595422,	3565.732666
1.595523,	3682.219238
1.595623,	3737.208984
1.595724,	3865.332031
1.595824,	3814.951904
1.595924,	4080.498047
1.596025,	4123.686035
1.596125,	4041.122314
1.596226,	4119.385254
1.596326,	4185.929688
1.596427,	4193.998535
1.596527,	4190.375977
1.596628,	4186.754883
1.596729,	4110.10498
1.596829,	4077.290771
1.59693,	4172.976562
1.597031,	4064.25
1.597131,	4095.682861
1.597232,	3960.736328
1.597332,	4018.439941
1.597433,	3985.67334
1.597534,	3973.338379
1.597635,	4133.098145
1.597736,	4196.566895
1.597836,	4233.771484
1.597937,	4317.608398
1.598038,	4450.970215
1.598139,	4502.685059
1.59824,	4583.520996
1.59834,	4693.463867
1.598441,	4660.637695
1.598542,	4525.887695
1.598643,	4667.815918
1.598744,	4760.20166
1.598845,	4602.214844
1.598946,	4549.057617
1.599047,	4766.54541
1.599148,	4503.894531
1.599249,	4514.777832
1.59935,	4435.493164
1.599451,	4417.303223
1.599552,	4465.993164
1.599653,	4287.916016
1.599754,	4365.676758
1.599855,	4463.753906
1.599956,	4619.910156
1.600058,	4717.911621
1.600159,	4708.40918
1.60026,	4919.624512
1.600361,	4959.453125
1.600462,	5135.717285
1.600564,	5221.939453
1.600665,	5046.933594
1.600766,	5298.539062
1.600867,	5341.171875
1.600969,	5261.958008
1.60107,	5133.466309
1.601171,	5025.315918
1.601273,	5001.28125
1.601374,	4922.176758
1.601475,	4915.556641
1.601577,	5059.626465
1.601678,	5012.422363
1.60178,	4915.986816
1.601881,	5002.056152
1.601983,	5212.619629
1.602084,	5275.446777
1.602186,	5465.629395
1.602287,	5458.925781
1.602389,	5585.34668
1.60249,	5729.085938
1.602592,	5858.312012
1.602693,	5909.396973
1.602795,	5847.675293
1.602897,	5971.032715
1.602998,	6039.418945
1.6031,	5966.143555
1.603202,	5936.244141
1.603303,	5900.575195
1.603405,	5723.351074
1.603507,	5803.274902
1.603608,	5588.57959
1.60371,	5798.444336
1.603812,	5543.400879
1.603914,	5692.581543
1.604016,	5885.004883
1.604117,	5944.620117
1.604219,	5825.329102
1.604321,	6133.024414
1.604423,	6241.600098
1.604525,	6355.907227
1.604627,	6504.775391
1.604729,	6610.351074
1.604831,	7041.597656
1.604933,	6930.907227
1.605035,	6877.880859
1.605137,	6709.63623
1.605239,	6826.609863
1.605341,	6770.747559
1.605443,	6775.37207
1.605545,	6725.294434
1.605647,	6796.129883
1.605749,	6455.385742
1.605851,	6609.690918
1.605953,	6430.206543
1.606055,	6578.710449
1.606158,	6701.279785
1.60626,	6662.773926
1.606362,	6952.044922
1.606464,	6876.13916
1.606566,	7331.978027
1.606669,	7221.549316
1.606771,	7522.024414
1.606873,	7724.726562
1.606976,	7732.04834
1.607078,	7862.853027
1.60718,	7979.256836
1.607282,	7840.121582
1.607385,	7916.305176
1.607487,	7653.824219
1.60759,	7632.455566
1.607692,	7803.307617
1.607795,	7540.976562
1.607897,	7582.730469
1.607999,	7549.91748
1.608102,	7462.643555
1.608204,	7705.041016
1.608307,	7677.955078
1.60841,	7610.76123
1.608512,	8059.29248
1.608615,	8158.199219
1.608717,	8033.676758
1.60882,	8272.870117
1.608923,	8617.916992
1.609025,	8630.78418
1.609128,	8760.994141
1.609231,	8645.058594
1.609333,	8866.780273
1.609436,	8979.719727
1.609539,	9052.579102
1.609641,	8925.232422
1.609744,	8777.912109
1.609847,	8530.584961
1.60995,	8489.137695
1.610053,	8493.428711
1.610155,	8666.300781
1.610258,	8439.155273
1.610361,	8389.179688
1.610464,	8510.576172
1.610567,	8566.255859
1.61067,	8653.321289
1.610773,	9025.802734
1.610876,	9084.22168
1.610979,	9102.670898
1.611082,	9480.595703
1.611185,	9889.770508
1.611288,	9905.222656
1.611391,	9960.59082
1.611494,	9910.450195
1.611597,	10062.719727
1.6117,	10049.629883
1.611803,	9648.988281
1.611906,	9798.375
1.61201,	9560.286133
1.612113,	9655.521484
1.612216,	9485.881836
1.612319,	9373.245117
1.612422,	8993.045898
1.612526,	9142.390625
1.612629,	9294.53125
1.612732,	9455.155273
1.612835,	9681.158203
1.612939,	9827.441406
1.613042,	10016.333984
1.613145,	10131.233398
1.613249,	10280.208984
1.613352,	10753.179688
1.613455,	10728.636719
1.613559,	10741.041992
1.613662,	11145.509766
1.613766,	11089.666016
1.613869,	10840.712891
1.613973,	10838.890625
1.614076,	10751.894531
1.61418,	10494.606445
1.614283,	10572.3125
1.614387,	10306.626953
1.61449,	10253.824219
1.614594,	10396.775391
1.614697,	10553.860352
1.614801,	10330.892578
1.614905,	10366.015625
1.615008,	10571.217773
1.615112,	10994.599609
1.615216,	11162.786133
1.615319,	11390.417969
1.615423,	11796.449219
1.615527,	12091.875977
1.615631,	12027.539062
1.615734,	12430.425781
1.615838,	12218.836914
1.615942,	12194.137695
1.616046,	12166.616211
1.61615,	12113.636719
1.616254,	11763.613281
1.616357,	11673.945312
1.616461,	11479.665039
1.616565,	11500.355469
1.616669,	11385.331055
1.616773,	11332.53418
1.616877,	11624.5625
1.616981,	11809.111328
1.617085,	11677.158203
1.617189,	12322.088867
1.617293,	12348.259766
1.617397,	12594.6875
1.617501,	13021.731445
1.617605,	13239.732422
1.61771,	13195.166992
1.617814,	13737.59668
1.617918,	13935.614258
1.618022,	13842.995117
1.618126,	13826.561523
1.61823,	13632.466797
1.618335,	13520.206055
1.618439,	13543.302734
1.618543,	13312.708008
1.618647,	13417.55957
1.618752,	13322.31543
1.618856,	12936.922852
1.61896,	13253.043945
1.619065,	13428.241211
1.619169,	13690.669922
1.619273,	13705.256836
1.619378,	13995.699219
1.619482,	14542.15625
1.619586,	14587.544922
1.619691,	14866.436523
1.619795,	15162.111328
1.6199,	15300.18457
1.620004,	15519.760742
1.620109,	15812.363281
1.620213,	15849.055664
1.620318,	15762.066406
1.620423,	15736.930664
1.620527,	15234.154297
1.620632,	15299.008789
1.620736,	14889.163086
1.620841,	14951.245117
1.620946,	14797.105469
1.62105,	14954.629883
1.621155,	14668.617188
1.62126,	15028.168945
1.621364,	15070.53125
1.621469,	15154.959961
1.621574,	15531.076172
1.621679,	15940.71875
1.621783,	15879.147461
1.621888,	16347.466797
1.621993,	16773.582031
1.622098,	16784.767578
1.622203,	16916.439453
1.622308,	16658.638672
1.622413,	16706.251953
1.622517,	16274.926758
1.622622,	16112.569336
1.622727,	15799.079102
1.622832,	15575.270508
1.622937,	15287.165039
1.623042,	15438.496094
1.623147,	14839.945312
1.623252,	14991.299805
1.623358,	15061.492188
1.623463,	14994.633789
1.623568,	15117.924805
1.623673,	15059.464844
1.623778,	15154.750977
1.623883,	15367.37793
1.623988,	15677.725586
1.624093,	16138.824219
1.624199,	16136.101562
1.624304,	16136.172852
1.624409,	15912.865234
1.624514,	15899.013672
1.624619,	15525.09082
1.624725,	15151.293945
1.62483,	15104.092773
1.624936,	14747.231445
1.625041,	14527.169922
1.625146,	13927.888672
1.625252,	14078.90332
1.625357,	13934.339844
1.625462,	13767.525391
1.625568,	13664.868164
1.625673,	13668.134766
1.625779,	14111.604492
1.625884,	14070.223633
1.62599,	13875.671875
1.626095,	14257.617188
1.626201,	14330.384766
1.626306,	14703.771484
1.626412,	14623.357422
1.626518,	14609.756836
1.626623,	14548.861328
1.626729,	14415.657227
1.626834,	14349.25
1.62694,	14307.894531
1.627046,	13432.413086
1.627151,	13841.583984
1.627257,	13394.522461
1.627363,	13131.029297
1.627469,	13187.162109
1.627574,	13046.02832
1.62768,	13204.928711
1.627786,	13155.486328
1.627892,	13250.448242
1.627998,	13523.057617
1.628104,	13914.932617
1.628209,	14223.416016
1.628315,	14076.72168
1.628421,	14673.605469
1.628527,	14449.214844
1.628633,	14652.006836
1.628739,	14630.120117
1.628845,	14380.896484
1.628951,	14248.181641
1.629057,	14082.251953
1.629163,	14035.535156
1.629269,	13933.420898
1.629375,	13742.695312
1.629481,	13402.472656
1.629588,	13394.667969
1.629694,	13378.560547
1.6298,	13210.202148
1.629906,	13562.248047
1.630012,	13529.514648
1.630118,	13961.625977
1.630224,	14188.876953
1.630331,	14203.074219
1.630437,	14513.169922
1.630543,	14662.791016
1.63065,	15036.288086
1.630756,	15047.56543
1.630862,	15069.893555
1.630969,	14976.161133
1.631075,	15128.337891
1.631181,	14926.901367
1.631288,	14267.084961
1.631394,	14416.541016
1.631501,	14146.305664
1.631607,	13939.648438
1.631713,	13934.530273
1.63182,	13590.008789
1.631927,	13653.923828
1.632033,	13665.40625
1.63214,	13842.363281
1.632246,	14157.136719
1.632353,	14132.68457
1.632459,	14527.243164
1.632566,	14579.907227
1.632673,	15156.12793
1.632779,	15338.161133
1.632886,	15217.112305
1.632993,	15302.672852
1.633099,	15220.223633
1.633206,	15561.813477
1.633313,	15044.393555
1.633419,	14750.092773
1.633526,	14450.387695
1.633633,	14513.976562
1.63374,	14096.118164
1.633847,	14134.990234
1.633954,	14162.847656
1.63406,	14042.216797
1.634167,	14023.344727
1.634274,	14059.451172
1.634381,	14439.071289
1.634488,	14711.399414
1.634595,	15137.483398
1.634702,	15343.676758
1.634809,	15417.976562
1.634916,	15648.764648
1.635023,	15687.294922
1.63513,	15830.120117
1.635237,	16008.575195
1.635344,	15791.829102
1.635451,	15531.259766
1.635558,	15358.557617
1.635666,	15358.698242
1.635773,	15065.426758
1.63588,	14843.539062
1.635987,	14761.52832
1.636094,	14698.729492
1.636202,	14775.708008
1.636309,	15096.504883
1.636416,	14883.014648
1.636523,	15211.900391
1.636631,	15450.305664
1.636738,	15477.804688
1.636845,	16126.709961
1.636953,	16367.574219
1.63706,	16660.351562
1.637167,	16827.167969
1.637275,	16701.208984
1.637382,	16662.820312
1.63749,	16914.326172
1.637597,	16651.703125
1.637705,	16411.039062
1.637812,	16211.455078
1.63792,	16285.226562
1.638027,	15954.575195
1.638135,	15927.282227
1.638242,	15823.516602
1.63835,	15935.536133
1.638458,	15856.376953
1.638565,	16001.113281
1.638673,	16386.007812
1.638781,	16675.25
1.638888,	17109.015625
1.638996,	17387.123047
1.639104,	17997.923828
1.639211,	17763.048828
1.639319,	18207.240234
1.639427,	18697.628906
1.639535,	18659.019531
1.639643,	18759.421875
1.63975,	18688.113281
1.639858,	18573.234375
1.639966,	18387.570312
1.640074,	18305.464844
1.640182,	18177.091797
1.64029,	17907.183594
1.640398,	17735.365234
1.640506,	17993.644531
1.640614,	18039.574219
1.640722,	18335.804688
1.64083,	18784.277344
1.640938,	19186.357422
1.641046,	19261.964844
1.641154,	19723.644531
1.641262,	20092.734375
1.64137,	20516.0625
1.641478,	20618.566406
1.641586,	20748.205078
1.641694,	20929.417969
1.641803,	21213.783203
1.641911,	20810.962891
1.642019,	20663.517578
1.642127,	20605.710938
1.642236,	20564.208984
1.642344,	20169.910156
1.642452,	20095.935547
1.642561,	20393.664062
1.642669,	20051.132812
1.642777,	20283.677734
1.642886,	20963.560547
1.642994,	20808.173828
1.643102,	21850.96875
1.643211,	21765.949219
1.643319,	22331.304688
1.643428,	23275.773438
1.643536,	23380.171875
1.643645,	23950.378906
1.643753,	24041.087891
1.643862,	24380.851562
1.64397,	23689.125
1.644079,	24023.417969
1.644187,	23835.320312
1.644296,	23346.958984
1.644405,	23472.839844
1.644513,	23030.683594
1.644622,	23032.177734
1.644731,	22898.478516
1.644839,	23237.910156
1.644948,	22952.859375
1.645057,	23151.638672
1.645165,	23501.660156
1.645274,	23511.169922
1.645383,	24174.330078
1.645492,	24521.294922
1.645601,	24968.044922
1.645709,	24971.898438
1.645818,	25161.994141
1.645927,	25540.935547
1.646036,	25393.582031
1.646145,	25300.234375
1.646254,	24980.337891
1.646363,	24353.101562
1.646472,	24305.816406
1.646581,	23913.457031
1.64669,	23957.908203
1.646799,	24231.425781
1.646908,	23443.167969
1.647017,	23872.939453
1.647126,	23413.640625
1.647235,	24538.125
1.647344,	24749.373047
1.647453,	25248.625
1.647563,	25664.259766
1.647672,	26152.417969
1.647781,	26896.050781
1.64789,	27141.689453
1.648,	27344.201172
1.648109,	27853.255859
1.648218,	27660.275391
1.648327,	27642.123047
1.648437,	27177.734375
1.648546,	27111.289062
1.648655,	26717.017578
1.648765,	26212.716797
1.648874,	26356.003906
1.648983,	26085.609375
1.649093,	26038.201172
1.649202,	26028.396484
1.649312,	26321.947266
1.649421,	26459.720703
1.649531,	26865.810547
1.64964,	27059.789062
1.64975,	27551.480469
1.649859,	28161.025391
1.649969,	28217.908203
1.650078,	28304.267578
1.650188,	28554.128906
1.650298,	28624.316406
1.650407,	27960.166016
1.650517,	28151.007812
1.650627,	27366.603516
1.650736,	26780.683594
1.650846,	26760.050781
1.650956,	26784.945312
1.651066,	26451.080078
1.651175,	26202.984375
1.651285,	26214.576172
1.651395,	26785.419922
1.651505,	26794.230469
1.651615,	27204.28125
1.651725,	27539.304688
1.651834,	28649.685547
1.651944,	28658.169922
1.652054,	29056.925781
1.652164,	29621.251953
1.652274,	29693.695312
1.652384,	30092.068359
1.652494,	29769.050781
1.652604,	29325.955078
1.652714,	29401.066406
1.652824,	29147.748047
1.652934,	28568.837891
1.653044,	28134.25
1.653155,	28033.382812
1.653265,	27668.404297
1.653375,	27268.871094
1.653485,	27245.548828
1.653595,	27715.583984
1.653705,	27809.507812
1.653816,	27980.708984
1.653926,	28258.466797
1.654036,	28504.148438
1.654146,	29287.972656
1.654257,	29378.878906
1.654367,	29754.755859
1.654477,	29291.623047
1.654588,	29515.613281
1.654698,	29356.167969
1.654809,	29023.761719
1.654919,	28630.257812
1.655029,	27989.429688
1.65514,	27694.667969
1.65525,	27469.166016
1.655361,	27017.683594
1.655471,	26842.894531
1.655582,	26630.941406
1.655692,	26209.070312
1.655803,	26826.490234
1.655913,	26832.537109
1.656024,	27489.488281
1.656135,	27166.037109
1.656245,	27716.472656
1.656356,	28022.419922
1.656467,	28089.318359
1.656577,	28280.953125
1.656688,	28363.705078
1.656799,	27692.810547
1.65691,	27043.369141
1.65702,	26654.111328
1.657131,	25617.84375
1.657242,	25295.253906
1.657353,	24612.195312
1.657464,	23985.035156
1.657575,	23583.376953
1.657685,	23224.251953
1.657796,	23278.572266
1.657907,	22596.4375
1.658018,	22931.595703
1.658129,	23126.289062
1.65824,	23042.904297
1.658351,	23605.476562
1.658462,	23908.470703
1.658573,	23639.75
1.658684,	23529.873047
1.658795,	23290.408203
1.658906,	23217.65625
1.659017,	23163.441406
1.659129,	22696.767578
1.65924,	22010.832031
1.659351,	21903.984375
1.659462,	21329.412109
1.659573,	21156.658203
1.659685,	20680.15625
1.659796,	20592.095703
1.659907,	20754.951172
1.660018,	20756.681641
1.66013,	21091.054688
1.660241,	21193.029297
1.660352,	21920.4375
1.660464,	22009.041016
1.660575,	22353.519531
1.660687,	23022.322266
1.660798,	23348.046875
1.660909,	23565.548828
1.661021,	23951.703125
1.661132,	24005.595703
1.661244,	23798.554688
1.661355,	23818.199219
1.661467,	23616.527344
1.661578,	23578.242188
1.66169,	23597.910156
1.661802,	24002.025391
1.661913,	23861.011719
1.662025,	24257.044922
1.662136,	24421.333984
1.662248,	25361.839844
1.66236,	26123.117188
1.662472,	27186.646484
1.662583,	28512.818359
1.662695,	29530.867188
1.662807,	30729.980469
1.662919,	31810.388672
1.66303,	32906.195312
1.663142,	33972.71875
1.663254,	34657.90625
1.663366,	35487.335938
1.663478,	35507.523438
1.66359,	36076.546875
1.663702,	36511.46875
1.663813,	36597.09375
1.663925,	37228.625
1.664037,	37505.664062
1.664149,	38889.851562
1.664261,	39153.394531
1.664373,	40597.144531
1.664485,	41788.648438
1.664598,	43291.757812
1.66471,	45300.308594
1.664822,	47255.746094
1.664934,	49179.066406
1.665046,	50716.554688
1.665158,	52607.183594
1.66527,	53981.15625
1.665383,	55315.375
1.665495,	56219.71875
1.665607,	56644.664062
1.665719,	57773.566406
1.665832,	57454.851562
1.665944,	58120.085938
1.666056,	58727.539062
1.666169,	59141.214844
1.666281,	60028.109375
1.666393,	61008.832031
1.666506,	62556.535156
1.666618,	64663.078125
1.666731,	67059
1.666843,	69213.6875
1.666955,	71916.28125
1.667068,	74427.265625
1.66718,	76015.453125
1.667293,	77877.28125
1.667405,	78790.75
1.667518,	80194.648438
1.667631,	79919.898438
1.667743,	79386.914062
1.667856,	78131.414062
1.667969,	77048.507812
1.668081,	74990.546875
1.668194,	75147.171875
1.668307,	73502.171875
1.668419,	72626.726562
1.668532,	71894.921875
1.668645,	71624.601562
1.668758,	70859.351562
1.66887,	71433.304688
1.668983,	71551.273438
1.669096,	71247.335938
1.669209,	70331.648438
1.669322,	69895.257812
1.669435,	69339.289062
1.669548,	67125.859375
1.669661,	65079.699219
1.669774,	62878.15625
1.669886,	59686.410156
1.669999,	57000.25
1.670113,	53758.605469
1.670226,	51079.582031
1.670339,	48887.519531
1.670452,	46511.699219
1.670565,	44243.222656
1.670678,	42747.074219
1.670791,	41285.207031
1.670904,	40397.757812
1.671017,	39772.855469
1.671131,	39675.164062
1.671244,	38975.328125
1.671357,	38296.488281
1.67147,	37778.753906
1.671583,	37105.542969
1.671697,	36505.1875
1.67181,	35458.976562
1.671923,	34490.914062
1.672037,	33590.585938
1.67215,	32247.332031
1.672264,	30738.675781
1.672377,	29805.769531
1.67249,	28974.216797
1.672604,	28339.808594
1.672717,	27721.15625
1.672831,	27260.666016
1.672944,	27085.113281
1.673058,	27158.111328
1.673171,	26814.412109
1.673285,	27102.197266
1.673398,	27498.541016
1.673512,	27762.828125
1.673626,	27913.228516
1.673739,	28073.919922
1.673853,	28012.214844
1.673967,	27645.511719
1.67408,	27390.064453
1.674194,	26700.589844
1.674308,	26249.041016
1.674422,	25937.134766
1.674535,	25529.775391
1.674649,	24740.384766
1.674763,	24537.332031
1.674877,	24305.951172
1.674991,	24332.740234
1.675104,	24465.318359
1.675218,	24422.410156
1.675332,	25065.679688
1.675446,	25290.908203
1.67556,	26026.638672
1.675674,	26403.738281
1.675788,	27071.998047
1.675902,	27356.003906
1.676016,	27557.447266
1.67613,	28106.644531
1.676244,	27725.707031
1.676358,	27777.597656
1.676473,	27664.660156
1.676587,	27407.578125
1.676701,	27369.394531
1.676815,	27102.154297
1.676929,	27015.140625
1.677043,	27139.134766
1.677158,	27440.585938
1.677272,	27749.648438
1.677386,	28110.037109
1.6775,	29203.074219
1.677615,	29663.341797
1.677729,	30331.642578
1.677843,	30614.236328
1.677958,	31140.824219
1.678072,	31107.203125
1.678187,	31530.78125
1.678301,	31360.996094
1.678415,	31088.5625
1.67853,	30826.490234
1.678644,	30102.496094
1.678759,	29732.898438
1.678873,	29083.75
1.678988,	29089
1.679102,	28935.220703
1.679217,	28827.654297
1.679332,	28402.177734
1.679446,	28656.208984
1.679561,	29409.972656
1.679676,	29586.859375
1.67979,	29814.927734
1.679905,	30729.496094
1.68002,	31192.9375
1.680134,	31238.78125
1.680249,	31909.375
1.680364,	31791.230469
1.680479,	31268.699219
1.680593,	30820.564453
1.680708,	30198.585938
1.680823,	29592.171875
1.680938,	28960.386719
1.681053,	28364.623047
1.681168,	28014.535156
1.681283,	27332.214844
1.681398,	27261.041016
1.681513,	27044.216797
1.681628,	26607.716797
1.681743,	26605.681641
1.681858,	26690.494141
1.681973,	26512.222656
1.682088,	26668.517578
1.682203,	26508.181641
1.682318,	26289.189453
1.682433,	25822.712891
1.682549,	25259.431641
1.682664,	25040.765625
1.682779,	24064.576172
1.682894,	23422.824219
1.683009,	22850.142578
1.683124,	22094.091797
1.68324,	21628.894531
1.683355,	21189.345703
1.68347,	21106.693359
1.683586,	20473.753906
1.683701,	20811.560547
1.683816,	20884.373047
1.683932,	21191.433594
1.684047,	21699.519531
1.684163,	22444.166016
1.684278,	22888.230469
1.684394,	23421.205078
1.684509,	24002.333984
1.684625,	24995.357422
1.68474,	25316.589844
1.684856,	25619.912109
1.684971,	25867.191406
1.685087,	26249.113281
1.685203,	26791.023438
1.685318,	27284.462891
1.685434,	26863.070312
1.685549,	26883.832031
1.685665,	26500.75
1.685781,	26587.589844
1.685897,	26242.775391
1.686012,	27007.414062
1.686128,	26652.490234
1.686244,	26927.027344
1.68636,	27198.929688
1.686476,	27285.552734
1.686591,	27427.943359
1.686707,	27440.953125
1.686823,	27311.972656
1.686939,	27692.574219
1.687055,	27125.109375
1.687171,	26960.769531
1.687287,	26532.980469
1.687403,	26335.863281
1.687519,	25852.605469
1.687635,	26033
1.687751,	25874.048828
1.687867,	26259.427734
1.687983,	26591.519531
1.688099,	26926.027344
1.688215,	27594.404297
1.688332,	28224.603516
1.688448,	28260.189453
1.688564,	28083.337891
1.68868,	27732.082031
1.688797,	27224.208984
1.688913,	25970.875
1.689029,	25046.501953
1.689145,	23612.052734
1.689262,	22567.146484
1.689378,	21603.425781
1.689494,	20230.923828
1.689611,	19177.041016
1.689727,	18476.955078
1.689844,	17501.986328
1.68996,	16923.566406
1.690076,	16441.226562
1.690193,	16246.650391
1.690309,	15605.6875
1.690426,	15542.459961
1.690542,	15322.923828
1.690659,	15237.077148
1.690776,	14997.503906
1.690892,	14752.972656
1.691009,	14468.209961
1.691125,	14359.895508
1.691242,	14034.996094
1.691359,	13246.823242
1.691475,	13060.716797
1.691592,	12663.202148
1.691709,	12134.93457
1.691826,	11707.516602
1.691942,	11385.928711
1.692059,	11195.271484
1.692176,	11017.257812
1.692293,	11053.072266
1.69241,	10902.802734
1.692527,	11124.664062
1.692644,	11276.067383
1.69276,	11281.65332
1.692877,	11307.338867
1.692994,	11423.457031
1.693111,	11456.643555
1.693228,	11110.591797
1.693345,	11397.431641
1.693462,	10976.191406
1.69358,	10898.985352
1.693697,	10786.668945
1.693814,	10551.438477
1.693931,	10348.90332
1.694048,	10527.712891
1.694165,	10312.711914
1.694282,	10356.05957
1.694399,	10271.529297
1.694517,	10377.535156
1.694634,	10578.738281
1.694751,	10639.548828
1.694869,	10893.249023
1.694986,	10893.865234
1.695103,	11282.673828
1.69522,	11471.024414
1.695338,	11794.503906
1.695455,	11809.980469
1.695573,	11437.526367
1.69569,	11583.177734
1.695807,	11758.801758
1.695925,	11691.723633
1.696043,	11499.619141
1.69616,	11352.59082
1.696277,	11310.619141
1.696395,	11543.62793
1.696513,	11541.625
1.69663,	11719.538086
1.696748,	11954.852539
1.696865,	12177.594727
1.696983,	12692.470703
1.697101,	13084.80957
1.697219,	13636.797852
1.697336,	13644.416016
1.697454,	13799.283203
1.697572,	13906.683594
1.69769,	14323.417969
1.697807,	14183.733398
1.697925,	14251.104492
1.698043,	13877.078125
1.698161,	13946.97168
1.698279,	13797.475586
1.698397,	13922.189453
1.698515,	14044.366211
1.698632,	14071.824219
1.69875,	14051.943359
1.698868,	14179.013672
1.698986,	14816.525391
1.699104,	14828.889648
1.699223,	15359.025391
1.699341,	15682.399414
1.699459,	16219.666992
1.699577,	16132.255859
1.699695,	16393.136719
1.699813,	16231.110352
1.699931,	16198.449219
1.700049,	16024.081055
1.700168,	15966.607422
1.700286,	15670.552734
1.700404,	14996.883789
1.700522,	14892.410156
1.700641,	14609.116211
1.700759,	14683.570312
1.700877,	14368.12793
1.700996,	14348.25
1.701114,	14373.061523
1.701232,	14273.766602
1.701351,	14132.318359
1.701469,	14214.21875
1.701588,	13923.989258
1.701706,	13936.449219
1.701825,	13376.069336
1.701943,	13103.491211
1.702062,	12885.543945
1.70218,	12147.185547
1.702299,	11555.289062
1.702417,	11072.615234
1.702536,	10401.839844
1.702655,	9944.301758
1.702773,	9439.871094
1.702892,	9029.701172
1.703011,	8869.698242
1.703129,	8788.953125
1.703248,	8431.076172
1.703367,	8315.795898
1.703486,	7950.704102
1.703604,	7818.23291
1.703723,	7700.645508
1.703842,	7508.924316
1.703961,	7505.14502
1.70408,	7123.209473
1.704199,	6709.280762
1.704318,	6774.823242
1.704437,	6529.081055
1.704556,	6142.640137
1.704675,	6121.814941
1.704794,	5804.711914
1.704913,	5391.443359
1.705032,	5565.745117
1.705151,	5490.743164
1.70527,	5341.748047
1.705389,	5404.956543
1.705508,	5381.817383
1.705627,	5363.617676
1.705747,	5434.185547
1.705866,	5487.473145
1.705985,	5348.491211
1.706104,	5510.204102
1.706223,	5326.916992
1.706343,	5247.158203
1.706462,	5108.314453
1.706581,	5001.532715
1.706701,	4843.08252
1.70682,	4989.942871
1.706939,	4976.766602
1.707059,	4934.064453
1.707178,	4824.944824
1.707298,	4848.704102
1.707417,	5020.030273
1.707537,	5107.685059
1.707656,	5205.144043
1.707776,	5231.27832
1.707895,	5658.037109
1.708015,	5713.571777
1.708134,	5783.82959
1.708254,	6023.566895
1.708374,	6135.500488
1.708493,	6124.607422
1.708613,	6295.411133
1.708733,	6107.742188
1.708852,	6180.310547
1.708972,	6304.387695
1.709092,	6433.328613
1.709212,	6329.17334
1.709332,	6499.76123
1.709451,	6689.907715
1.709571,	6718.163086
1.709691,	6954.782227
1.709811,	6990.334473
1.709931,	7160.656738
1.710051,	7338.27002
1.710171,	7564.81543
1.710291,	7717.802734
1.710411,	7755.637695
1.710531,	7967.300781
1.710651,	7951.22168
1.710771,	7937.596191
1.710891,	7767.35498
1.711011,	7773.339355
1.711131,	7740.180176
1.711251,	7714.369629
1.711371,	7825.514648
1.711492,	7582.088867
1.711612,	7607.655762
1.711732,	7843.414062
1.711852,	8164.621582
1.711972,	8063.018555
1.712093,	8379.189453
1.712213,	8431.460938
1.712333,	8454.408203
1.712454,	8780.110352
1.712574,	8905.519531
1.712695,	8862.470703
1.712815,	8895.087891
1.712935,	8717.858398
1.713056,	8521.175781
1.713176,	8539.199219
1.713297,	8320.667969
1.713417,	8436.248047
1.713538,	8288.506836
1.713658,	8379.677734
1.713779,	8504.93457
1.7139,	8652.076172
1.71402,	8860.067383
1.714141,	9114.263672
1.714262,	9526.662109
1.714382,	9968.132812
1.714503,	10012.643555
1.714624,	10320.006836
1.714744,	10982.558594
1.714865,	11333.439453
1.714986,	11455.525391
1.715107,	11852.413086
1.715228,	12112.978516
1.715348,	12035.487305
1.715469,	12208.413086
1.71559,	12274.333984
1.715711,	12085.066406
1.715832,	12379.376953
1.715953,	12204.732422
1.716074,	12661.652344
1.716195,	13164.552734
1.716316,	13417.19043
1.716437,	13640.608398
1.716558,	14235.303711
1.716679,	14557.996094
1.7168,	14904.837891
1.716921,	15258.834961
1.717043,	15134.891602
1.717164,	15093.442383
1.717285,	14826.517578
1.717406,	14588.776367
1.717527,	14006.943359
1.717649,	13403.50293
1.71777,	13042.564453
1.717891,	12345.025391
1.718013,	12214.495117
1.718134,	12192.983398
1.718255,	12055.259766
1.718377,	11716.658203
1.718498,	11968.746094
1.71862,	11850.493164
1.718741,	11712.923828
1.718862,	11836.666016
1.718984,	11807.987305
1.719105,	11617.295898
1.719227,	11455.683594
1.719348,	11069.30957
1.71947,	10716.908203
1.719592,	10270.383789
1.719713,	9717.705078
1.719835,	9467.183594
1.719957,	9091.155273
1.720078,	8794.948242
1.7202,	8390.195312
1.720322,	8202.844727
1.720443,	7993.837891
1.720565,	8096.203613
1.720687,	7935.542969
1.720809,	8042.707031
1.720931,	7966.52832
1.721053,	7919.313965
1.721174,	7942.036133
1.721296,	7607.975586
1.721418,	7666.897461
1.72154,	7361.919434
1.721662,	7216.066406
1.721784,	6935.362793
1.721906,	6898.019043
1.722028,	6884.769043
1.72215,	6760.77002
1.722272,	6704.217285
1.722394,	6910.029297
1.722516,	6648.924805
1.722638,	6770.463867
1.722761,	7024.26709
1.722883,	7249.118652
1.723005,	7567.675781
1.723127,	7345.152344
1.723249,	7610.694336
1.723372,	7568.500488
1.723494,	7850.730957
1.723616,	7827.72998
1.723739,	7735.072754
1.723861,	7803.367188
1.723983,	7633.902832
1.724106,	7594.147949
1.724228,	7732.044922
1.724351,	7802.69043
1.724473,	7981.295898
1.724596,	8121.450195
1.724718,	8345.514648
1.72484,	8646.248047
1.724963,	8915.702148
1.725086,	9300.144531
1.725208,	9710.820312
1.725331,	9879.282227
1.725453,	10335.240234
1.725576,	10537.075195
1.725699,	10731.652344
1.725821,	10633.96582
1.725944,	10756.618164
1.726067,	10919.928711
1.72619,	10831.833984
1.726312,	10880.191406
1.726435,	10887.852539
1.726558,	10933.790039
1.726681,	11319.387695
1.726804,	11568.524414
1.726927,	12008.874023
1.72705,	12198.030273
1.727172,	12716.99707
1.727295,	13142.571289
1.727418,	13240.623047
1.727541,	13718.515625
1.727664,	13775.823242
1.727787,	14134.037109
1.72791,	14492.124023
1.728034,	14222.179688
1.728157,	14350.967773
1.72828,	14069.208008
1.728403,	14147.866211
1.728526,	14233.652344
1.728649,	14557.946289
1.728772,	14490.993164
1.728896,	14762.666016
1.729019,	14986.561523
1.729142,	15265.202148
1.729265,	15670.057617
1.729389,	16274.930664
1.729512,	16293.509766
1.729635,	16326.374023
1.729759,	16466.398438
1.729882,	16339.679688
1.730006,	16493.935547
1.730129,	16126.84082
1.730253,	16019.286133
1.730376,	15730.926758
1.7305,	15314.197266
1.730623,	15056.984375
1.730747,	14764.1875
1.73087,	14809.146484
1.730994,	14858.842773
1.731117,	14604.265625
1.731241,	14639.720703
1.731365,	14622.886719
1.731488,	14532.410156
1.731612,	14304.195312
1.731736,	14251.803711
1.73186,	13629.553711
1.731983,	13389.74707
1.732107,	12979.121094
1.732231,	12336.063477
1.732355,	11800.007812
1.732479,	11347.173828
1.732603,	10650.185547
1.732727,	9996.130859
1.73285,	9645.811523
1.732974,	9508.981445
1.733098,	9220.499023
1.733222,	8718.827148
1.733346,	8586.970703
1.73347,	8485.957031
1.733594,	8245.229492
1.733719,	7928.803223
1.733843,	7910.831543
1.733967,	7483.308105
1.734091,	7250.026367
1.734215,	6832.235352
1.734339,	6530.532227
1.734463,	6262.054688
1.734588,	5962.92334
1.734712,	5503.084473
1.734836,	5258.574219
1.73496,	4997.602051
1.735085,	4909.266113
1.735209,	4877.678711
1.735334,	4692.520508
1.735458,	4486.165527
1.735582,	4433.411621
1.735707,	4276.76709
1.735831,	4358.652832
1.735956,	4100.565918
1.73608,	4137.607422
1.736205,	3924.488037
1.736329,	3704.365234
1.736454,	3555.091309
1.736578,	3356.338867
1.736703,	3273.208984
1.736828,	3140.594482
1.736952,	2904.301514
1.737077,	2925.001953
1.737202,	2700.613037
1.737326,	2707.204834
1.737451,	2588.940918
1.737576,	2553.154297
1.737701,	2529.154785
1.737826,	2493.391113
1.73795,	2485.888916
1.738075,	2351.292236
1.7382,	2303.8125
1.738325,	2206.94043
1.73845,	2175.969727
1.738575,	2046.226318
1.7387,	2111.708984
1.738825,	1977.320312
1.73895,	1882.941528
1.739075,	1696.933472
1.7392,	1724.832764
1.739325,	1604.703979
1.73945,	1681.940063
1.739575,	1566.558472
1.7397,	1664.908203
1.739825,	1582.439941
1.73995,	1507.042969
1.740076,	1509.123779
1.740201,	1452.53894
1.740326,	1431.166748
1.740451,	1430.913818
1.740577,	1322.775146
1.740702,	1308.471802
1.740827,	1294.173462
1.740953,	1181.427734
1.741078,	1214.03064
1.741203,	1103.682129
1.741329,	1150.344238
1.741454,	1030.676147
1.74158,	1063.282349
1.741705,	1034.994995
1.741831,	978.623108
1.741956,	1006.539551
1.742082,	994.659729
1.742207,	978.104126
1.742333,	963.89386
1.742459,	982.436462
1.742584,	865.32666
1.74271,	916.616394
1.742836,	881.385864
1.742961,	836.817871
1.743087,	808.625
1.743213,	794.462036
1.743339,	726.570557
1.743464,	735.785339
1.74359,	695.953125
1.743716,	709.839966
1.743842,	730.725647
1.743968,	665.239502
1.744094,	648.785461
1.74422,	646.33728
1.744346,	669.552246
1.744472,	653.106079
1.744598,	650.658386
1.744724,	617.899475
1.74485,	659.753174
1.744976,	580.38678
1.745102,	608.249512
1.745228,	603.48175
1.745354,	531.15625
1.74548,	559.012878
1.745606,	482.063202
1.745733,	484.306244
1.745859,	479.564514
1.745985,	458.531433
1.746111,	523.610657
1.746238,	456.042267
1.746364,	523.425171
1.74649,	462.85849
1.746617,	472.078552
1.746743,	462.694519
1.746869,	432.391632
1.746996,	453.23349
1.747122,	432.238403
1.747249,	450.74942
1.747375,	394.916626
1.747502,	413.427643
1.747628,	411.032166
1.747755,	397.028473
1.747881,	378.386963
1.748008,	380.6409
1.748135,	382.893982
1.748261,	350.343903
1.748388,	361.880524
1.748515,	366.455017
1.748641,	380.303589
1.748768,	380.236176
1.748895,	405.667877
1.749022,	315.205994
1.749148,	370.764801
1.749275,	359.114716
1.749402,	349.785187
1.749529,	358.987335
1.749656,	296.401459
1.749783,	280.142303
1.74991,	324.074097
1.750037,	282.35733
1.750164,	277.67926
1.750291,	296.138641
1.750418,	316.904663
1.750545,	335.350525
1.750672,	286.731628
1.750799,	265.87326
1.750926,	325.925903
1.751053,	281.956757
1.751181,	314.256653
1.751308,	321.131775
1.751435,	249.46817
1.751562,	265.59024
1.751689,	300.179169
1.751817,	263.187286
1.751944,	258.524078
1.752071,	263.093842
1.752199,	276.891724
1.752326,	242.237228
1.752453,	256.033875
1.752581,	246.763611
1.752708,	239.802414
1.752836,	281.256714
1.752963,	271.986847
1.753091,	276.547668
1.753218,	262.673615
1.753346,	290.271881
1.753473,	253.366959
1.753601,	262.53363
1.753729,	250.974411
1.753856,	255.534027
1.753984,	248.583527
1.754111,	255.443222
1.754239,	255.397827
1.754367,	227.746765
1.754495,	232.306412
1.754623,	225.366165
1.75475,	220.727615
1.754878,	245.975586
1.755006,	229.84285
1.755134,	238.994064
1.755262,	264.225311
1.75539,	238.909088
1.755517,	257.240967
1.755646,	229.638596
1.755774,	225.005798
1.755901,	266.286041
1.75603,	222.630615
1.756158,	261.601807
1.756286,	224.845779
1.756414,	224.805786
1.756542,	240.820496
1.75667,	199.50148
1.756798,	243.027527
1.756926,	187.968979
1.757055,	233.773468
1.757183,	201.651031
1.757311,	235.981354
1.757439,	210.741959
1.757568,	217.575256
1.757696,	251.884399
1.757824,	222.076706
1.757953,	206.013885
1.758081,	224.286301
1.758209,	247.128662
1.758338,	212.767349
1.758466,	203.579819
1.758595,	201.256561
1.758723,	224.086716
1.758852,	205.757278
1.758981,	180.577011
1.759109,	230.823166
1.759238,	214.787262
1.759366,	187.334244
1.759495,	205.574127
1.759624,	207.821274
1.759752,	214.634277
1.759881,	226.010727
1.76001,	200.86264
1.760139,	239.622955
1.760267,	187.100769
1.760396,	196.192673
1.760525,	216.685852
1.760654,	202.964249
1.760783,	200.647995
1.760911,	205.1716
1.76104,	177.783707
1.761169,	182.309753
1.761298,	175.441864
1.761427,	177.68866
1.761556,	223.210052
1.761685,	161.68457
1.761814,	216.299942
1.761944,	211.708511
1.762073,	207.118698
1.762202,	209.357391
1.762331,	209.320068
1.76246,	188.809433
1.762589,	213.794235
1.762718,	204.660095
1.762848,	209.170776
1.762977,	181.855194
1.763106,	172.731613
1.763236,	184.062698
1.763365,	181.757889
1.763494,	186.2686
1.763624,	208.946991
1.763753,	181.660629
1.763883,	204.331741
1.764012,	195.215485
1.764141,	188.372025
1.764271,	188.338394
1.7644,	206.454651
1.76453,	179.197876
1.76466,	181.433807
1.764789,	181.401413
1.764919,	215.375732
1.765048,	192.670197
1.765178,	194.9021
1.765308,	188.069611
1.765437,	201.628998
1.765567,	203.858078
1.765697,	192.49826
1.765827,	169.821075
1.765957,	162.999115
1.766086,	165.233475
1.766216,	194.62384
1.766346,	194.589081
1.766476,	174.193985
1.766606,	194.519562
1.766736,	187.700455
1.766866,	176.361694
1.766996,	167.287613
1.767126,	176.298676
1.767256,	176.267166
1.767386,	169.457382
1.767516,	180.722229
1.767646,	201.017548
1.767776,	164.850098
1.767906,	182.883163
1.768036,	196.394958
1.768167,	182.817795
1.768297,	187.298325
1.768427,	175.983826
1.768557,	196.254562
1.768688,	169.154709
1.768818,	187.164413
1.768948,	178.112579
1.769078,	169.063995
1.769209,	164.526184
1.769339,	202.80423
1.76947,	162.214371
1.7696,	198.226532
1.769731,	157.651993
1.769861,	177.889709
1.769992,	153.092865
1.770122,	175.575104
1.770253,	164.290894
1.770383,	173.262131
1.770514,	150.733582
1.770645,	197.943008
1.770775,	175.418076
1.770906,	186.629425
1.771037,	179.851593
1.771167,	175.323914
1.771298,	168.550507
1.771429,	155.038712
1.77156,	188.709
1.771691,	172.952286
1.771821,	163.938385
1.771952,	188.607666
1.772083,	181.839111
1.772214,	181.806549
1.772345,	161.576889
1.772476,	199.691208
1.772607,	195.168808
1.772738,	197.37677
1.772869,	188.371353
1.773,	170.400696
1.773131,	168.128464
1.773262,	163.615723
1.773393,	170.309143
1.773525,	150.114059
1.773656,	181.448654
1.773787,	167.977905
1.773918,	127.640335
1.774049,	167.917709
1.774181,	174.603119
1.774312,	172.33374
1.774443,	161.114349
1.774575,	178.983856
1.774706,	158.819702
1.774837,	192.338669
1.774969,	172.179337
1.7751,	167.677078
1.775232,	151.999954
1.775363,	154.207596
1.775495,	167.586899
1.775626,	149.684128
1.775758,	167.52681
1.775889,	163.030182
1.776021,	154.069382
1.776152,	154.041748
1.776284,	158.478302
1.776416,	162.913239
1.776548,	180.734329
1.776679,	165.085693
1.776811,	156.134125
1.776943,	151.645935
1.777074,	147.159348
1.777206,	173.884384
1.777338,	131.504333
1.77747,	147.080139
1.777602,	173.790787
1.777734,	135.888916
1.777866,	169.273834
1.777998,	138.067032
1.77813,	135.81575
1.778262,	155.826172
1.778394,	155.798187
1.778526,	160.220795
1.778658,	169.091583
1.77879,	151.265305
1.778922,	157.910416
1.779054,	166.776825
1.779186,	168.970169
1.779319,	153.379578
1.779451,	164.464493
1.779583,	168.879135
1.779715,	148.853546
1.779848,	139.94162
1.77998,	148.800079
1.780112,	146.552841
1.780245,	153.186813
1.780377,	142.060791
1.780509,	113.184349
1.780642,	155.323151
1.780774,	155.295242
1.780907,	155.267334
1.781039,	177.416473
1.781172,	146.342285
1.781304,	161.834351
1.781437,	141.856659
1.781569,	155.127838
1.781702,	159.531372
1.781835,	181.655838
1.781967,	128.465179
1.7821,	157.23082
1.782233,	146.131943
1.782365,	152.746826
1.782498,	172.639282
1.782631,	150.478973
1.782764,	132.751678
1.782897,	137.152069
1.783029,	137.127396
1.783162,	157.00473
1.783295,	156.976486
1.783428,	156.948242
1.783561,	154.709869
1.783694,	178.989212
1.783827,	150.235504
1.78396,	152.417419
1.784093,	161.224197
1.784226,	139.113647
1.784359,	145.711884
1.784492,	145.685654
1.784626,	147.866394
1.784759,	161.079147
1.784892,	141.194656
1.785025,	145.58078
1.785158,	149.965317
1.785292,	143.32338
1.785425,	138.888428
1.785558,	149.884323
1.785692,	138.838409
1.785825,	123.389694
1.785958,	145.397369
1.786092,	151.978973
1.786225,	136.536209
1.786359,	138.713425
1.786492,	121.077202
1.786626,	149.668488
1.786759,	151.842133
1.786893,	127.612419
1.787026,	136.388687
1.78716,	136.36412
1.787294,	156.130768
1.787427,	167.095779
1.787561,	160.470963
1.787695,	138.463684
1.787828,	158.215683
1.787962,	158.187164
1.788096,	123.012283
1.78823,	142.756378
1.788363,	138.338928
1.788497,	144.90036
1.788631,	149.264359
1.788765,	96.565407
1.788899,	140.433456
1.789033,	133.826492
1.789167,	120.641472
1.789301,	122.812798
1.789435,	129.368713
1.789569,	133.729965
1.789703,	153.432938
1.789837,	166.554291
1.789971,	153.377594
1.790105,	166.494202
1.790239,	127.038437
1.790374,	129.205429
1.790508,	146.698334
1.790642,	137.915344
1.790776,	124.758026
1.79091,	118.170479
1.791045,	137.840683
1.791179,	131.253143
1.791314,	144.352402
1.791448,	144.32634
1.791582,	128.995712
1.791717,	128.972412
1.791851,	142.062607
1.791986,	146.407318
1.79212,	144.196091
1.792255,	161.645218
1.792389,	139.776016
1.792524,	139.750778
1.792658,	141.908752
1.792793,	152.797195
1.792928,	130.945374
1.793062,	117.829544
1.793197,	148.351135
1.793332,	115.605736
1.793467,	128.669922
1.793601,	130.827133
1.793736,	124.263313
1.793871,	139.498505
1.794006,	128.57695
1.794141,	139.44809
1.794275,	154.672272
1.79441,	150.288132
1.794545,	150.260971
1.79468,	113.219681
1.794815,	148.029739
1.79495,	137.120407
1.795085,	124.038895
1.79522,	139.246552
1.795355,	128.344711
1.795491,	123.971619
1.795626,	147.869217
1.795761,	143.494171
1.795896,	115.209328
1.796031,	152.135742
1.796166,	152.108231
1.796302,	152.080704
1.796437,	145.536636
1.796572,	128.135941
1.796708,	134.626968
1.796843,	156.312698
1.796978,	156.284424
1.797114,	115.021881
1.797249,	145.378708
1.797385,	136.674637
1.79752,	119.297539
1.797655,	127.950562
1.797791,	130.095657
1.797927,	162.590134
1.798062,	160.393234
1.798198,	138.693359
1.798333,	145.16832
1.798469,	127.811646
1.798605,	140.783951
1.79874,	138.592941
1.798876,	166.714432
1.799012,	160.190048
1.799147,	132.024643
1.799283,	147.148346
1.799419,	118.995491
1.799555,	153.584534
1.799691,	131.929016
1.799827,	131.905106
1.799963,	153.501083
