1.50009,	76.30629
1.500175,	104.054031
1.50026,	69.358109
1.500344,	72.814209
1.500429,	117.870567
1.500514,	93.587921
1.500599,	83.175781
1.500684,	86.627396
1.500768,	79.68428
1.500853,	103.919167
1.500938,	100.438911
1.501023,	107.348328
1.501108,	86.557198
1.501193,	83.081436
1.501278,	93.451462
1.501362,	124.581741
1.501447,	79.580986
1.501532,	86.487045
1.501617,	100.308708
1.501702,	86.459
1.501787,	100.276176
1.501872,	86.430962
1.501957,	93.330307
1.502042,	96.771286
1.502127,	110.57782
1.502212,	103.649895
1.502297,	82.906471
1.502383,	89.800774
1.502468,	89.786209
1.502553,	65.602364
1.502638,	117.374657
1.502723,	86.290894
1.502808,	124.238739
1.502893,	106.966003
1.502978,	100.048744
1.503064,	93.13372
1.503149,	93.118614
1.503234,	89.655228
1.503319,	89.640686
1.503404,	106.861938
1.50349,	99.951408
1.503575,	120.611435
1.50366,	124.037354
1.503746,	75.788307
1.503831,	79.220375
1.503916,	106.757965
1.504002,	96.410904
1.504087,	86.0672
1.504172,	127.358788
1.504258,	96.363983
1.504343,	113.553413
1.504429,	96.332718
1.504514,	96.317085
1.504599,	106.619469
1.504685,	85.96949
1.50477,	123.775978
1.504856,	103.129906
1.504941,	99.676064
1.505027,	106.53299
1.505112,	116.823669
1.505198,	96.192116
1.505283,	103.046249
1.505369,	89.292259
1.505454,	113.314087
1.50554,	82.396866
1.505626,	123.575241
1.505711,	137.283539
1.505797,	126.96666
1.505883,	123.515076
1.505968,	85.760437
1.506054,	113.185402
1.50614,	113.167023
1.506225,	102.862411
1.506311,	126.843048
1.506397,	82.263214
1.506482,	123.374794
1.506568,	106.222153
1.506654,	92.501053
1.50674,	116.46389
1.506826,	123.294685
1.506911,	123.274673
1.506997,	92.440994
1.507083,	102.695534
1.507169,	119.792
1.507255,	92.395966
1.507341,	109.488548
1.507427,	133.417496
1.507512,	102.612183
1.507598,	116.274925
1.507684,	99.159561
1.50777,	105.980942
1.507856,	126.472839
1.507942,	126.452293
1.508028,	95.678085
1.508114,	81.996468
1.5082,	116.142799
1.508286,	112.708527
1.508372,	126.34964
1.508458,	116.08622
1.508544,	95.584885
1.508631,	119.4617
1.508717,	98.966469
1.508803,	105.774559
1.508889,	98.934319
1.508975,	126.206039
1.509061,	105.723022
1.509147,	126.165039
1.509234,	112.507294
1.50932,	119.306534
1.509406,	126.103561
1.509492,	122.675423
1.509578,	112.434196
1.509665,	122.635559
1.509751,	112.397667
1.509837,	112.379402
1.509924,	132.790436
1.51001,	122.55587
1.510096,	88.498192
1.510183,	108.903152
1.510269,	119.093468
1.510355,	108.86776
1.510442,	95.243805
1.510528,	122.436424
1.510615,	112.215149
1.510701,	112.196907
1.510787,	78.185135
1.510874,	142.749649
1.51096,	115.540459
1.511047,	105.32859
1.511133,	125.694336
1.51122,	135.863678
1.511306,	91.693077
1.511393,	118.842079
1.511479,	122.217697
1.511566,	128.986603
1.511653,	108.602631
1.511739,	145.911072
1.511826,	91.603683
1.511912,	105.157501
1.511999,	135.665039
1.512086,	94.950089
1.512172,	135.620926
1.512259,	142.378815
1.512346,	122.019142
1.512432,	111.832695
1.512519,	105.037872
1.512606,	98.245262
1.512693,	94.842064
1.512779,	152.399963
1.512866,	121.900146
1.512953,	135.422577
1.51304,	118.475487
1.513127,	131.99408
1.513213,	111.669128
1.5133,	121.801056
1.513387,	115.015625
1.513474,	87.93882
1.513561,	121.741638
1.513648,	104.816025
1.513735,	125.082649
1.513822,	84.501556
1.513909,	148.698547
1.513996,	94.610954
1.514083,	138.514938
1.51417,	118.22522
1.514256,	151.979126
1.514344,	131.693817
1.514431,	141.801041
1.514518,	138.402313
1.514605,	121.504204
1.514692,	94.487892
1.514779,	145.082809
1.514866,	145.059204
1.514953,	138.289749
1.51504,	134.894882
1.515127,	111.270164
1.515215,	97.766968
1.515302,	117.97541
1.515389,	111.215858
1.515476,	131.415543
1.515563,	124.655991
1.515651,	124.635704
1.515738,	117.879448
1.515825,	121.227699
1.515912,	107.740417
1.516,	117.821907
1.516087,	131.2659
1.516174,	158.166489
1.516262,	131.223175
1.516349,	151.386703
1.516436,	127.816856
1.516524,	127.796051
1.516611,	107.600212
1.516698,	114.30661
1.516786,	137.817886
1.516873,	127.71286
1.516961,	124.331749
1.517048,	120.951736
1.517136,	110.854378
1.517223,	147.781769
1.517311,	141.041458
1.517398,	114.157822
1.517486,	107.425163
1.517573,	124.190125
1.517661,	130.88179
1.517748,	114.083488
1.517836,	107.355217
1.517924,	90.566208
1.518011,	117.381523
1.518099,	110.655991
1.518187,	127.401299
1.518274,	127.380547
1.518362,	113.953506
1.51845,	123.988037
1.518537,	120.617355
1.518625,	107.197968
1.518713,	133.975632
1.5188,	160.744583
1.518888,	110.493896
1.518976,	190.822006
1.519064,	117.152321
1.519152,	137.213226
1.519239,	133.844757
1.519327,	137.168518
1.519415,	110.385948
1.519503,	153.846252
1.519591,	110.349983
1.519679,	110.332008
1.519767,	150.428223
1.519855,	133.6922
1.519942,	103.594566
1.52003,	106.918907
1.520118,	110.242157
1.520206,	160.326096
1.520294,	143.602066
1.520382,	116.866348
1.52047,	140.216766
1.520558,	126.842117
1.520646,	133.496262
1.520734,	120.127052
1.520823,	143.461716
1.520911,	143.438324
1.520999,	176.767273
1.521087,	126.71814
1.521175,	116.695053
1.521263,	160.012848
1.521351,	143.321472
1.521439,	146.63063
1.521528,	126.614906
1.521616,	129.92569
1.521704,	143.228058
1.521792,	153.19574
1.521881,	126.532364
1.521969,	133.170258
1.522057,	156.449539
1.522145,	153.095856
1.522234,	143.088013
1.522322,	156.373032
1.52241,	136.388275
1.522499,	139.692047
1.522587,	139.669266
1.522675,	166.245819
1.522764,	169.543091
1.522852,	186.134598
1.522941,	162.841217
1.523029,	149.523666
1.523117,	149.499298
1.523206,	129.544922
1.523294,	139.487167
1.523383,	126.182091
1.523471,	159.361908
1.52356,	122.821442
1.523649,	129.439316
1.523737,	132.736618
1.523826,	145.986465
1.523914,	136.010666
1.524003,	142.622055
1.524091,	169.128799
1.52418,	125.996986
1.524269,	119.346092
1.524357,	129.270508
1.524446,	129.24942
1.524535,	145.796066
1.524623,	152.3983
1.524712,	132.498642
1.524801,	149.036652
1.524889,	142.389572
1.524978,	162.2314
1.525067,	142.343109
1.525156,	148.939407
1.525245,	191.935028
1.525333,	165.434235
1.525422,	148.866516
1.525511,	188.533478
1.5256,	142.203796
1.525689,	152.100174
1.525778,	158.687317
1.525867,	142.134186
1.525955,	135.501175
1.526044,	145.392166
1.526133,	151.976089
1.526222,	142.041428
1.526311,	142.018234
1.5264,	138.692841
1.526489,	138.670212
1.526578,	171.658905
1.526667,	122.121971
1.526756,	168.302811
1.526845,	141.879196
1.526935,	161.649902
1.527024,	164.921951
1.527113,	164.895035
1.527202,	135.191849
1.527291,	148.357071
1.52738,	158.22171
1.527469,	131.829895
1.527558,	148.284424
1.527647,	141.670868
1.527737,	138.353592
1.527826,	148.211792
1.527915,	161.359818
1.528004,	161.333466
1.528094,	131.679291
1.528183,	174.446564
1.528272,	131.636276
1.528362,	164.518478
1.528451,	134.883118
1.52854,	161.175446
1.52863,	154.571609
1.528719,	157.834579
1.528808,	134.795013
1.528898,	170.93161
1.528987,	157.757248
1.529076,	115.012535
1.529166,	147.849106
1.529255,	164.249954
1.529345,	174.076508
1.529434,	147.776657
1.529524,	180.586411
1.529613,	177.274063
1.529703,	187.092041
1.529792,	173.934357
1.529882,	150.937225
1.529971,	150.912567
1.530061,	147.607742
1.530151,	163.981796
1.53024,	157.396805
1.53033,	157.371078
1.53042,	163.901428
1.530509,	137.654694
1.530599,	154.016983
1.530689,	163.821075
1.530778,	167.07019
1.530868,	147.390778
1.530958,	170.290405
1.531048,	173.53685
1.531137,	160.413498
1.531227,	163.660492
1.531317,	170.179092
1.531407,	163.606995
1.531497,	160.308655
1.531586,	160.28244
1.531676,	192.961594
1.531766,	183.120041
1.531856,	173.281708
1.531946,	166.715515
1.532036,	150.346283
1.532126,	163.393143
1.532215,	140.495132
1.532305,	156.806137
1.532395,	127.384155
1.532485,	163.286316
1.532575,	176.320389
1.532665,	133.850998
1.532755,	192.583344
1.532845,	146.861588
1.532936,	156.62674
1.533026,	153.338593
1.533116,	150.051529
1.533206,	192.425919
1.533296,	185.872604
1.533386,	189.1026
1.533476,	149.953384
1.533566,	182.522095
1.533656,	192.268616
1.533747,	182.462387
1.533837,	192.205719
1.533927,	195.431458
1.534017,	146.549622
1.534108,	172.574646
1.534198,	192.079971
1.534288,	172.518188
1.534378,	159.471863
1.534469,	191.985718
1.534559,	178.94046
1.534649,	178.911179
1.53474,	149.610321
1.53483,	159.341431
1.53492,	139.807358
1.535011,	169.041702
1.535101,	198.266464
1.535192,	159.237167
1.535282,	172.207932
1.535372,	198.169144
1.535463,	204.633011
1.535553,	172.123398
1.535644,	159.106903
1.535734,	185.053253
1.535825,	152.562805
1.535915,	175.256226
1.536006,	214.166992
1.536097,	214.131943
1.536187,	184.901855
1.536278,	165.411423
1.536368,	165.384338
1.536459,	188.05336
1.53655,	194.506119
1.53664,	184.750565
1.536731,	145.831833
1.536822,	174.969543
1.536912,	158.742661
1.537003,	204.064301
1.537094,	184.599365
1.537185,	174.85498
1.537275,	161.876251
1.537366,	145.664764
1.537457,	158.586777
1.537548,	177.97641
1.537639,	181.182663
1.537729,	161.743744
1.53782,	190.82637
1.537911,	210.197998
1.538002,	216.630157
1.538093,	232.758453
1.538184,	190.701385
1.538275,	206.828629
1.538366,	203.563583
1.538457,	232.605988
1.538548,	203.496902
1.538639,	177.626923
1.53873,	164.681625
1.538821,	180.797256
1.538912,	164.62767
1.539003,	180.738022
1.539094,	196.843094
1.539185,	145.188324
1.539276,	193.552719
1.539367,	158.042145
1.539458,	167.69072
1.539549,	187.009003
1.53964,	209.544708
1.539732,	215.956848
1.539823,	199.807922
1.539914,	241.663513
1.540005,	173.969223
1.540096,	186.825211
1.540188,	193.235779
1.540279,	212.524521
1.54037,	225.367844
1.540461,	231.768936
1.540553,	202.764587
1.540644,	228.475006
1.540735,	205.915543
1.540827,	193.014175
1.540918,	189.766159
1.541009,	212.246002
1.541101,	205.780563
1.541192,	196.102448
1.541284,	202.498825
1.541375,	224.961807
1.541466,	199.219223
1.541558,	215.249985
1.541649,	215.214691
1.541741,	218.391037
1.541833,	205.510803
1.541924,	195.845367
1.542016,	202.233368
1.542107,	253.552628
1.542199,	208.585037
1.54229,	247.052521
1.542382,	266.259705
1.542474,	243.764084
1.542565,	189.206863
1.542657,	202.001312
1.542748,	182.733124
1.54284,	217.961655
1.542932,	227.540268
1.543023,	233.911484
1.543115,	217.854416
1.543207,	211.412247
1.543299,	208.174866
1.543391,	201.736389
1.543482,	214.509857
1.543574,	214.474655
1.543666,	214.439468
1.543758,	201.604034
1.543849,	233.566345
1.543941,	259.120148
1.544033,	214.298767
1.544125,	223.857498
1.544217,	211.031006
1.544309,	204.602554
1.544401,	210.961761
1.544493,	220.51474
1.544585,	236.455261
1.544677,	261.974976
1.544769,	226.794769
1.544861,	271.470306
1.544953,	229.913574
1.545045,	249.032166
1.545137,	248.991287
1.545229,	188.308655
1.545321,	216.998077
1.545413,	204.199951
1.545505,	226.497131
1.545597,	181.805878
1.545689,	165.830765
1.545782,	204.065903
1.545874,	239.100464
1.545966,	223.123795
1.546058,	219.900208
1.54615,	197.559052
1.546243,	203.898438
1.546335,	242.08963
1.546427,	238.865021
1.546519,	267.484894
1.546612,	222.867477
1.546704,	238.74736
1.546796,	241.89093
1.546889,	295.949493
1.546981,	283.173981
1.547073,	248.134186
1.547166,	254.454803
1.547258,	248.052689
1.547351,	248.011948
1.547443,	247.971207
1.547536,	263.823456
1.547628,	286.026642
1.54772,	206.540863
1.547813,	216.038025
1.547905,	250.944122
1.547998,	231.84697
1.54809,	241.335281
1.548183,	273.045044
1.548275,	244.430405
1.548368,	260.259735
1.548461,	250.696838
1.548553,	234.791367
1.548646,	282.33783
1.548739,	250.573288
1.548831,	323.471832
1.548924,	263.174011
1.549017,	275.811768
1.549109,	275.766449
1.549202,	278.89035
1.549295,	221.808136
1.549387,	243.948837
1.54948,	243.908752
1.549573,	247.035782
1.549666,	259.661591
1.549759,	231.124161
1.549852,	240.582855
1.549944,	224.718094
1.550037,	262.655426
1.55013,	230.972214
1.550223,	215.116837
1.550316,	237.222214
1.550409,	271.970093
1.550502,	290.896912
1.550595,	265.557861
1.550688,	252.870651
1.550781,	237.027252
1.550874,	252.787506
1.550967,	296.976471
1.55106,	296.927643
1.551153,	303.195374
1.551246,	274.725616
1.551339,	243.107986
1.551432,	255.694916
1.551525,	325.089447
1.551618,	261.92218
1.551711,	258.723938
1.551804,	264.990692
1.551898,	261.792969
1.551991,	252.289062
1.552084,	290.084717
1.552177,	252.20607
1.55227,	230.100189
1.552364,	293.093109
1.552457,	264.685699
1.55255,	264.642151
1.552643,	280.348541
1.552737,	261.405609
1.55283,	286.554199
1.552923,	261.319611
1.553017,	302.199463
1.55311,	270.675812
1.553203,	283.21875
1.553297,	330.367523
1.55339,	330.313141
1.553484,	305.096222
1.553577,	301.901184
1.553671,	327.005798
1.553764,	295.514282
1.553858,	251.460129
1.553951,	276.560608
1.554044,	282.79953
1.554138,	276.469574
1.554232,	282.706451
1.554325,	251.25325
1.554419,	285.75351
1.554512,	276.287598
1.554606,	310.772369
1.5547,	247.949249
1.554793,	291.841553
1.554887,	320.031586
1.554981,	313.704803
1.555074,	291.697449
1.555168,	288.513397
1.555262,	304.143372
1.555355,	294.688354
1.555449,	335.387878
1.555543,	322.796844
1.555637,	303.943085
1.55573,	325.823456
1.555824,	303.842987
1.555918,	278.737854
1.556012,	272.429199
1.556106,	306.82373
1.5562,	309.903534
1.556293,	287.943726
1.556387,	284.766998
1.556481,	290.977661
1.556575,	325.34079
1.556669,	290.881805
1.556763,	315.851868
1.556857,	300.166168
1.556951,	275.106995
1.557045,	346.952789
1.557139,	343.770447
1.557233,	340.589111
1.557327,	321.788086
1.557421,	318.61142
1.557515,	337.297668
1.55761,	334.119476
1.557704,	330.942322
1.557798,	327.766205
1.557892,	387.012482
1.557986,	318.296509
1.55808,	305.763885
1.558174,	321.311127
1.558269,	299.425079
1.558363,	293.138733
1.558457,	271.264526
1.558551,	339.804138
1.558646,	280.526001
1.55874,	320.993469
1.558834,	336.520203
1.558928,	305.310577
1.559023,	308.375153
1.559117,	314.553101
1.559212,	320.728973
1.559306,	348.69635
1.5594,	348.638855
1.559495,	357.918365
1.559589,	332.964783
1.559684,	332.909882
1.559778,	367.07373
1.559873,	354.572052
1.559967,	307.867065
1.560062,	370.001404
1.560156,	326.417969
1.560251,	369.879364
1.560345,	329.41803
1.56044,	369.757355
1.560534,	357.269623
1.560629,	323.042694
1.560724,	319.883759
1.560818,	322.936127
1.560913,	344.615356
1.561008,	347.662659
1.561102,	406.574036
1.561197,	394.094543
1.561292,	403.337311
1.561386,	362.943695
1.561481,	381.493225
1.561576,	378.329224
1.561671,	393.769531
1.561765,	421.604889
1.56186,	371.942932
1.561955,	356.386475
1.56205,	347.032166
1.562145,	421.32666
1.56224,	387.184875
1.562335,	455.254242
1.562429,	356.092499
1.562524,	343.649963
1.562619,	334.306915
1.562714,	368.295898
1.562809,	377.518341
1.562904,	408.39505
1.562999,	374.300354
1.563094,	402.074463
1.563189,	386.546265
1.563284,	401.941742
1.563379,	361.687836
1.563474,	432.717407
1.563569,	451.187927
1.563664,	410.945801
1.56376,	454.128265
1.563855,	463.319672
1.56395,	472.508026
1.564045,	450.815552
1.56414,	450.741119
1.564235,	453.753448
1.564331,	435.161011
1.564426,	419.660461
1.564521,	431.932068
1.564616,	453.453766
1.564712,	459.547272
1.564807,	422.46698
1.564902,	471.728241
1.564998,	406.914001
1.565093,	397.600281
1.565188,	443.759552
1.565284,	440.605072
1.565379,	403.564545
1.565474,	477.421143
1.56557,	440.386749
1.565665,	474.184296
1.565761,	464.870117
1.565856,	455.55899
1.565952,	458.56131
1.566047,	436.945953
1.566143,	467.639496
1.566238,	529.083557
1.566334,	489.013885
1.566429,	513.533447
1.566525,	479.628632
1.56662,	501.067596
1.566716,	473.323059
1.566812,	467.098785
1.566907,	494.674164
1.567003,	485.376404
1.567099,	473.010193
1.567194,	463.719055
1.56729,	552.686279
1.567386,	485.055542
1.567481,	512.600525
1.567577,	469.550385
1.567673,	540.047119
1.567769,	518.482239
1.567864,	546.003418
1.56796,	545.913147
1.568056,	570.354248
1.568152,	557.996277
1.568248,	554.838562
1.568344,	582.330933
1.56844,	520.946777
1.568535,	545.371704
1.568631,	606.549072
1.568727,	502.311127
1.568823,	557.350647
1.568919,	612.371887
1.569015,	523.491394
1.569111,	587.682556
1.569207,	529.438904
1.569303,	523.231628
1.569399,	517.026428
1.569495,	584.234985
1.569592,	556.613464
1.569688,	547.347961
1.569784,	602.288879
1.56988,	589.962036
1.569976,	592.920715
1.570072,	574.487915
1.570168,	574.392822
1.570264,	610.955078
1.570361,	595.582642
1.570457,	668.774475
1.570553,	671.717041
1.57065,	631.920044
1.570746,	625.710999
1.570842,	625.607422
1.570938,	656.016296
1.571035,	594.893005
1.571131,	613.095947
1.571227,	570.29834
1.571324,	564.105469
1.57142,	582.304382
1.571516,	606.593689
1.571613,	652.208801
1.571709,	603.345642
1.571806,	673.319763
1.571902,	648.838745
1.571999,	575.634827
1.572095,	636.443176
1.572192,	608.935669
1.572288,	706.248413
1.572385,	663.520081
1.572481,	681.66925
1.572578,	648.087036
1.572675,	654.064026
1.572771,	653.95575
1.572868,	675.135498
1.572964,	632.45459
1.573061,	680.992126
1.573158,	604.888367
1.573254,	650.375183
1.573351,	689.769714
1.573448,	628.892822
1.573545,	701.691711
1.573641,	662.092834
1.573738,	649.83667
1.573835,	680.09021
1.573932,	573.731018
1.574028,	667.724426
1.574125,	640.302307
1.574222,	637.162109
1.574319,	658.291748
1.574416,	664.248901
1.574513,	715.692932
1.57461,	742.86322
1.574707,	709.392578
1.574804,	730.492676
1.574901,	736.432739
1.574997,	763.581482
1.575094,	721.040771
1.575191,	736.06665
1.575289,	690.515991
1.575385,	681.317261
1.575483,	699.369812
1.57558,	723.470459
1.575677,	720.323914
1.575774,	677.839539
1.575871,	711.008423
1.575968,	689.715088
1.576065,	725.895508
1.576162,	728.799194
1.57626,	758.914001
1.576357,	746.695923
1.576454,	776.797668
1.576551,	761.558594
1.576648,	767.475403
1.576746,	839.853455
1.576843,	682.645325
1.57694,	809.37439
1.577038,	751.868652
1.577135,	760.801086
1.577232,	839.157227
1.57733,	820.909729
1.577427,	739.299744
1.577524,	811.586304
1.577622,	784.302734
1.577719,	760.04425
1.577817,	744.840393
1.577914,	726.626526
1.578012,	771.724182
1.578109,	732.413513
1.578207,	723.251404
1.578304,	759.287964
1.578402,	777.237244
1.578499,	743.975769
1.578597,	873.348877
1.578694,	867.181824
1.578792,	767.689819
1.57889,	893.984436
1.578987,	881.797913
1.579085,	815.452454
1.579183,	896.547974
1.57928,	860.302551
1.579378,	824.069153
1.579476,	847.98877
1.579574,	820.789001
1.579671,	832.677002
1.579769,	790.460999
1.579867,	805.355042
1.579965,	853.29425
1.580062,	832.124207
1.58016,	844.000244
1.580258,	798.814209
1.580356,	861.735413
1.580454,	870.598511
1.580552,	879.458618
1.58065,	921.327515
1.580748,	891.168823
1.580846,	873.020447
1.580943,	914.869446
1.581041,	929.712891
1.581139,	890.576965
1.581237,	944.39447
1.581336,	890.281189
1.581434,	878.144958
1.581532,	916.954712
1.58163,	952.755432
1.581728,	967.575073
1.581826,	928.478149
1.581924,	886.399597
1.582022,	904.216919
1.58212,	901.07312
1.582219,	900.923401
1.582317,	903.766296
1.582415,	870.702942
1.582513,	909.449219
1.582611,	939.209167
1.58271,	980.921753
1.582808,	971.788391
1.582906,	950.699524
1.583004,	932.60675
1.583103,	977.281189
1.583201,	980.106873
1.5833,	970.981079
1.583398,	1081.34375
1.583496,	1069.217529
1.583595,	1083.970459
1.583693,	1098.718506
1.583791,	1026.892212
1.58389,	990.90564
1.583988,	981.788452
1.584087,	990.576233
1.584185,	1026.209473
1.584284,	1008.142883
1.584382,	897.634766
1.584481,	957.11908
1.584579,	1049.376587
1.584678,	1046.221436
1.584777,	1037.106934
1.584875,	1027.995361
1.584974,	1021.865967
1.585073,	1063.397949
1.585171,	1072.15564
1.58527,	1054.111084
1.585369,	1083.707886
1.585467,	1140.085449
1.585566,	1104.18103
1.585665,	1166.487793
1.585764,	1029.432739
1.585863,	1136.352295
1.585961,	1145.085938
1.58606,	1118.131714
1.586159,	1109.025879
1.586258,	1052.358765
1.586357,	1135.407227
1.586455,	1025.262695
1.586554,	1093.431519
1.586653,	1066.512451
1.586752,	1069.305298
1.586851,	1075.067017
1.58695,	1063.010864
1.587049,	1089.553223
1.587148,	1071.562012
1.587247,	1184.160889
1.587346,	1237.37561
1.587445,	1136.297363
1.587544,	1248.829102
1.587643,	1135.919067
1.587742,	1112.007202
1.587842,	1251.17041
1.587941,	1262.81958
1.58804,	1212.223511
1.588139,	1223.875244
1.588238,	1170.339478
1.588337,	1196.806152
1.588436,	1172.911743
1.588536,	1157.909424
1.588635,	1166.599365
1.588734,	1190.088379
1.588833,	1118.852051
1.588933,	1139.381714
1.589032,	1153.986694
1.589131,	1207.046509
1.589231,	1189.097778
1.58933,	1256.921265
1.589429,	1250.797974
1.589529,	1345.196899
1.589628,	1359.752808
1.589728,	1341.793335
1.589827,	1312.019775
1.589927,	1397.481934
1.590026,	1355.892822
1.590126,	1320.224731
1.590225,	1252.085083
1.590325,	1343.405151
1.590424,	1284.140381
1.590524,	1278.023315
1.590623,	1322.076294
1.590723,	1321.855957
1.590822,	1253.783813
1.590922,	1318.46582
1.591022,	1247.467773
1.591121,	1273.797241
1.591221,	1388.561401
1.591321,	1299.901367
1.59142,	1329.156006
1.59152,	1435.013428
1.59162,	1396.474243
1.59172,	1584.76355
1.591819,	1484.36377
1.591919,	1516.50769
1.592019,	1616.357056
1.592119,	1486.565186
1.592219,	1518.692505
1.592319,	1541.980957
1.592418,	1527.012817
1.592518,	1488.515625
1.592618,	1473.561279
1.592718,	1370.389282
1.592818,	1458.36853
1.592918,	1425.787842
1.593018,	1466.699951
1.593118,	1448.822632
1.593218,	1425.074585
1.593318,	1445.401489
1.593418,	1515.656128
1.593518,	1509.529541
1.593618,	1603.240601
1.593718,	1620.588257
1.593818,	1573.352173
1.593918,	1596.568604
1.594019,	1631.514771
1.594119,	1681.118774
1.594219,	1686.705078
1.594319,	1689.356567
1.594419,	1662.682861
1.594519,	1644.813843
1.59462,	1618.156372
1.59472,	1635.472046
1.59482,	1676.225586
1.594921,	1623.206299
1.595021,	1573.134155
1.595121,	1528.936646
1.595222,	1631.179199
1.595322,	1698.251465
1.595422,	1715.533203
1.595523,	1595.238037
1.595623,	1662.282471
1.595724,	1685.413574
1.595824,	1790.452881
1.595924,	1743.352539
1.596025,	1807.40271
1.596125,	1751.542847
1.596226,	1774.639404
1.596326,	1862.037109
1.596427,	1876.339478
1.596527,	1861.415283
1.596628,	1840.652832
1.596729,	1866.636108
1.596829,	1834.196655
1.59693,	1734.603271
1.597031,	1807.306641
1.597131,	1716.508545
1.597232,	1745.409302
1.597332,	1733.444702
1.597433,	1776.921753
1.597534,	1689.106445
1.597635,	1750.076904
1.597736,	1732.286743
1.597836,	1848.630127
1.597937,	1865.813354
1.598038,	1987.925171
1.598139,	1940.963257
1.59824,	2016.399536
1.59834,	2027.716187
1.598441,	2050.680664
1.598542,	2061.987549
1.598643,	2073.290771
1.598744,	2090.412842
1.598845,	2122.083984
1.598946,	1999.489746
1.599047,	1975.875732
1.599148,	2004.640381
1.599249,	1940.307129
1.59935,	1913.806152
1.599451,	2070.52002
1.599552,	1950.964478
1.599653,	1863.426514
1.599754,	2072.388428
1.599855,	1949.986206
1.599956,	2071.695557
1.600058,	2138.166992
1.600159,	2091.335205
1.60026,	2157.781006
1.600361,	2186.456787
1.600462,	2174.478516
1.600564,	2322.1521
1.600665,	2260.817383
1.600766,	2196.601562
1.600867,	2274.567383
1.600969,	2175.561523
1.60107,	2186.798584
1.601171,	2174.83374
1.601273,	2293.341064
1.601374,	2153.814697
1.601475,	2156.352783
1.601577,	2222.642334
1.601678,	2100.581543
1.60178,	2233.486084
1.601881,	2175.184814
1.601983,	2206.675781
1.602084,	2330.809326
1.602186,	2350.683838
1.602287,	2324.240479
1.602389,	2425.140137
1.60249,	2427.62793
1.602592,	2461.9375
1.602693,	2504.913086
1.602795,	2611.498779
1.602897,	2590.821045
1.602998,	2590.387451
1.6031,	2529.251709
1.603202,	2603.970703
1.603303,	2629.54126
1.603405,	2522.203613
1.603507,	2536.224609
1.603608,	2556.01709
1.60371,	2463.183594
1.603812,	2477.207275
1.603914,	2586.487305
1.604016,	2548.533203
1.604117,	2698.165039
1.604219,	2599.614502
1.604321,	2740.532959
1.604423,	2711.231201
1.604525,	2782.872314
1.604627,	2779.522949
1.604729,	2900.136719
1.604831,	2916.945068
1.604933,	3147.006348
1.605035,	2930.375
1.605137,	3068.167725
1.605239,	3087.816895
1.605341,	2998.02124
1.605443,	3000.398438
1.605545,	3017.169678
1.605647,	2961.9729
1.605749,	2889.526123
1.605851,	2909.184814
1.605953,	2995.008789
1.606055,	3069.297852
1.606158,	3140.685547
1.60626,	2961.871826
1.606362,	3234.512207
1.606464,	3095.987305
1.606566,	3305.281982
1.606669,	3267.370361
1.606771,	3338.652588
1.606873,	3481.72876
1.606976,	3561.567627
1.607078,	3529.381348
1.60718,	3692.452148
1.607282,	3539.681396
1.607385,	3570.661377
1.607487,	3558.583496
1.60759,	3603.89624
1.607692,	3500.012939
1.607795,	3662.924072
1.607897,	3518.914795
1.607999,	3478.180908
1.608102,	3532.069336
1.608204,	3537.209961
1.608307,	3611.132324
1.60841,	3667.83667
1.608512,	3629.976318
1.608615,	3781.187988
1.608717,	3792.01001
1.60882,	3865.826904
1.608923,	4057.005859
1.609025,	4073.500977
1.609128,	4115.749512
1.609231,	4146.537598
1.609333,	4203.06543
1.609436,	4408.330078
1.609539,	4318.923828
1.609641,	4424.009766
1.609744,	4240.274902
1.609847,	4188.105469
1.60995,	4276.009766
1.610053,	4243.856445
1.610155,	4154.566895
1.610258,	4079.591553
1.610361,	4270.28418
1.610464,	4389.515137
1.610567,	4300.260254
1.61067,	4653.55127
1.610773,	4581.408691
1.610876,	4783.271973
1.610979,	4773.908691
1.611082,	5029.879395
1.611185,	4969.131836
1.611288,	5167.941895
1.611391,	5181.33252
1.611494,	5305.911133
1.611597,	5373.435547
1.6117,	5221.475098
1.611803,	5388.729004
1.611906,	5216.872559
1.61201,	5187.509277
1.612113,	5123.977051
1.612216,	5108.87793
1.612319,	5199.132812
1.612422,	5166.944824
1.612526,	5134.767578
1.612629,	5122.521484
1.612732,	5332.218262
1.612835,	5337.012207
1.612939,	5649.000977
1.613042,	5508.699707
1.613145,	5726.720215
1.613249,	6041.328613
1.613352,	6154.013672
1.613455,	6070.561035
1.613559,	5941.671387
1.613662,	6250.349609
1.613766,	5831.732422
1.613869,	6038.081055
1.613973,	6042.745605
1.614076,	5953.71582
1.61418,	5895.941895
1.614283,	5846.70166
1.614387,	5791.801758
1.61449,	5646.128906
1.614594,	5985.592773
1.614697,	5661.248535
1.614801,	5867.312012
1.614905,	5860.654785
1.615008,	5777.458496
1.615112,	6062.760742
1.615216,	5996.561523
1.615319,	6142.891602
1.615423,	6011.542969
1.615527,	6242.795898
1.615631,	6117.137695
1.615734,	6059.478516
1.615838,	6032.97998
1.615942,	6097.068848
1.616046,	5886.615723
1.61615,	5766.78125
1.616254,	5621.524902
1.616357,	5561.176758
1.616461,	5348.126465
1.616565,	5344.399414
1.616669,	5371.772949
1.616773,	5368.04248
1.616877,	5369.96582
1.616981,	5261.681152
1.617085,	5393.586914
1.617189,	5302.283691
1.617293,	5397.420898
1.617397,	5385.217285
1.617501,	5404.075195
1.617605,	5589.481934
1.61771,	5622.411133
1.617814,	5672.261719
1.617918,	5504.835938
1.618022,	5667.53125
1.618126,	5474.776855
1.61823,	5408.992676
1.618335,	5337.591309
1.618439,	5443.821289
1.618543,	5276.601562
1.618647,	5253.16748
1.618752,	5131.120117
1.618856,	5034.469238
1.61896,	5180.095215
1.619065,	5193.304688
1.619169,	5141.744629
1.619273,	5177.479004
1.619378,	5272.313965
1.619482,	5445.920898
1.619586,	5532.236328
1.619691,	5531.304688
1.619795,	5659.771484
1.6199,	5788.194824
1.620004,	5792.844238
1.620109,	5732.825195
1.620213,	5714.992676
1.620318,	5697.166504
1.620423,	5645.623535
1.620527,	5644.672852
1.620632,	5438.648926
1.620736,	5302.912598
1.620841,	5296.402832
1.620946,	5346.050781
1.62105,	5294.618164
1.621155,	5526.694824
1.62126,	5433.15332
1.621364,	5578.14502
1.621469,	5565.98291
1.621574,	5755.782715
1.621679,	5796.879883
1.621783,	5812.727051
1.621888,	5761.283691
1.621993,	5889.253906
1.622098,	6033.996582
1.622203,	6170.283691
1.622308,	6230.879883
1.622413,	6056.15625
1.622517,	6116.750977
1.622622,	5821.694824
1.622727,	6013.896973
1.622832,	6007.284668
1.622937,	5897.117676
1.623042,	5778.592773
1.623147,	5573.373047
1.623252,	5785.036133
1.623358,	5943.48584
1.623463,	5953.669434
1.623568,	6008.585449
1.623673,	5823.067383
1.623778,	6123.950684
1.623883,	6310.154297
1.623988,	6499.089355
1.624093,	6461.675781
1.624199,	6625.382324
1.624304,	6663.362305
1.624409,	6651.069336
1.624514,	6708.574219
1.624619,	6338.993652
1.624725,	6508.163086
1.62483,	6571.242676
1.624936,	6413.901855
1.625041,	6376.557129
1.625146,	6375.481445
1.625252,	6282.38623
1.625357,	6245.08252
1.625462,	6252.391113
1.625568,	6273.631836
1.625673,	6339.451172
1.625779,	6586.34375
1.625884,	6819.225098
1.62599,	6776.296875
1.626095,	6925.526367
1.626201,	7105.331543
1.626306,	7179.292969
1.626412,	7228.180176
1.626518,	7321.575195
1.626623,	7456.673828
1.626729,	7216.173828
1.626834,	7367.932617
1.62694,	7294.384277
1.627046,	7332.079102
1.627151,	7353.080566
1.627257,	6934.910645
1.627363,	7206.086426
1.627469,	7129.847656
1.627574,	7117.530762
1.62768,	7266.321777
1.627786,	7209.550781
1.627892,	7613.732422
1.627998,	7726.271973
1.628104,	7852.651855
1.628209,	7962.337402
1.628315,	8335.594727
1.628421,	8459.032227
1.628527,	8524.176758
1.628633,	8838.907227
1.628739,	8978.833984
1.628845,	8727.792969
1.628951,	8948.080078
1.629057,	8929.938477
1.629163,	9078.067383
1.629269,	8785.619141
1.629375,	8964.193359
1.629481,	8727.255859
1.629588,	8914.086914
1.629694,	9084.242188
1.6298,	8935.988281
1.629906,	9175.276367
1.630012,	9065.798828
1.630118,	9249.646484
1.630224,	9527.489258
1.630331,	9509.283203
1.630437,	10024.817383
1.630543,	10012.0625
1.63065,	10013.133789
1.630756,	10227.038086
1.630862,	9998.693359
1.630969,	10090.948242
1.631075,	9738.383789
1.631181,	9615.200195
1.631288,	9655
1.631394,	9333.060547
1.631501,	9055.402344
1.631607,	9147.72168
1.631713,	9115.816406
1.63182,	9136.348633
1.631927,	9203.776367
1.632033,	9216.011719
1.63214,	9418.543945
1.632246,	9714.762695
1.632353,	9804.102539
1.632459,	10141.503906
1.632566,	10230.740234
1.632673,	10507.330078
1.632779,	10770.050781
1.632886,	11173.172852
1.632993,	10931.661133
1.633099,	11185.914062
1.633206,	11451.09375
1.633313,	11575.787109
1.633419,	11158.21582
1.633526,	11681.945312
1.633633,	11779.020508
1.63374,	11848.552734
1.633847,	11868.550781
1.633954,	12259.800781
1.63406,	12345.712891
1.634167,	12733.999023
1.634274,	13067.180664
1.634381,	13606.364258
1.634488,	14431.129883
1.634595,	14741.875977
1.634702,	15324.449219
1.634809,	16206.176758
1.634916,	16694.945312
1.635023,	17158.837891
1.63513,	17658.255859
1.635237,	18388.042969
1.635344,	18338.279297
1.635451,	18746.705078
1.635558,	18941.033203
1.635666,	19480.863281
1.635773,	19738.068359
1.63588,	19627.796875
1.635987,	20493.441406
1.636094,	20799.675781
1.636202,	21272.962891
1.636309,	21970.757812
1.636416,	22698.447266
1.636523,	23447.798828
1.636631,	24251.667969
1.636738,	24726.703125
1.636845,	25417.841797
1.636953,	25210.990234
1.63706,	25743.089844
1.637167,	25560.876953
1.637275,	25422.496094
1.637382,	24318.636719
1.63749,	23283.519531
1.637597,	21923.375
1.637705,	21063.976562
1.637812,	19830.400391
1.63792,	19007.173828
1.638027,	18378.228516
1.638135,	17550.0625
1.638242,	16544.628906
1.63835,	16102.12793
1.638458,	15962.869141
1.638565,	15332.239258
1.638673,	15154.941406
1.638781,	14699.328125
1.638888,	14546.755859
1.638996,	14691.613281
1.639104,	14623.654297
1.639211,	14506.625977
1.639319,	14433.266602
1.639427,	14125.460938
1.639535,	14057.642578
1.639643,	13730.925781
1.63975,	13728.595703
1.639858,	13099.621094
1.639966,	13059.260742
1.640074,	12634.882812
1.640182,	12485.6875
1.64029,	12317.484375
1.640398,	12258.226562
1.640506,	12228.928711
1.640614,	12145.212891
1.640722,	12382.586914
1.64083,	12636.201172
1.640938,	12677.574219
1.641046,	13083.341797
1.641154,	13353.021484
1.641262,	13489.399414
1.64137,	13609.422852
1.641478,	13653.311523
1.641586,	13743.375977
1.641694,	13643.241211
1.641803,	13812.047852
1.641911,	13671.197266
1.642019,	13649.868164
1.642127,	13367.920898
1.642236,	13506.798828
1.642344,	13211.400391
1.642452,	13209.15625
1.642561,	13326.28418
1.642669,	12941.551758
1.642777,	13389.55957
1.642886,	13544.558594
1.642994,	13569.369141
1.643102,	13854.398438
1.643211,	14196.245117
1.643319,	14481.069336
1.643428,	14803.727539
1.643536,	14771.414062
1.643645,	15153.49707
1.643753,	15359.432617
1.643862,	15050.876953
1.64397,	14858.828125
1.644079,	14896.901367
1.644187,	14826.716797
1.644296,	14550.926758
1.644405,	14445.65625
1.644513,	14088.882812
1.644622,	14297.419922
1.644731,	13916.457031
1.644839,	14281.745117
1.644948,	14103.629883
1.645057,	14117.446289
1.645165,	14131.257812
1.645274,	14461.139648
1.645383,	14631.546875
1.645492,	14888.314453
1.645601,	14977.586914
1.645709,	15242.306641
1.645818,	14991.386719
1.645927,	14835.008789
1.646036,	14959.304688
1.646145,	14749.027344
1.646254,	14244.807617
1.646363,	14061.691406
1.646472,	14145.585938
1.646581,	13865.492188
1.64669,	13528.886719
1.646799,	13114.238281
1.646908,	13456.917969
1.647017,	13214.847656
1.647126,	13500.825195
1.647235,	13687.054688
1.647344,	13908.226562
1.647453,	14040.475586
1.647563,	14116.150391
1.647672,	14224.095703
1.647781,	14762.555664
1.64789,	14714.303711
1.648,	14873.201172
1.648109,	14814.188477
1.648218,	14728.303711
1.648327,	14561.788086
1.648437,	13833.494141
1.648546,	14089.162109
1.648655,	14127.072266
1.648765,	13630.290039
1.648874,	13571.555664
1.648983,	13319.454102
1.649093,	13424.604492
1.649202,	13376.672852
1.649312,	13363.657227
1.649421,	13651.261719
1.649531,	13885.09668
1.64964,	14011.523438
1.64975,	14086.935547
1.649859,	14317.892578
1.649969,	14535.361328
1.650078,	14457.806641
1.650188,	14482.152344
1.650298,	14734.326172
1.650407,	14402.178711
1.650517,	14196.082031
1.650627,	13909.682617
1.650736,	13754.631836
1.650846,	13305.037109
1.650956,	13243.860352
1.651066,	12939.076172
1.651175,	13207.225586
1.651285,	13263.853516
1.651395,	12951.192383
1.651505,	13168.368164
1.651615,	12989.576172
1.651725,	13193.297852
1.651834,	13886.299805
1.651944,	13584.491211
1.652054,	13908.296875
1.652164,	13681.420898
1.652274,	13989.06543
1.652384,	13786.297852
1.652494,	13872.100586
1.652604,	13923.151367
1.652714,	13541.581055
1.652824,	13440.483398
1.652934,	12920.311523
1.653044,	12699.24707
1.653155,	12681.069336
1.653265,	12548.168945
1.653375,	12644.731445
1.653485,	12911.962891
1.653595,	12971.095703
1.653705,	12848.899414
1.653816,	13067.972656
1.653926,	13342.943359
1.654036,	13415.285156
1.654146,	13564.871094
1.654257,	13812.974609
1.654367,	13911.833984
1.654477,	13768.314453
1.654588,	13832.53125
1.654698,	14013.862305
1.654809,	13598.899414
1.654919,	13591.255859
1.655029,	13320.19043
1.65514,	12980.046875
1.65525,	13031.030273
1.655361,	12789.452148
1.655471,	12739.40625
1.655582,	12598.985352
1.655692,	12777.585938
1.655803,	12687.701172
1.655913,	12903.426758
1.656024,	13060.628906
1.656135,	13475.438477
1.656245,	13558.125
1.656356,	13731.06543
1.656467,	14084.483398
1.656577,	14013.060547
1.656688,	13984.126953
1.656799,	14079.920898
1.65691,	13918.328125
1.65702,	13655.988281
1.657131,	13677.525391
1.657242,	13441.833008
1.657353,	13487.259766
1.657464,	13339.158203
1.657575,	13336.878906
1.657685,	13305.450195
1.657796,	13300.527344
1.657907,	13526.073242
1.658018,	13968.726562
1.658129,	13908.080078
1.65824,	14331.982422
1.658351,	14718.677734
1.658462,	14737.336914
1.658573,	14949.170898
1.658684,	14898.990234
1.658795,	15219.186523
1.658906,	15282.708984
1.659017,	15018.288086
1.659129,	14960.194336
1.65924,	14841.317383
1.659351,	14606.180664
1.659462,	14513.830078
1.659573,	14255.048828
1.659685,	14392.626953
1.659796,	14289.793945
1.659907,	14229.25
1.660018,	14398.446289
1.66013,	14860.625977
1.660241,	14881.84082
1.660352,	15161.679688
1.660464,	15280.464844
1.660575,	15536.394531
1.660687,	15908.297852
1.660798,	15884.478516
1.660909,	16385.400391
1.661021,	16010.863281
1.661132,	16047.663086
1.661244,	16100.262695
1.661355,	15862.988281
1.661467,	15428.200195
1.661578,	15293.852539
1.66169,	15288.601562
1.661802,	14935.763672
1.661913,	15083.276367
1.662025,	14854.313477
1.662136,	14764.918945
1.662248,	15051.849609
1.66236,	15404.457031
1.662472,	15233.46582
1.662583,	15720.054688
1.662695,	16038.179688
1.662807,	16435.070312
1.662919,	16363.90918
1.66303,	16463.611328
1.663142,	16531.744141
1.663254,	16539.421875
1.663366,	16355.331055
1.663478,	16292.120117
1.66359,	16131.767578
1.663702,	15682.654297
1.663813,	15803.349609
1.663925,	15769.146484
1.664037,	15231.100586
1.664149,	15787.358398
1.664261,	15695.460938
1.664373,	15585.233398
1.664485,	15936.592773
1.664598,	16686.375
1.66471,	16714.974609
1.664822,	17065.958984
1.664934,	17267.445312
1.665046,	17699.439453
1.665158,	17450.148438
1.66527,	17334.529297
1.665383,	17137.763672
1.665495,	17234.324219
1.665607,	17006.226562
1.665719,	16492.898438
1.665832,	16050.405273
1.665944,	15796.459961
1.666056,	15220.813477
1.666169,	15079.571289
1.666281,	15273.130859
1.666393,	14763.238281
1.666506,	14849.594727
1.666618,	14713.739258
1.666731,	14969.949219
1.666843,	14800.149414
1.666955,	15213.009766
1.667068,	15388.025391
1.66718,	15142.5
1.667293,	15051.121094
1.667405,	15176.467773
1.667518,	14800.586914
1.667631,	14563.15918
1.667743,	14401.484375
1.667856,	14200.731445
1.667969,	14174.818359
1.668081,	13708.145508
1.668194,	13249.455078
1.668307,	13236.75293
1.668419,	13164.098633
1.668532,	12783.925781
1.668645,	13120.493164
1.668758,	13118.242188
1.66887,	13243.633789
1.668983,	13262.197266
1.669096,	13384.916016
1.669209,	13437.294922
1.669322,	13513.083008
1.669435,	13555.009766
1.669548,	13279.443359
1.669661,	13352.617188
1.669774,	13105.793945
1.669886,	12963.092773
1.669999,	12963.467773
1.670113,	12381.431641
1.670226,	12506.685547
1.670339,	12421.365234
1.670452,	12058.011719
1.670565,	12333.955078
1.670678,	12272.086914
1.670791,	12194.655273
1.670904,	12548.338867
1.671017,	12657.832031
1.671131,	12951.605469
1.671244,	12949.380859
1.671357,	13287.120117
1.67147,	13349.704102
1.671583,	13303.308594
1.671697,	13817.189453
1.67181,	13228.716797
1.671923,	13288.673828
1.672037,	12884.557617
1.67215,	12804.583008
1.672264,	12447.336914
1.672377,	12126.488281
1.67249,	12020.777344
1.672604,	11961.725586
1.672717,	11832.769531
1.672831,	11936.899414
1.672944,	11880.480469
1.673058,	11981.976562
1.673171,	11959.211914
1.673285,	11951.981445
1.673398,	12213.8125
1.673512,	12191.019531
1.673626,	12455.305664
1.673739,	12029.09375
1.673853,	12174.390625
1.673967,	12086.995117
1.67408,	12108.175781
1.674194,	11873.533203
1.674308,	11587.297852
1.674422,	11259.832031
1.674535,	11275.973633
1.674649,	10695.613281
1.674763,	10784.136719
1.674877,	10655.794922
1.674991,	10432.004883
1.675104,	10417.307617
1.675218,	10348.43457
1.675332,	10326.017578
1.675446,	10675.001953
1.67556,	10657.693359
1.675674,	10813.131836
1.675788,	10770.025391
1.675902,	10894.462891
1.676016,	10740.549805
1.67613,	10815.995117
1.676244,	11079.463867
1.676358,	10745.306641
1.676473,	10601.825195
1.676587,	10504.736328
1.676701,	10353.621094
1.676815,	10140.787109
1.676929,	10025.813477
1.677043,	9962.336914
1.677158,	10112.397461
1.677272,	9845.737305
1.677386,	10003.480469
1.6775,	10348.862305
1.677615,	10470.473633
1.677729,	10514.93457
1.677843,	10597.927734
1.677958,	10572.978516
1.678072,	10786.947266
1.678187,	10803.068359
1.678301,	10798.639648
1.678415,	10632.452148
1.67853,	10384.172852
1.678644,	10336.182617
1.678759,	10367.763672
1.678873,	10201.763672
1.678988,	10287.229492
1.679102,	9990.487305
1.679217,	9924.652344
1.679332,	10266.527344
1.679446,	10316.030273
1.679561,	10383.458008
1.679676,	10548.24707
1.67979,	10623.297852
1.679905,	10764.930664
1.68002,	10980.795898
1.680134,	11209.390625
1.680249,	11025.660156
1.680364,	11054.479492
1.680479,	10939.949219
1.680593,	10669.345703
1.680708,	10327.19043
1.680823,	10192.375977
1.680938,	9945.061523
1.681053,	9933.116211
1.681168,	9775.425781
1.681283,	9691.930664
1.681398,	9444.871094
1.681513,	9279.677734
1.681628,	9398.173828
1.681743,	9391.443359
1.681858,	9627.37793
1.681973,	9909.202148
1.682088,	9981.542969
1.682203,	10288.738281
1.682318,	10350.77832
1.682433,	10412.795898
1.682549,	10314.03418
1.682664,	10273.985352
1.682779,	10159.975586
1.682894,	10125.066406
1.683009,	9944.822266
1.683124,	9555.580078
1.68324,	9276.081055
1.683355,	8861.601562
1.68347,	8559.384766
1.683586,	8588.480469
1.683701,	8243.110352
1.683816,	8292.624023
1.683932,	8179.149414
1.684047,	8228.657227
1.684163,	8130.505371
1.684278,	8266.537109
1.684394,	8186.225098
1.684509,	8329.833008
1.684625,	8208.835938
1.68474,	7958.168945
1.684856,	7888.135254
1.684971,	7772.361328
1.685087,	7816.775391
1.685203,	7586.681152
1.685318,	7346.500977
1.685434,	7185.166504
1.685549,	7267.754395
1.685665,	7200.462891
1.685781,	7054.472656
1.685897,	7276.682617
1.686012,	7389.65918
1.686128,	7302.086914
1.686244,	7684.010742
1.68636,	7872.973633
1.686476,	7716.869629
1.686591,	7913.370117
1.686707,	7934.825195
1.686823,	7715.404297
1.686939,	7888.986816
1.687055,	7829.327637
1.687171,	7660.720703
1.687287,	7504.839844
1.687403,	7313.547363
1.687519,	7208.436523
1.687635,	6941.289062
1.687751,	6897.04541
1.687867,	7176.851074
1.687983,	7132.581543
1.688099,	7417.310547
1.688215,	7451.450684
1.688332,	7629.775391
1.688448,	7517.165039
1.688564,	7781.398438
1.68868,	7931.759766
1.688797,	7841.906738
1.688913,	8014.953125
1.689029,	7879.62793
1.689145,	7938.905762
1.689262,	7813.744629
1.689378,	7678.523926
1.689494,	7525.671387
1.689611,	7150.675781
1.689727,	7045.933105
1.689844,	6820.070312
1.68996,	6894.599121
1.690076,	6832.848633
1.690193,	6677.776855
1.690309,	6800.215332
1.690426,	6614.939941
1.690542,	6694.481445
1.690659,	6597.523438
1.690776,	6745.095703
1.690892,	6562.477051
1.691009,	6395.039551
1.691125,	6466.991211
1.691242,	6488.541016
1.691359,	6321.202637
1.691475,	6247.086914
1.691592,	5913.689941
1.691709,	5874.90918
1.691826,	5677.592285
1.691942,	5563.378418
1.692059,	5529.709473
1.692176,	5551.389648
1.692293,	5482.525391
1.69241,	5272.873047
1.692527,	5460.513184
1.692644,	5653.115234
1.69276,	5534.016602
1.692877,	5530.544922
1.692994,	5604.955566
1.693111,	5516.068848
1.693228,	5389.541016
1.693345,	5471.470215
1.693462,	5284.739746
1.69358,	5241.151855
1.693697,	5212.636719
1.693814,	4890.547852
1.693931,	5020.158691
1.694048,	4871.293457
1.694165,	4935.655762
1.694282,	4761.78125
1.694399,	4733.377441
1.694517,	4725.037109
1.694634,	4656.549805
1.694751,	4888.779785
1.694869,	4920.501465
1.694986,	4962.231934
1.695103,	4983.911621
1.69522,	4787.731445
1.695338,	4887.04541
1.695455,	4826.121582
1.695573,	4650.092773
1.69569,	4654.290527
1.695807,	4668.494141
1.695925,	4385.021973
1.696043,	4281.719727
1.69616,	4158.449219
1.696277,	4207.72998
1.696395,	4037.020264
1.696513,	4038.818848
1.69663,	4020.626221
1.696748,	4034.918701
1.696865,	4039.214355
1.696983,	3941.109619
1.697101,	4022.829834
1.697219,	4109.514648
1.697336,	4118.786621
1.697454,	4010.751953
1.697572,	3962.643555
1.69769,	4069.237793
1.697807,	3978.729248
1.697925,	3983.026611
1.698043,	3872.61499
1.698161,	3809.612549
1.698279,	3818.921875
1.698397,	3713.580566
1.698515,	3658.11377
1.698632,	3620.106445
1.69875,	3574.638916
1.698868,	3633.79248
1.698986,	3690.435303
1.699104,	3806.812012
1.699223,	3763.83252
1.699341,	3825.400391
1.699459,	3884.458252
1.699577,	3893.735596
1.699695,	3942.810547
1.699813,	3974.458252
1.699931,	3834.511719
1.700049,	3764.229492
1.700168,	3711.372314
1.700286,	3591.427246
1.700404,	3538.618408
1.700522,	3530.549805
1.700641,	3413.182373
1.700759,	3442.393311
1.700877,	3456.694336
1.700996,	3520.646973
1.701114,	3636.707275
1.701232,	3683.232178
1.701351,	3662.739502
1.701469,	3609.999756
1.701588,	3758.211914
1.701706,	3725.31543
1.701825,	3742.026123
1.701943,	3758.730957
1.702062,	3683.708984
1.70218,	3635.976562
1.702299,	3543.655029
1.702417,	3543.038574
1.702536,	3356.630859
1.702655,	3214.870117
1.702773,	3318.317627
1.702892,	3448.964355
1.703011,	3426.084961
1.703129,	3319.061035
1.703248,	3513.979492
1.703367,	3557.903564
1.703486,	3633.971436
1.703604,	3559.138672
1.703723,	3786.0271
1.703842,	3889.212402
1.703961,	3819.317871
1.70408,	3850.78418
1.704199,	3788.334229
1.704318,	3725.905762
1.704437,	3675.850342
1.704556,	3645.571533
1.704675,	3825.208252
1.704794,	3656.647461
1.704913,	3762.160889
1.705032,	3766.442139
1.705151,	3674.479492
1.70527,	3784.868896
1.705389,	3858.216553
1.705508,	3832.879883
1.705627,	3943.183594
1.705747,	4280.28418
1.705866,	4178.466797
1.705985,	4441.466309
1.706104,	4578.693848
1.706223,	4511.371582
1.706343,	4407.120117
1.706462,	4704.378418
1.706581,	4681.395508
1.706701,	4712.587891
1.70682,	4768.386719
1.706939,	4570.650879
1.707059,	4771.646484
1.707178,	4652.712891
1.707298,	4947.10498
1.707417,	4801.126465
1.707537,	4888.819336
1.707656,	5064.996094
1.707776,	4997.73877
1.707895,	5050.940918
1.708015,	5187.677734
1.708134,	5196.601074
1.708254,	5303.785156
1.708374,	5256.193359
1.708493,	5321.581543
1.708613,	5340.295898
1.708733,	5231.349609
1.708852,	5321.251953
1.708972,	5160.8125
1.709092,	5162.365723
1.709212,	5181.09082
1.709332,	5057.549805
1.709451,	5299.446777
1.709571,	5227.41748
1.709691,	5395.655762
1.709811,	5634.915527
1.709931,	5709.900879
1.710051,	5971.072754
1.710171,	6239.50293
1.710291,	6373.126465
1.710411,	6663.432617
1.710531,	6752.862793
1.710651,	6734.547852
1.710771,	6973.237793
1.710891,	7042.989258
1.711011,	6831.338867
1.711131,	6942.677246
1.711251,	6841.183105
1.711371,	7072.309082
1.711492,	6995.277832
1.711612,	6991.611816
1.711732,	7066.160645
1.711852,	7213.996582
1.711972,	7354.450195
1.712093,	7328.736816
1.712213,	7364.094238
1.712333,	7624.108398
1.712454,	7564.177734
1.712574,	7553.091309
1.712695,	7624.995605
1.712815,	7738.359863
1.712935,	7270.981934
1.713056,	7372.170898
1.713176,	7317.223145
1.713297,	7245.223633
1.713417,	7170.811035
1.713538,	7033.041504
1.713658,	7429.104004
1.713779,	7315.706055
1.7139,	7455.745605
1.71402,	7661.510254
1.714141,	7857.459961
1.714262,	8187.279297
1.714382,	8156.630371
1.714503,	8476.543945
1.714624,	8757.402344
1.714744,	8724.235352
1.714865,	8759.206055
1.714986,	8857.415039
1.715107,	8690.472656
1.715228,	8997.795898
1.715348,	8568.293945
1.715469,	8763.705078
1.71559,	8594.463867
1.715711,	8571.089844
1.715832,	8513.707031
1.715953,	9015.080078
1.716074,	8892.060547
1.716195,	9160.061523
1.716316,	9078.333984
1.716437,	9603.532227
1.716558,	9866.413086
1.716679,	9874.393555
1.7168,	9906.633789
1.716921,	10244.524414
1.717043,	10276.688477
1.717164,	10204.563477
1.717285,	9953.042969
1.717406,	10004.632812
1.717527,	10051.357422
1.717649,	9797.570312
1.71777,	9795.855469
1.717891,	9789.294922
1.718013,	9736.717773
1.718134,	9681.737305
1.718255,	9989.958008
1.718377,	10179.452148
1.718498,	10593.973633
1.71862,	10642.9375
1.718741,	10708.821289
1.718862,	10726.297852
1.718984,	10992.893555
1.719105,	10845.87207
1.719227,	10914.089844
1.719348,	10742.959961
1.71947,	10579.139648
1.719592,	10135.055664
1.719713,	10060.795898
1.719835,	9889.933594
1.719957,	9738.453125
1.720078,	9616.00293
1.7202,	9520.155273
1.720322,	9602.977539
1.720443,	9794.382812
1.720565,	9908.498047
1.720687,	9742.694336
1.720809,	9905.025391
1.720931,	9963.586914
1.721053,	9952.195312
1.721174,	9813.019531
1.721296,	9832.995117
1.721418,	9604.710938
1.72154,	9472.898438
1.721662,	9268.850586
1.721784,	8970.924805
1.721906,	8742.950195
1.722028,	8522.279297
1.72215,	8487.077148
1.722272,	8271.342773
1.722394,	8332.469727
1.722516,	8010.955566
1.722638,	8214.05957
1.722761,	8207.807617
1.722883,	8362.703125
1.723005,	8149.619629
1.723127,	8092.891113
1.723249,	7940.026367
1.723372,	7984.299316
1.723494,	7857.94043
1.723616,	7955.068848
1.723739,	7324.297363
1.723861,	7092.441406
1.723983,	7023.958984
1.724106,	6821.047852
1.724228,	6596.603516
1.724351,	6470.640625
1.724473,	6267.933105
1.724596,	6341.209473
1.724718,	6253.738281
1.72484,	6111.134766
1.724963,	6280.318359
1.725086,	6303.191406
1.725208,	6232.567871
1.725331,	6082.876465
1.725453,	6163.282715
1.725576,	5982.509277
1.725699,	5868.87207
1.725821,	5740.904297
1.725944,	5536.353516
1.726067,	5248.077637
1.72619,	5235.187012
1.726312,	5081.092773
1.726435,	4982.089844
1.726558,	4942.934082
1.726681,	4875.087402
1.726804,	4874.230469
1.726927,	4887.72168
1.72705,	4932.288574
1.727172,	4814.291504
1.727295,	4839.73584
1.727418,	4910.572266
1.727541,	4943.157227
1.727664,	4880.181641
1.727787,	4678.705566
1.72791,	4625.349121
1.728034,	4373.851562
1.728157,	4265.665039
1.72828,	4181.382812
1.728403,	4166.330566
1.728526,	4060.623047
1.728649,	4059.908936
1.728772,	3866.013672
1.728896,	4037.020508
1.729019,	4060.151611
1.729142,	4030.833252
1.729265,	4077.789795
1.729389,	4058.009766
1.729512,	4150.211426
1.729635,	4037.526123
1.729759,	4160.65918
1.729882,	3974.194824
1.730006,	4071.107178
1.730129,	3994.219727
1.730253,	3869.760742
1.730376,	3771.52002
1.7305,	3670.93457
1.730623,	3705.96875
1.730747,	3667.264404
1.73087,	3707.042236
1.730994,	3585.141602
1.731117,	3784.178223
1.731241,	3790.641846
1.731365,	3789.974609
1.731488,	3865.331055
1.731612,	4035.673828
1.731736,	4032.588379
1.73186,	4031.878418
1.731983,	4014.550049
1.732107,	4056.568848
1.732231,	3953.80542
1.732355,	3953.109375
1.732479,	3871.751465
1.732603,	3885.301514
1.732727,	3967.621826
1.73285,	3698.983887
1.732974,	3771.824707
1.733098,	3889.675781
1.733222,	3955.347412
1.733346,	3883.566406
1.73347,	4041.608887
1.733594,	4031.422119
1.733719,	4033.080078
1.733843,	4112.874512
1.733967,	4062.434814
1.734091,	4059.352051
1.734215,	3916.643311
1.734339,	4012.9646
1.734463,	4000.428711
1.734588,	3819.960693
1.734712,	3620.637207
1.734836,	3520.691162
1.73496,	3564.987549
1.735085,	3479.268311
1.735209,	3497.560547
1.735334,	3532.385742
1.735458,	3463.253906
1.735582,	3481.538818
1.735707,	3648.594971
1.735831,	3570.03418
1.735956,	3588.290283
1.73608,	3538.091064
1.736205,	3502.068604
1.736329,	3440.104736
1.736454,	3194.156494
1.736578,	3287.938477
1.736703,	3197.746094
1.736828,	3086.36499
1.736952,	3045.744873
1.737077,	2955.642578
1.737202,	2898.563721
1.737326,	2926.325928
1.737451,	2859.849121
1.737576,	2807.527588
1.737701,	2903.582764
1.737826,	2950.159668
1.73795,	2883.725342
1.738075,	2753.765625
1.7382,	2755.632812
1.738325,	2733.970947
1.73845,	2561.763184
1.738575,	2629.518311
1.7387,	2455.038086
1.738825,	2306.481934
1.73895,	2294.320801
1.739075,	2232.807373
1.7392,	2067.919434
1.739325,	1990.020874
1.73945,	2095.37793
1.739575,	2008.107178
1.7397,	1883.295288
1.739825,	2002.702148
1.73995,	1981.221558
1.740076,	1973.830566
1.740201,	1776.368286
1.740326,	1869.901489
1.740451,	1768.703369
1.740577,	1735.555908
1.740702,	1721.179688
1.740827,	1582.54895
1.740953,	1448.655518
1.741078,	1471.836304
1.741203,	1349.725952
1.741329,	1335.430176
1.741454,	1293.030029
1.74158,	1245.960815
1.741705,	1299.597778
1.741831,	1233.814331
1.741956,	1224.233032
1.742082,	1214.655029
1.742207,	1158.281128
1.742333,	1134.680908
1.742459,	1083.019287
1.742584,	1061.779175
1.74271,	1089.651123
1.742836,	1016.983704
1.742961,	998.103943
1.743087,	1011.949829
1.743213,	944.007874
1.743339,	932.159668
1.743464,	922.651428
1.74359,	885.121582
1.743716,	824.255005
1.743842,	852.124146
1.743968,	791.284851
1.744094,	819.149963
1.74422,	847.005188
1.744346,	888.848083
1.744472,	844.372864
1.744598,	841.891296
1.744724,	806.766846
1.74485,	785.642456
1.744976,	808.812073
1.745102,	755.068359
1.745228,	710.663818
1.745354,	696.560181
1.74548,	649.852478
1.745606,	642.750977
1.745733,	621.68158
1.745859,	621.571472
1.745985,	605.168396
1.746111,	619.02417
1.746238,	616.587769
1.746364,	579.257202
1.74649,	595.436035
1.746617,	597.656067
1.746743,	634.75177
1.746869,	597.444336
1.746996,	550.852966
1.747122,	532.16449
1.747249,	548.334351
1.747375,	504.099426
1.747502,	478.461212
1.747628,	517.854065
1.747755,	471.326202
1.747881,	450.350128
1.748008,	461.875214
1.748135,	426.984802
1.748261,	422.268799
1.748388,	394.356964
1.748515,	417.480408
1.748641,	442.914551
1.748768,	417.332367
1.748895,	458.984222
1.749022,	516.845093
1.749148,	403.206726
1.749275,	417.036438
1.749402,	349.785187
1.749529,	377.515717
1.749656,	407.552032
1.749783,	379.697021
1.74991,	331.018555
1.750037,	337.903046
1.750164,	328.587128
1.750291,	323.901642
1.750418,	379.360321
1.750545,	300.659088
1.750672,	367.66394
1.750799,	358.350922
1.750926,	335.172028
1.751053,	337.423645
1.751181,	339.674469
1.751308,	355.786285
1.751435,	279.496765
1.751562,	307.160889
1.751689,	300.179169
1.751817,	277.039276
1.751944,	286.223083
1.752071,	265.401703
1.752199,	239.972824
1.752326,	223.781067
1.752453,	262.953735
1.752581,	228.313995
1.752708,	242.1082
1.752836,	267.424408
1.752963,	255.852036
1.753091,	260.41571
1.753218,	260.369476
1.753346,	237.285751
1.753473,	276.400299
1.753601,	204.96048
1.753729,	227.949234
1.753856,	221.002411
1.753984,	211.756332
1.754111,	195.60968
1.754239,	211.681076
1.754367,	225.446289
1.754495,	223.106155
1.754623,	200.069962
1.75475,	186.238922
1.754878,	220.68837
1.755006,	197.664856
1.755134,	232.100006
1.755262,	222.868301
1.75539,	206.74826
1.755517,	199.821106
1.755646,	208.971115
1.755774,	172.198318
1.755901,	195.123383
1.75603,	179.022552
1.756158,	172.106461
1.756286,	165.19281
1.756414,	167.457367
1.756542,	144.492294
1.75667,	149.052826
1.756798,	167.368011
1.756926,	176.507446
1.757055,	167.308456
1.757183,	146.655289
1.757311,	162.666763
1.757439,	169.509842
1.757568,	176.350464
1.757696,	164.869797
1.757824,	178.577148
1.757953,	148.787811
1.758081,	164.781769
1.758209,	139.581924
1.758338,	150.996185
1.758466,	146.39447
1.758595,	132.646378
1.758723,	139.482544
1.758852,	132.599136
1.758981,	146.290237
1.759109,	121.125031
1.759238,	162.232941
1.759366,	134.789276
1.759495,	150.754364
1.759624,	153.011261
1.759752,	162.117386
1.759881,	139.25914
1.76001,	166.624695
1.760139,	139.209518
1.760267,	141.466431
1.760396,	168.816956
1.760525,	145.977844
1.760654,	166.476303
1.760783,	118.564728
1.760911,	141.340439
1.76104,	127.63958
1.761169,	170.915405
1.761298,	159.492599
1.761427,	136.683578
1.761556,	125.27095
1.761685,	118.41687
1.761814,	147.994705
1.761944,	134.309708
1.762073,	143.389877
1.762202,	138.813065
1.762331,	141.063522
1.76246,	150.137619
1.762589,	163.757278
1.762718,	136.440063
1.762848,	150.057297
1.762977,	131.845016
1.763106,	131.821503
1.763236,	136.342743
1.763365,	124.958549
1.763494,	124.936256
1.763624,	145.354431
1.763753,	147.599258
1.763883,	158.924683
1.764012,	120.307213
1.764141,	129.363922
1.764271,	113.456871
1.7644,	136.123947
1.76453,	127.026337
1.76466,	131.539505
1.764789,	124.713478
1.764919,	124.691216
1.765048,	124.668953
1.765178,	115.581482
1.765308,	126.890343
1.765437,	129.133179
1.765567,	122.31485
1.765697,	129.087067
1.765827,	131.328293
1.765957,	144.888092
1.766086,	151.652634
1.766216,	153.888626
1.766346,	147.073135
1.766476,	110.850716
1.766606,	140.235031
1.766736,	119.856918
1.766866,	140.184937
1.766996,	137.899246
1.767126,	113.011971
1.767256,	131.070465
1.767386,	128.787613
1.767516,	149.09584
1.767646,	112.931206
1.767776,	112.911026
1.767906,	124.179932
1.768036,	110.613251
1.768167,	126.392548
1.768297,	148.93602
1.768427,	137.628372
1.768557,	119.557373
1.768688,	126.302185
1.768818,	101.474678
1.768948,	112.729485
1.769078,	108.200951
1.769209,	126.211868
1.769339,	126.189301
1.76947,	103.636955
1.7696,	108.123566
1.769731,	108.104225
1.769861,	119.343727
1.769992,	121.573746
1.770122,	121.551994
1.770253,	119.279686
1.770383,	103.507248
1.770514,	128.236023
1.770645,	107.96891
1.770775,	119.194336
1.770906,	132.664291
1.771037,	116.903534
1.771167,	98.900673
1.771298,	98.882965
1.771429,	105.606079
1.77156,	114.573318
1.771691,	101.076004
1.771821,	116.77803
1.771952,	114.511795
1.772083,	123.471001
1.772214,	105.492691
1.772345,	112.206169
1.772476,	94.236305
1.772607,	134.599182
1.772738,	134.575073
1.772869,	112.125809
1.773,	132.28476
1.773131,	132.261063
1.773262,	121.030807
1.773393,	100.840935
1.773525,	123.227951
1.773656,	118.725662
1.773787,	100.786743
1.773918,	98.529381
1.774049,	120.900757
1.774181,	105.209572
1.774312,	105.19072
1.774443,	118.598061
1.774575,	93.966522
1.774706,	107.371063
1.774837,	118.534302
1.774969,	107.332573
1.7751,	102.841942
1.775232,	116.235268
1.775363,	113.97953
1.775495,	100.552139
1.775626,	107.236382
1.775758,	98.282394
1.775889,	109.431213
1.776021,	107.178703
1.776152,	104.926987
1.776284,	78.1231
1.776416,	124.974548
1.776548,	93.714096
1.776679,	107.082611
1.776811,	113.75486
1.776943,	80.283142
1.777074,	104.795296
1.777206,	124.840073
1.777338,	113.673233
1.77747,	102.510399
1.777602,	89.123482
1.777734,	120.295105
1.777866,	95.773354
1.777998,	104.663712
1.77813,	111.324387
1.778262,	111.304405
1.778394,	97.93029
1.778526,	126.841469
1.778658,	104.569801
1.77879,	111.224495
1.778922,	113.428612
1.779054,	93.39502
1.779186,	93.37825
1.779319,	126.704865
1.779451,	111.124657
1.779583,	95.550041
1.779715,	117.749825
1.779848,	122.171265
1.77998,	93.277657
1.780112,	111.024879
1.780245,	93.244141
1.780377,	110.984985
1.780509,	99.868538
1.780642,	115.382912
1.780774,	95.395645
1.780907,	99.814713
1.781039,	99.796768
1.781172,	108.648064
1.781304,	115.279259
1.781437,	93.093437
1.781569,	106.373367
1.781702,	99.707108
1.781835,	110.765755
1.781967,	99.671257
1.7821,	115.154968
1.782233,	101.849533
1.782365,	81.907722
1.782498,	112.879532
1.782631,	104.007523
1.782764,	95.138702
1.782897,	92.909462
1.783029,	137.127396
1.783162,	90.664703
1.783295,	103.914017
1.783428,	114.948013
1.783561,	99.456345
1.783694,	99.438446
1.783827,	117.095322
1.78396,	88.357925
1.784093,	108.218979
1.784226,	112.615807
1.784359,	97.141251
1.784492,	110.36792
1.784626,	134.624619
1.784759,	101.50193
1.784892,	101.483658
1.785025,	103.671158
1.785158,	101.447121
1.785292,	119.068657
1.785425,	110.228905
1.785558,	101.392334
1.785692,	96.966507
1.785825,	121.186302
1.785958,	103.54055
1.786092,	127.750435
1.786225,	114.514244
1.786359,	129.906219
1.786492,	103.465973
1.786626,	90.241287
1.786759,	85.823814
1.786893,	101.209846
1.787026,	103.391426
1.78716,	81.378586
1.787294,	120.946373
1.787427,	103.335541
1.787561,	107.713387
1.787695,	109.891808
1.787828,	103.279678
1.787962,	109.852196
1.788096,	105.439102
1.78823,	83.457573
1.788363,	103.205231
1.788497,	83.427483
1.788631,	94.387764
1.788765,	89.981407
1.788899,	78.993813
1.789033,	114.081604
1.789167,	92.126213
1.789301,	85.530342
1.789435,	85.514915
1.789569,	98.653259
1.789703,	113.97876
1.789837,	113.958199
1.789971,	107.364311
1.790105,	92.009949
1.790239,	113.89653
1.790374,	98.546516
1.790508,	120.424011
1.790642,	94.13269
1.790776,	113.814339
1.79091,	102.852089
1.791045,	94.081734
1.791179,	91.877197
1.791314,	120.293663
1.791448,	107.151367
1.791582,	113.691132
1.791717,	113.670609
1.791851,	113.650085
1.791986,	109.259193
1.79212,	98.315521
1.792255,	93.928978
1.792389,	111.384018
1.792524,	113.547501
1.792658,	102.610939
1.792793,	106.958038
1.792928,	87.296913
1.793062,	91.645203
1.793197,	102.536819
1.793332,	87.249611
1.793467,	124.308235
1.793601,	109.022606
1.793736,	117.723137
1.793871,	108.983208
1.794006,	108.963516
1.794141,	113.301575
1.794275,	115.459579
1.79441,	111.082535
1.794545,	132.839417
1.79468,	95.80127
1.794815,	93.60704
1.79495,	89.237091
1.795085,	104.453804
1.79522,	91.380554
1.795355,	91.364029
1.795491,	100.047272
1.795626,	93.505539
1.795761,	95.662781
1.795896,	102.166763
1.796031,	93.454811
1.796166,	112.994682
1.796302,	104.283913
1.796437,	102.092857
1.796572,	93.387207
1.796708,	119.427147
1.796843,	106.379478
1.796978,	102.018997
1.797114,	84.638741
1.797249,	91.132919
1.797385,	99.794182
1.79752,	95.438026
1.797655,	101.92672
1.797791,	88.898705
1.797927,	91.050476
1.798062,	117.043709
1.798198,	101.852936
1.798333,	106.167877
1.798469,	121.312752
1.798605,	103.963531
1.79874,	119.103302
1.798876,	116.916618
1.799012,	95.248138
1.799147,	93.066551
1.799283,	88.721802
1.799419,	99.523499
1.799555,	101.66864
1.799691,	90.836365
1.799827,	82.170395
1.799963,	101.613396
