1.500092,	215.044403
1.500176,	180.359833
1.500261,	169.92691
1.500346,	239.246033
1.500431,	176.805359
1.500515,	207.972595
1.5006,	190.610641
1.500685,	211.370255
1.50077,	211.335983
1.500855,	207.837769
1.500939,	200.877274
1.501024,	232.010254
1.501109,	204.274414
1.501194,	218.088165
1.501279,	207.669342
1.501364,	179.950912
1.501449,	221.442139
1.501534,	228.32518
1.501619,	217.911423
1.501704,	190.209274
1.501789,	204.009598
1.501874,	165.946991
1.501959,	217.770111
1.502044,	217.734802
1.502129,	186.599564
1.502214,	210.754211
1.502299,	189.993469
1.502384,	234.86293
1.502469,	221.011612
1.502554,	231.334
1.502639,	172.609314
1.502724,	172.581314
1.50281,	196.7108
1.502895,	207.030411
1.50298,	220.796616
1.503065,	255.254669
1.50315,	231.071472
1.503236,	213.792648
1.503321,	203.414841
1.503406,	179.251801
1.503491,	182.669312
1.503577,	234.330154
1.503662,	227.401184
1.503747,	210.139725
1.503832,	210.105637
1.503918,	213.51535
1.504003,	234.140121
1.504088,	237.544815
1.504174,	192.758713
1.504259,	227.143051
1.504344,	230.547195
1.50443,	185.784012
1.504515,	206.393188
1.504601,	216.677673
1.504686,	209.764984
1.504772,	158.157761
1.504857,	233.760483
1.504943,	226.848358
1.505028,	202.755768
1.505114,	230.210709
1.505199,	226.73793
1.505285,	230.136002
1.50537,	236.967255
1.505456,	243.796295
1.505541,	243.756729
1.505627,	216.256073
1.505713,	267.702148
1.505798,	250.501099
1.505884,	195.565002
1.50597,	246.98938
1.506055,	212.650772
1.506141,	209.186951
1.506227,	195.438049
1.506312,	229.688126
1.506398,	236.506088
1.506484,	215.905289
1.50657,	215.870239
1.506655,	174.723724
1.506741,	219.22554
1.506827,	243.163849
1.506913,	208.8815
1.506999,	243.0849
1.507084,	212.236847
1.50717,	219.047623
1.507256,	205.323807
1.507342,	201.868958
1.507428,	218.940933
1.507514,	246.268555
1.5076,	232.54921
1.507686,	239.350006
1.507772,	225.636215
1.507858,	211.926865
1.507944,	232.398178
1.50803,	215.275101
1.508116,	222.073166
1.508202,	232.284958
1.508288,	208.339432
1.508374,	208.305588
1.50846,	211.68605
1.508546,	197.996719
1.508632,	194.551376
1.508718,	228.646042
1.508804,	204.724396
1.50889,	191.045059
1.508976,	197.835953
1.509063,	177.341354
1.509149,	225.050537
1.509235,	265.925598
1.509321,	221.568665
1.509407,	228.34906
1.509494,	276.018921
1.50958,	224.867767
1.509666,	228.237778
1.509753,	269.072449
1.509839,	200.920197
1.509925,	207.697296
1.510011,	262.13266
1.510098,	245.071243
1.510184,	224.612122
1.51027,	221.172974
1.510357,	251.755997
1.510443,	248.313522
1.51053,	214.263153
1.510616,	221.029221
1.510702,	183.594437
1.510789,	203.960663
1.510875,	210.725098
1.510962,	241.275009
1.511048,	193.668167
1.511135,	203.828094
1.511221,	261.536865
1.511308,	196.969772
1.511394,	179.960358
1.511481,	230.855011
1.511567,	230.81749
1.511654,	220.598495
1.511741,	206.989548
1.511827,	230.704926
1.511914,	264.589111
1.512,	257.762848
1.512087,	237.374557
1.512174,	261.06955
1.512261,	230.517456
1.512347,	257.595245
1.512434,	199.942749
1.512521,	237.181641
1.512607,	213.428772
1.512694,	203.232437
1.512781,	247.225922
1.512868,	237.027405
1.512954,	243.759979
1.513041,	243.720337
1.513128,	226.758423
1.513215,	203.034225
1.513302,	216.534622
1.513389,	189.436981
1.513476,	233.375458
1.513562,	257.009399
1.513649,	246.824158
1.513736,	226.500381
1.513823,	263.644135
1.51391,	229.806213
1.513997,	243.284653
1.514084,	263.515503
1.514171,	249.961212
1.514258,	283.693604
1.514345,	287.0242
1.514432,	290.353699
1.514519,	253.174255
1.514606,	219.381989
1.514693,	263.215546
1.51478,	256.424713
1.514868,	199.034164
1.514955,	283.324554
1.515042,	256.299561
1.515129,	192.19339
1.515216,	252.844894
1.515303,	205.613724
1.51539,	202.210098
1.515478,	239.243011
1.515565,	235.835007
1.515652,	245.902191
1.515739,	205.446472
1.515827,	235.719879
1.515914,	252.515915
1.516001,	242.375824
1.516088,	218.775894
1.516176,	255.757874
1.516263,	235.528122
1.516351,	245.582199
1.516438,	279.178162
1.516525,	295.947937
1.516613,	242.099792
1.5167,	245.422333
1.516787,	258.828003
1.516875,	272.229279
1.516962,	218.420029
1.51705,	231.823517
1.517137,	248.581848
1.517225,	255.258713
1.517312,	218.277832
1.5174,	278.678619
1.517487,	248.419998
1.517575,	261.805481
1.517662,	255.05098
1.51775,	238.232513
1.517838,	244.903397
1.517925,	231.44635
1.518013,	264.946136
1.5181,	271.609406
1.518188,	254.801895
1.518276,	251.408279
1.518363,	298.289246
1.518451,	251.326401
1.518539,	268.037842
1.518626,	267.994171
1.518714,	264.601135
1.518802,	244.465027
1.51889,	271.211548
1.518977,	274.515106
1.519065,	247.692795
1.519153,	264.385712
1.519241,	267.688751
1.519329,	250.917328
1.519417,	244.186417
1.519504,	224.079788
1.519592,	280.890106
1.51968,	277.500946
1.519768,	237.34166
1.519856,	260.699066
1.519944,	270.681824
1.520032,	243.908081
1.52012,	267.25296
1.520208,	253.848953
1.520296,	260.486725
1.520384,	253.766235
1.520472,	247.047913
1.52056,	226.980011
1.520648,	253.642197
1.520736,	273.621979
1.520824,	250.223221
1.520912,	243.51091
1.521,	306.840454
1.521088,	280.113007
1.521176,	240.057739
1.521265,	296.689667
1.521353,	263.310822
1.521441,	309.922974
1.521529,	276.552856
1.521617,	243.193573
1.521706,	249.815689
1.521794,	306.390625
1.521882,	253.064041
1.52197,	229.718048
1.522059,	226.351898
1.522147,	252.940292
1.522235,	242.916199
1.522323,	259.511963
1.522412,	259.469666
1.5225,	286.035278
1.522588,	299.290436
1.522677,	265.992584
1.522765,	289.219757
1.522854,	252.61055
1.522942,	315.7117
1.523031,	262.496399
1.523119,	272.420166
1.523207,	312.235626
1.523296,	322.148041
1.523384,	312.133789
1.523473,	282.202606
1.523561,	288.795563
1.52365,	295.386353
1.523739,	268.790924
1.523827,	275.382812
1.523916,	301.876495
1.524004,	278.609772
1.524093,	222.188202
1.524181,	295.097382
1.52427,	285.10376
1.524359,	278.428009
1.524448,	275.068512
1.524536,	318.09964
1.524625,	288.230774
1.524714,	308.058472
1.524802,	271.577148
1.524891,	341.071747
1.52498,	288.042725
1.525069,	294.616302
1.525157,	311.117004
1.525246,	317.684692
1.525335,	311.015503
1.525424,	310.964752
1.525513,	297.683624
1.525601,	367.083221
1.52569,	267.82782
1.525779,	297.537903
1.525868,	271.045837
1.525957,	320.575073
1.526046,	287.479156
1.526135,	274.21698
1.526224,	287.385345
1.526313,	310.457611
1.526402,	297.19812
1.526491,	300.451294
1.52658,	257.48764
1.526669,	287.150879
1.526758,	333.304626
1.526847,	300.255157
1.526936,	346.391693
1.527025,	323.246124
1.527114,	280.32077
1.527203,	306.653839
1.527292,	273.63562
1.527382,	286.776062
1.527471,	299.91217
1.52756,	303.158417
1.527649,	309.698242
1.527738,	306.353546
1.527828,	309.597107
1.527917,	322.71875
1.528006,	349.006134
1.528095,	269.941772
1.528185,	319.269226
1.528274,	325.798889
1.528363,	329.036041
1.528452,	263.185852
1.528542,	279.589294
1.528631,	315.719849
1.52872,	282.786163
1.52881,	272.876953
1.528899,	308.990906
1.528989,	315.513641
1.529078,	305.603912
1.529168,	328.552673
1.529257,	335.06897
1.529346,	374.427673
1.529436,	331.675598
1.529525,	298.787598
1.529615,	361.112823
1.529704,	338.077667
1.529794,	292.077637
1.529884,	321.561035
1.529973,	314.947083
1.530063,	318.175781
1.530152,	278.76828
1.530242,	354.141815
1.530331,	298.348511
1.530421,	258.963531
1.530511,	340.858307
1.530601,	298.202271
1.53069,	294.877136
1.53078,	347.24295
1.53087,	278.404053
1.530959,	330.755432
1.531049,	307.781494
1.531139,	343.742279
1.531229,	301.13446
1.531318,	353.447906
1.531408,	369.750793
1.531498,	382.776733
1.531588,	336.919312
1.531678,	343.405273
1.531767,	346.619141
1.531857,	362.90976
1.531947,	323.623352
1.532037,	326.838837
1.532127,	346.392517
1.532217,	323.46463
1.532307,	313.611389
1.532397,	310.293854
1.532487,	355.963165
1.532577,	339.579041
1.532667,	323.200287
1.532757,	332.939758
1.532847,	336.148895
1.532937,	309.989563
1.533027,	336.038971
1.533117,	368.603821
1.533207,	342.451965
1.533297,	339.13504
1.533388,	306.475769
1.533478,	273.827179
1.533568,	325.931396
1.533658,	361.72467
1.533748,	355.149017
1.533838,	390.925781
1.533929,	348.518463
1.534019,	420.107758
1.534109,	384.221741
1.534199,	325.55838
1.53429,	419.901611
1.53438,	325.451874
1.53447,	367.700439
1.534561,	348.119568
1.534651,	331.797974
1.534741,	377.277161
1.534832,	364.207977
1.534922,	331.635132
1.535012,	383.593567
1.535103,	328.276367
1.535193,	341.221558
1.535284,	285.929352
1.535374,	357.35321
1.535465,	328.061523
1.535555,	353.988647
1.535645,	389.648499
1.535736,	373.35202
1.535827,	360.306885
1.535917,	360.247925
1.536008,	360.188934
1.536098,	337.419098
1.536189,	382.778229
1.536279,	415.149078
1.53637,	366.438812
1.536461,	379.347992
1.536551,	363.077087
1.536642,	330.605347
1.536733,	343.514008
1.536823,	372.619293
1.536914,	388.75647
1.537005,	353.062622
1.537095,	372.436279
1.537186,	356.185059
1.537277,	375.551849
1.537368,	369.016388
1.537459,	401.320496
1.537549,	349.47998
1.53764,	388.247498
1.537731,	388.183899
1.537822,	430.166718
1.537913,	400.992004
1.538004,	365.360291
1.538095,	407.326172
1.538185,	400.795013
1.538276,	420.119476
1.538367,	407.126038
1.538458,	381.214325
1.538549,	400.532471
1.53864,	442.451294
1.538731,	393.943176
1.538822,	377.736053
1.538913,	384.130157
1.539004,	422.796692
1.539095,	361.415802
1.539186,	306.507843
1.539277,	364.523254
1.539369,	370.914215
1.53946,	354.72937
1.539551,	403.035522
1.539642,	428.759521
1.539733,	406.126678
1.539824,	393.169312
1.539915,	434.993134
1.540007,	428.478546
1.540098,	421.966095
1.540189,	457.323395
1.54028,	431.487976
1.540372,	466.832092
1.540463,	366.966461
1.540554,	514.956238
1.540646,	408.679504
1.540737,	418.264801
1.540828,	434.280701
1.54092,	434.209503
1.541011,	392.332428
1.541102,	411.559967
1.541194,	392.203796
1.541285,	453.210388
1.541377,	395.28894
1.541468,	436.995789
1.54156,	430.498779
1.541651,	420.791748
1.541743,	385.394867
1.541834,	449.55365
1.541926,	366.005066
1.542017,	475.086578
1.542109,	401.189758
1.5422,	462.094818
1.542292,	481.269806
1.542383,	500.438538
1.542475,	429.793365
1.542567,	481.033081
1.542658,	452.096924
1.54275,	435.993591
1.542842,	451.948639
1.542933,	442.260162
1.543025,	458.208893
1.543117,	448.522522
1.543208,	432.432922
1.5433,	422.753937
1.543392,	435.493225
1.543484,	451.429932
1.543576,	438.551453
1.543667,	480.087036
1.543759,	406.407013
1.543851,	495.927155
1.543943,	444.661713
1.544035,	457.38269
1.544127,	470.099457
1.544219,	482.812042
1.544311,	457.157562
1.544402,	543.384827
1.544494,	457.007538
1.544586,	469.713867
1.544678,	527.143311
1.54477,	527.056824
1.544862,	485.451447
1.544954,	501.337921
1.545046,	459.750397
1.545138,	494.789001
1.545231,	462.791168
1.545323,	507.391144
1.545415,	529.642151
1.545507,	513.604736
1.545599,	452.91864
1.545691,	430.520996
1.545783,	497.409241
1.545875,	475.011597
1.545967,	458.996246
1.54606,	513.09906
1.546152,	522.574097
1.546244,	503.372864
1.546336,	544.700134
1.546429,	538.241028
1.546521,	496.756256
1.546613,	557.167114
1.546706,	522.059448
1.546798,	556.984131
1.54689,	575.986145
1.546983,	553.619507
1.547075,	528.078979
1.547167,	543.89563
1.54726,	546.98645
1.547352,	511.920654
1.547445,	518.194824
1.547537,	499.038147
1.547629,	495.778107
1.547722,	537.004761
1.547814,	463.845032
1.547907,	508.239838
1.548,	533.564148
1.548092,	533.476501
1.548185,	546.088562
1.548277,	568.219727
1.54837,	533.213562
1.548462,	548.992798
1.548555,	545.729797
1.548648,	539.295471
1.54874,	580.440308
1.548833,	526.433105
1.548926,	570.737244
1.549018,	583.324463
1.549111,	576.889099
1.549204,	548.271545
1.549296,	570.362183
1.549389,	554.427612
1.549482,	586.012878
1.549575,	547.911194
1.549667,	554.154297
1.54976,	544.565002
1.549853,	534.978821
1.549946,	610.851685
1.550039,	547.460999
1.550132,	544.207031
1.550225,	540.954041
1.550318,	591.472412
1.55041,	572.400574
1.550503,	591.277893
1.550596,	594.342102
1.550689,	711.196716
1.550782,	628.910583
1.550875,	590.88916
1.550968,	635.0224
1.551061,	669.664734
1.551154,	612.705627
1.551247,	641.024658
1.55134,	596.717957
1.551434,	625.030273
1.551527,	615.458862
1.55162,	571.178101
1.551713,	605.790955
1.551806,	649.856323
1.551899,	627.670532
1.551992,	586.570435
1.552086,	573.861633
1.552179,	624.208313
1.552272,	586.281006
1.552365,	570.426941
1.552458,	627.05127
1.552552,	614.34613
1.552645,	623.695007
1.552738,	639.339661
1.552832,	673.872803
1.552925,	648.574585
1.553018,	686.242676
1.553112,	635.771606
1.553205,	698.604309
1.553298,	685.903931
1.553392,	666.916077
1.553485,	666.806335
1.553579,	632.103882
1.553672,	660.29834
1.553766,	666.477173
1.553859,	656.937744
1.553953,	641.116028
1.554046,	644.15271
1.55414,	622.05481
1.554233,	596.823059
1.554327,	615.568726
1.55442,	606.046997
1.554514,	605.947205
1.554608,	615.264771
1.554701,	677.935303
1.554795,	671.547546
1.554888,	658.886719
1.554982,	630.544922
1.555076,	740.21936
1.55517,	711.873413
1.555263,	674.130371
1.555357,	727.313904
1.555451,	727.194092
1.555544,	733.342224
1.555638,	723.821228
1.555732,	726.8349
1.555826,	711.053223
1.55592,	732.859314
1.556013,	663.848633
1.556107,	657.4776
1.556201,	644.847961
1.556295,	585.275269
1.556389,	650.894165
1.556483,	628.885437
1.556577,	616.268799
1.556671,	619.295044
1.556765,	641.083679
1.556859,	712.892639
1.556953,	647.124878
1.557047,	737.66333
1.557141,	731.291443
1.557235,	696.799683
1.557329,	752.919495
1.557423,	765.289978
1.557517,	740.178894
1.557611,	711.953491
1.557705,	752.42334
1.557799,	708.59729
1.557894,	702.238403
1.557988,	692.761047
1.558082,	748.807434
1.558176,	733.086426
1.55827,	739.203613
1.558364,	689.185974
1.558459,	710.898193
1.558553,	692.076233
1.558647,	704.429932
1.558742,	707.430237
1.558836,	735.356934
1.55893,	685.389221
1.559025,	741.344238
1.559119,	675.820068
1.559213,	775.352356
1.559308,	712.957458
1.559402,	778.209534
1.559496,	781.193542
1.559591,	790.400146
1.559685,	765.379456
1.55978,	818.136597
1.559874,	892.648193
1.559969,	796.09845
1.560063,	789.748657
1.560158,	795.835876
1.560252,	752.189575
1.560347,	823.542786
1.560441,	727.083862
1.560536,	773.564209
1.560631,	761.011902
1.560725,	748.463745
1.56082,	742.130005
1.560915,	779.263184
1.561009,	729.468689
1.561104,	822.456665
1.561199,	785.083801
1.561293,	760.133545
1.561388,	846.866211
1.561483,	849.828064
1.561578,	849.687866
1.561672,	877.452515
1.561767,	843.207397
1.561862,	830.670227
1.561957,	948.295288
1.562051,	842.790039
1.562146,	867.434814
1.562241,	808.439758
1.562336,	842.372864
1.562431,	820.558716
1.562526,	860.670471
1.562621,	854.337524
1.562716,	817.057556
1.562811,	767.412231
1.562906,	804.412231
1.563001,	779.53241
1.563096,	807.239563
1.563191,	807.106323
1.563286,	874.993774
1.563381,	822.296509
1.563476,	840.70575
1.563571,	852.928223
1.563666,	824.979126
1.563761,	895.89679
1.563856,	935.903137
1.563951,	929.572021
1.564047,	920.155212
1.564142,	932.352295
1.564237,	929.111572
1.564332,	922.785645
1.564427,	934.976196
1.564523,	903.969543
1.564618,	872.973145
1.564713,	894.418396
1.564808,	903.521729
1.564904,	980.452026
1.564999,	909.388611
1.565094,	841.430786
1.56519,	896.761536
1.565285,	921.262573
1.565381,	868.739563
1.565476,	942.519104
1.565571,	899.248718
1.565667,	905.258362
1.565762,	926.658997
1.565858,	1028.083008
1.565953,	1003.292419
1.566049,	953.893433
1.566144,	1015.267151
1.56624,	1092.000854
1.566335,	965.722839
1.566431,	1048.589355
1.566526,	1017.670715
1.566622,	995.984375
1.566718,	998.89325
1.566813,	980.2901
1.566909,	884.880493
1.567005,	955.390137
1.5671,	1010.518921
1.567196,	921.293518
1.567292,	991.762024
1.567387,	991.598083
1.567483,	1028.267578
1.567579,	1000.477112
1.567675,	960.421997
1.56777,	1018.553894
1.567866,	1070.531738
1.567962,	1064.220947
1.568058,	1085.509766
1.568154,	1103.725708
1.568249,	1125.000977
1.568345,	1103.360718
1.568441,	1093.985107
1.568537,	1118.315186
1.568633,	1231.474976
1.568729,	1160.825439
1.568825,	1145.321655
1.568921,	1117.575562
1.569017,	1074.531982
1.569113,	1172.301025
1.569209,	1095.598755
1.569305,	1070.938965
1.569401,	1101.35498
1.569497,	1061.408203
1.569593,	1140.748657
1.569689,	1097.750732
1.569785,	1149.543091
1.569881,	1082.103516
1.569978,	1158.331543
1.570074,	1216.199707
1.57017,	1115.174438
1.570266,	1234.125854
1.570362,	1240.030151
1.570459,	1282.577515
1.570555,	1206.034058
1.570651,	1230.256348
1.570747,	1184.269165
1.570844,	1214.590576
1.57094,	1284.567749
1.571036,	1201.985596
1.571133,	1201.786621
1.571229,	1168.040894
1.571325,	1109.912476
1.571422,	1219.482178
1.571518,	1194.894653
1.571615,	1158.124512
1.571711,	1115.272095
1.571807,	1200.394775
1.571904,	1175.826538
1.572,	1132.99231
1.572097,	1278.973145
1.572193,	1348.788696
1.57229,	1287.682129
1.572386,	1284.425171
1.572483,	1399.852539
1.57258,	1338.767578
1.572676,	1353.756714
1.572773,	1390.032227
1.572869,	1353.308228
1.572966,	1359.165405
1.573063,	1231.254639
1.573159,	1386.071899
1.573256,	1312.903198
1.573353,	1261.029175
1.573449,	1309.430176
1.573546,	1266.686646
1.573643,	1324.182007
1.57374,	1296.633057
1.573836,	1250.876709
1.573933,	1353.880005
1.57403,	1341.515259
1.574127,	1374.673584
1.574224,	1380.514038
1.574321,	1425.789185
1.574417,	1383.089722
1.574515,	1437.447021
1.574611,	1485.72229
1.574708,	1518.823486
1.574805,	1548.882568
1.574902,	1484.983643
1.574999,	1542.309082
1.575096,	1499.639404
1.575193,	1544.826904
1.57529,	1483.99939
1.575387,	1492.837646
1.575484,	1477.452393
1.575581,	1459.045044
1.575678,	1452.750122
1.575776,	1413.17041
1.575873,	1488.575195
1.57597,	1464.12793
1.576067,	1503.204346
1.576164,	1527.147583
1.576261,	1505.729492
1.576358,	1538.733398
1.576456,	1665.425415
1.576553,	1668.171265
1.57665,	1713.217773
1.576747,	1737.102051
1.576845,	1751.916748
1.576942,	1733.505981
1.577039,	1793.609253
1.577137,	1820.483276
1.577234,	1753.773315
1.577331,	1771.590698
1.577429,	1759.226685
1.577526,	1728.764404
1.577623,	1776.74231
1.577721,	1824.704224
1.577819,	1715.842041
1.577916,	1778.873291
1.578013,	1706.229126
1.578111,	1814.451538
1.578208,	1774.974487
1.578306,	1735.510376
1.578403,	1903.924683
1.578501,	1951.80127
1.578599,	1818.969727
1.578696,	1999.3302
1.578794,	2071.251465
1.578891,	2155.188721
1.578989,	2070.563965
1.579087,	2088.274658
1.579184,	2042.799805
1.579282,	2057.500977
1.57938,	2168.438477
1.579477,	2074.860352
1.579575,	2077.522461
1.579673,	2074.171387
1.579771,	2019.727295
1.579868,	2025.4021
1.579966,	1958.96582
1.580064,	2078.80249
1.580162,	1940.294067
1.58026,	1963.996338
1.580358,	2062.754395
1.580456,	2140.465332
1.580553,	2047.061768
1.580651,	2157.760986
1.580749,	2181.407227
1.580847,	2283.046875
1.580945,	2243.673584
1.581043,	2264.294434
1.581141,	2233.932617
1.581239,	2374.470703
1.581337,	2344.100586
1.581435,	2352.702637
1.581533,	2448.202148
1.581631,	2369.897461
1.581729,	2378.490479
1.581828,	2270.272461
1.581926,	2365.721924
1.582024,	2257.541748
1.582122,	2248.186035
1.58222,	2172.985107
1.582318,	2133.720459
1.582417,	2285.962891
1.582515,	2201.818115
1.582613,	2351.007568
1.582711,	2338.654297
1.58281,	2305.374512
1.582908,	2340.866699
1.583006,	2471.998779
1.583104,	2486.531006
1.583203,	2447.272217
1.583301,	2551.432373
1.5834,	2559.969727
1.583498,	2601.356934
1.583596,	2717.383789
1.583695,	2543.765137
1.583793,	2432.891846
1.583892,	2483.226562
1.58399,	2438.05127
1.584089,	2428.695068
1.584187,	2496.903809
1.584285,	2377.182129
1.584384,	2358.894043
1.584483,	2358.501709
1.584581,	2343.203613
1.58468,	2444.157227
1.584778,	2464.612061
1.584877,	2502.937988
1.584976,	2436.979492
1.585074,	2645.083008
1.585173,	2579.122803
1.585272,	2593.582275
1.58537,	2712.239258
1.585469,	2717.741699
1.585568,	2693.479736
1.585667,	2600.78418
1.585765,	2772.915039
1.585864,	2721.883301
1.585963,	2560.821289
1.586062,	2491.999268
1.586161,	2545.103027
1.586259,	2491.169922
1.586358,	2532.367188
1.586457,	2451.708008
1.586556,	2483.984131
1.586655,	2459.804688
1.586754,	2545.533447
1.586853,	2586.687012
1.586952,	2509.054688
1.587051,	2668.952393
1.58715,	2623.983643
1.587249,	2567.158447
1.587348,	2726.966553
1.587447,	2762.114502
1.587546,	2702.328125
1.587645,	2811.614258
1.587744,	2799.284912
1.587843,	2792.88916
1.587942,	2795.388428
1.588041,	2750.465088
1.588141,	2850.761719
1.58824,	2666.588867
1.588339,	2734.279785
1.588438,	2603.501221
1.588537,	2585.299316
1.588637,	2641.125977
1.588736,	2516.348877
1.588835,	2601.767578
1.588935,	2622.050293
1.589034,	2660.07959
1.589133,	2739.514404
1.589232,	2733.142334
1.589332,	2824.368164
1.589431,	2815.026855
1.589531,	2799.775635
1.58963,	2967.799805
1.589729,	3044.147949
1.589829,	2954.991211
1.589928,	3034.270264
1.590028,	2968.776611
1.590127,	2974.189209
1.590227,	3156.781006
1.590326,	3020.438477
1.590426,	2978.606689
1.590525,	2975.158936
1.590625,	2886.131592
1.590724,	2867.947266
1.590824,	2899.919922
1.590924,	2869.940918
1.591023,	2898.953613
1.591123,	2948.596436
1.591223,	2912.727783
1.591322,	2997.723145
1.591422,	3029.641846
1.591522,	3052.709961
1.591622,	3152.369629
1.591721,	3113.550781
1.591821,	3295.631592
1.591921,	3300.971436
1.592021,	3421.132324
1.592121,	3388.181396
1.59222,	3281.661621
1.59232,	3448.848389
1.59242,	3395.313477
1.59252,	3344.738037
1.59262,	3400.063721
1.59272,	3311.274658
1.59282,	3328.36377
1.59292,	3198.459229
1.59302,	3165.593994
1.59312,	3203.27002
1.59322,	3141.031738
1.59332,	3216.890625
1.59342,	3278.037598
1.59352,	3488.941895
1.59362,	3582.322266
1.59372,	3429.061035
1.59382,	3607.54541
1.59392,	3683.25
1.59402,	3814.682129
1.59412,	3781.772949
1.594221,	3743.007812
1.594321,	3859.699463
1.594421,	3806.271973
1.594521,	3861.343506
1.594621,	3705.333008
1.594722,	3713.507568
1.594822,	3666.000488
1.594922,	3709.338135
1.595023,	3509.514648
1.595123,	3602.656494
1.595223,	3610.84082
1.595324,	3648.302246
1.595424,	3785.286865
1.595524,	3661.719482
1.595625,	3684.520752
1.595725,	3894.581787
1.595826,	3961.219482
1.595926,	4089.261719
1.596027,	4015.464355
1.596127,	4122.98584
1.596228,	4210.005859
1.596328,	4188.84082
1.596429,	4328.428223
1.596529,	4318.938965
1.59663,	4245.17627
1.59673,	4294.126953
1.596831,	3992.579102
1.596932,	4307.293945
1.597032,	4113.873535
1.597133,	3984.740723
1.597234,	4083.312256
1.597334,	3910.453369
1.597435,	4049.852783
1.597536,	3955.823486
1.597636,	4025.165527
1.597737,	4152.810059
1.597838,	4233.759277
1.597939,	4343.834473
1.59804,	4302.300781
1.59814,	4409.413086
1.598241,	4443.642578
1.598342,	4611.875977
1.598443,	4640.234375
1.598544,	4773.429199
1.598645,	4699.833984
1.598746,	4704.871094
1.598847,	4686.619141
1.598948,	4627.626953
1.599049,	4562.833984
1.59915,	4573.709473
1.599251,	4613.670898
1.599352,	4479.10791
1.599453,	4501.623535
1.599554,	4422.367676
1.599655,	4532.096191
1.599756,	4531.338379
1.599857,	4588.702637
1.599958,	4927.890137
1.600059,	4749.854492
1.60016,	4882.672852
1.600262,	5119.996094
1.600363,	5034.934082
1.600464,	5246.023438
1.600565,	5198.703125
1.600667,	5325.530273
1.600768,	5327.541504
1.600869,	5378.872559
1.600971,	5282.248535
1.601072,	5292.96582
1.601173,	5373.273926
1.601274,	5236.108887
1.601376,	5116.382324
1.601477,	5124.221191
1.601579,	5091.487793
1.60168,	5018.202637
1.601781,	5118.753418
1.601883,	5155.549805
1.601984,	5322.648926
1.602086,	5327.548828
1.602187,	5439.55957
1.602289,	5702.043457
1.60239,	5703.98291
1.602492,	5601.757324
1.602594,	6037.660645
1.602695,	6033.757324
1.602797,	6038.531738
1.602898,	6060.65332
1.603,	6097.222656
1.603102,	5957.455078
1.603203,	6040.27002
1.603305,	5894.779297
1.603407,	6041.137207
1.603508,	5840.810547
1.60361,	5888.931152
1.603712,	5925.484863
1.603814,	5907.169922
1.603915,	5836.899902
1.604017,	6066.819824
1.604119,	6071.575195
1.604221,	6044.591309
1.604323,	6259.936523
1.604425,	6515.589355
1.604527,	6537.568359
1.604629,	6680.63916
1.60473,	6838.076172
1.604832,	6897.459961
1.604934,	7092.271973
1.605036,	7010.405273
1.605138,	7187.84668
1.60524,	6820.82959
1.605342,	6773.60791
1.605444,	7005.708984
1.605547,	6854.829102
1.605649,	6827.773926
1.605751,	6858.288086
1.605853,	6799.588867
1.605955,	6683.367676
1.606057,	6834.705566
1.606159,	6781.791016
1.606261,	7007.82666
1.606364,	7302.789062
1.606466,	7313.063477
1.606568,	7288.844727
1.60667,	7635.336914
1.606773,	7737.492188
1.606875,	7604.050781
1.606977,	7884.254395
1.60708,	8009.289062
1.607182,	8059.629395
1.607284,	8081.244629
1.607387,	8134.425781
1.607489,	7886.257324
1.607591,	7965.276855
1.607694,	7978.285645
1.607796,	7793.37207
1.607899,	7918.252441
1.608001,	7813.698242
1.608104,	7766.51709
1.608206,	7799.611816
1.608309,	8087.76709
1.608411,	7699.569824
1.608514,	8168.139648
1.608616,	8395.931641
1.608719,	8300.010742
1.608822,	8570.657227
1.608924,	8769.635742
1.609027,	8773.889648
1.60913,	8949.870117
1.609232,	9065.696289
1.609335,	9127.121094
1.609438,	9245.738281
1.60954,	9104.037109
1.609643,	9162.563477
1.609746,	9132.43457
1.609849,	8959.375977
1.609951,	9229.410156
1.610054,	8862.061523
1.610157,	9066.301758
1.61026,	8724.81543
1.610363,	8817.611328
1.610466,	8838.978516
1.610569,	8908.880859
1.610672,	8947.354492
1.610775,	9334.058594
1.610878,	9346.760742
1.610981,	9650.516602
1.611084,	9808.665039
1.611187,	10229.193359
1.61129,	10161.878906
1.611393,	10402.557617
1.611496,	10380.852539
1.611599,	10213.774414
1.611702,	10368.817383
1.611805,	10463.964844
1.611908,	10171.59082
1.612011,	10369.291992
1.612114,	10085.576172
1.612218,	9995.601562
1.612321,	10053.71582
1.612424,	10020.712891
1.612527,	9922.254883
1.61263,	10111.259766
1.612734,	10149.396484
1.612837,	10341.143555
1.61294,	10419.049805
1.613044,	10741.506836
1.613147,	10867.657227
1.61325,	10945.43457
1.613354,	11406.921875
1.613457,	11456.162109
1.613561,	11570.740234
1.613664,	11492.086914
1.613768,	11632.185547
1.613871,	11641.59082
1.613974,	11614.078125
1.614078,	11464.490234
1.614181,	11031.085938
1.614285,	11043.422852
1.614388,	11067.106445
1.614492,	11017.012695
1.614596,	10748.504883
1.614699,	11007.636719
1.614803,	11252.501953
1.614907,	11174.056641
1.61501,	11432.985352
1.615114,	11465.075195
1.615217,	11834.389648
1.615321,	12129.910156
1.615425,	12156.200195
1.615529,	12632.844727
1.615632,	12930.912109
1.615736,	12957.053711
1.61584,	12864.28125
1.615944,	12646.994141
1.616048,	12871.274414
1.616151,	12637.081055
1.616255,	12479.353516
1.616359,	12494.226562
1.616463,	12082.037109
1.616567,	12210.079102
1.616671,	12086.454102
1.616775,	12078.767578
1.616879,	12311.317383
1.616983,	12317.723633
1.617087,	12770.53125
1.617191,	12562.167969
1.617295,	13059.970703
1.617399,	13258.270508
1.617503,	13716.260742
1.617607,	13767.588867
1.617711,	13897.928711
1.617815,	14047.978516
1.61792,	14229.014648
1.618024,	14181.482422
1.618128,	14238.328125
1.618232,	14269.773438
1.618336,	14177.142578
1.618441,	13813.90332
1.618545,	14048.348633
1.618649,	13792.34375
1.618753,	13787.204102
1.618858,	13627.116211
1.618962,	13562.852539
1.619066,	13478.896484
1.619171,	13648.393555
1.619275,	14065.584961
1.61938,	14232.110352
1.619484,	14443.610352
1.619588,	14489.014648
1.619693,	14978.932617
1.619797,	15246.458008
1.619902,	15530.768555
1.620006,	15505.65625
1.620111,	15553.65332
1.620215,	15497.62207
1.62032,	15410.692383
1.620424,	15273.208984
1.620529,	15338.069336
1.620633,	14467.438477
1.620738,	14639.143555
1.620843,	14330.576172
1.620947,	14533.129883
1.621052,	14297.673828
1.621157,	14679.802734
1.621261,	14508.947266
1.621366,	14526.143555
1.621471,	14762.157227
1.621576,	15146.75293
1.62168,	15079.697266
1.621785,	15430.460938
1.62189,	15868.015625
1.621995,	15472.912109
1.6221,	16011.204102
1.622205,	16002.901367
1.622309,	15885.335938
1.622414,	15669.769531
1.622519,	15543.896484
1.622624,	15700.889648
1.622729,	15479.861328
1.622834,	15104.946289
1.622939,	15074.411133
1.623044,	14881.582031
1.623149,	14915.445312
1.623254,	15058.394531
1.623359,	14711.833984
1.623464,	14919.086914
1.623569,	15305.211914
1.623675,	15341.768555
1.62378,	15624.274414
1.623885,	16010.084961
1.62399,	16054.883789
1.624095,	16135.984375
1.6242,	16535.476562
1.624306,	16677.90625
1.624411,	16555.029297
1.624516,	16367.980469
1.624621,	16507.574219
1.624727,	16183.84668
1.624832,	16200.648438
1.624937,	15985.885742
1.625043,	15846.507812
1.625148,	15698.810547
1.625253,	15629.238281
1.625359,	15581.993164
1.625464,	15484.588867
1.62557,	15487.549805
1.625675,	15875.054688
1.625781,	15972.673828
1.625886,	16103.688477
1.625992,	16585.585938
1.626097,	16811.130859
1.626203,	17131.261719
1.626308,	17367.771484
1.626414,	17214.542969
1.626519,	17898.988281
1.626625,	17659.46875
1.626731,	17038.912109
1.626836,	17328.082031
1.626942,	17200.013672
1.627048,	16882.917969
1.627153,	16882.847656
1.627259,	16618.722656
1.627365,	16735.414062
1.62747,	16313.022461
1.627576,	16679.755859
1.627682,	16763.044922
1.627788,	16779.654297
1.627894,	17368.255859
1.627999,	17673.484375
1.628105,	17917.541016
1.628211,	18056.054688
1.628317,	18613.517578
1.628423,	19242.925781
1.628529,	19284.056641
1.628635,	19938.097656
1.628741,	20267.482422
1.628847,	20020.080078
1.628953,	20285.582031
1.629059,	19957.882812
1.629165,	20018.246094
1.629271,	19524.464844
1.629377,	19637.509766
1.629483,	19772.675781
1.629589,	19539.488281
1.629695,	19580.486328
1.629802,	19801.40625
1.629908,	20033.320312
1.630014,	20317.736328
1.63012,	20709.962891
1.630226,	21259.740234
1.630332,	21513.376953
1.630439,	22342.142578
1.630545,	22913.482422
1.630651,	23277.291016
1.630758,	23251.242188
1.630864,	23404.833984
1.63097,	23072.064453
1.631077,	23283.650391
1.631183,	23047.6875
1.631289,	22571.535156
1.631396,	22142.484375
1.631502,	21517.5625
1.631609,	21337.261719
1.631715,	20823.080078
1.631822,	20386.333984
1.631928,	20209.074219
1.632035,	20122.900391
1.632141,	19940.226562
1.632248,	20160.212891
1.632354,	20336.009766
1.632461,	21093.386719
1.632568,	21291.013672
1.632674,	21449.994141
1.632781,	21895.458984
1.632888,	22090.09375
1.632994,	22135.931641
1.633101,	21787.960938
1.633208,	21729.207031
1.633315,	21565.863281
1.633421,	21705.335938
1.633528,	21121.005859
1.633635,	21026.632812
1.633742,	21212.892578
1.633849,	20804.972656
1.633955,	20765.699219
1.634062,	21081.136719
1.634169,	21129.800781
1.634276,	21335.121094
1.634383,	21922.371094
1.63449,	22536.898438
1.634597,	23120.996094
1.634704,	23427.470703
1.634811,	24096.353516
1.634918,	24611.242188
1.635025,	25073.792969
1.635132,	24918.574219
1.635239,	25562.050781
1.635346,	25714.128906
1.635453,	25800.308594
1.63556,	25820.626953
1.635667,	25040.091797
1.635774,	25504.755859
1.635882,	25519.626953
1.635989,	25564.644531
1.636096,	25705.574219
1.636203,	25794.388672
1.636311,	26488.673828
1.636418,	26552.667969
1.636525,	27405.445312
1.636633,	27649.998047
1.63674,	27957.439453
1.636847,	29387.15625
1.636955,	29442.390625
1.637062,	29899.880859
1.637169,	29853.771484
1.637277,	29424.683594
1.637384,	28897.273438
1.637492,	28930.662109
1.637599,	28225.785156
1.637707,	27578.556641
1.637814,	27333.347656
1.637922,	26323.015625
1.638029,	26250.242188
1.638137,	25917.957031
1.638244,	25542.080078
1.638352,	25996.560547
1.638459,	25590.759766
1.638567,	25744.763672
1.638675,	26141.652344
1.638782,	26437.427734
1.63889,	26956.853516
1.638998,	27547.037109
1.639106,	28128.835938
1.639213,	28620.435547
1.639321,	29201.853516
1.639429,	29420.462891
1.639537,	29917.041016
1.639644,	29642.144531
1.639752,	29372.789062
1.63986,	29269.720703
1.639968,	29158.515625
1.640076,	28824.009766
1.640184,	28644.835938
1.640292,	28370.427734
1.6404,	28580.669922
1.640508,	28564.931641
1.640616,	28981.884766
1.640724,	29755.125
1.640832,	30019.392578
1.64094,	30830.271484
1.641048,	31491.304688
1.641156,	32328.845703
1.641264,	33089.984375
1.641372,	33731.265625
1.64148,	34222.863281
1.641588,	34635.492188
1.641696,	34561.691406
1.641805,	35050.175781
1.641913,	34376.144531
1.642021,	34101.492188
1.642129,	33954.53125
1.642238,	33772.328125
1.642346,	33305.226562
1.642454,	32884.410156
1.642562,	33318.328125
1.642671,	33372.34375
1.642779,	33599.914062
1.642887,	33824.691406
1.642996,	34499.445312
1.643104,	34821.578125
1.643213,	35498.640625
1.643321,	35771.714844
1.64343,	36131.394531
1.643538,	36997.503906
1.643646,	36961.425781
1.643755,	37288.21875
1.643863,	37222.316406
1.643972,	36625.863281
1.644081,	36205.535156
1.644189,	36018.074219
1.644298,	35300.371094
1.644406,	35067.136719
1.644515,	33814.300781
1.644624,	33603.03125
1.644732,	33524.316406
1.644841,	33375.339844
1.64495,	33475.078125
1.645059,	33531.539062
1.645167,	34068.929688
1.645276,	34592.632812
1.645385,	34727.203125
1.645494,	35350.53125
1.645603,	35684.734375
1.645711,	35765.054688
1.64582,	36309.605469
1.645929,	36271.046875
1.646038,	36078.695312
1.646147,	35883.710938
1.646256,	35370.503906
1.646365,	34746.894531
1.646474,	33972.496094
1.646583,	33497.617188
1.646692,	33381.402344
1.646801,	32594.150391
1.64691,	32405.371094
1.647019,	32504.929688
1.647128,	32127.667969
1.647237,	32221.851562
1.647346,	33072.671875
1.647455,	33422.425781
1.647565,	34068.167969
1.647674,	34296.523438
1.647783,	34635.125
1.647892,	34535.0625
1.648001,	35034.910156
1.648111,	34891.777344
1.64822,	34598.101562
1.648329,	34301.839844
1.648438,	33672.335938
1.648548,	33551.03125
1.648657,	32416.660156
1.648767,	31978.5625
1.648876,	31312.271484
1.648985,	30772.443359
1.649095,	30729.607422
1.649204,	30262.554688
1.649314,	30426.527344
1.649423,	30939.371094
1.649533,	31325.910156
1.649642,	31291.060547
1.649752,	31728.376953
1.649861,	32229.917969
1.649971,	31983.064453
1.65008,	32151.904297
1.65019,	32395.748047
1.6503,	31607.544922
1.650409,	31666.478516
1.650519,	30661.625
1.650629,	30318.839844
1.650738,	29719.025391
1.650848,	29004.253906
1.650958,	28937.724609
1.651068,	28450.892578
1.651177,	28678.921875
1.651287,	28200.326172
1.651397,	28414.939453
1.651507,	28723.119141
1.651617,	28557.726562
1.651726,	29304.388672
1.651836,	29783.394531
1.651946,	29780.990234
1.652056,	30110.052734
1.652166,	30420.292969
1.652276,	30024.962891
1.652386,	30495.416016
1.652496,	30260.484375
1.652606,	29953.519531
1.652716,	29387.628906
1.652826,	29083.583984
1.652936,	28536.720703
1.653046,	27933.992188
1.653156,	27907.878906
1.653267,	27454.876953
1.653377,	27068.71875
1.653487,	27237.46875
1.653597,	27736.837891
1.653707,	27644.117188
1.653818,	28025.947266
1.653928,	28626.207031
1.654038,	28735.916016
1.654148,	29085.386719
1.654259,	29458.714844
1.654369,	30044.998047
1.654479,	29816.169922
1.65459,	30167.876953
1.6547,	29771.384766
1.65481,	29524.085938
1.654921,	29077.271484
1.655031,	29037.716797
1.655142,	28921.025391
1.655252,	28213.867188
1.655363,	28509.570312
1.655473,	28214.871094
1.655584,	28510.470703
1.655694,	28306.246094
1.655805,	28928.619141
1.655915,	29205.34375
1.656026,	29314.597656
1.656137,	30069.292969
1.656247,	30675.001953
1.656358,	30871.574219
1.656469,	31160.998047
1.656579,	31328.21875
1.65669,	30930.070312
1.656801,	31065.427734
1.656911,	31192.777344
1.657022,	30686.09375
1.657133,	30267.105469
1.657244,	29466.40625
1.657355,	29570.076172
1.657465,	29151.490234
1.657576,	28703.890625
1.657687,	28873.882812
1.657798,	28344.347656
1.657909,	28784.544922
1.65802,	29094.808594
1.658131,	29354.650391
1.658242,	29638.232422
1.658353,	30088.490234
1.658464,	30046.292969
1.658575,	30451.339844
1.658686,	31327.210938
1.658797,	30705.472656
1.658908,	30734.607422
1.659019,	30303.585938
1.659131,	29933.523438
1.659242,	29016.357422
1.659353,	28601.705078
1.659464,	28319.330078
1.659575,	27474.248047
1.659686,	27284.623047
1.659798,	26815.078125
1.659909,	26842.181641
1.66002,	27133.322266
1.660132,	27073.242188
1.660243,	27625.556641
1.660354,	28040.449219
1.660466,	28022.458984
1.660577,	29136.261719
1.660688,	29228.875
1.6608,	30059.896484
1.660911,	30263.064453
1.661023,	29941.519531
1.661134,	30450.40625
1.661246,	30540.072266
1.661357,	30577.007812
1.661469,	30110.722656
1.66158,	30142.447266
1.661692,	30005.605469
1.661803,	30395.455078
1.661915,	30553.486328
1.662027,	30919.416016
1.662138,	31856.337891
1.66225,	32553.478516
1.662362,	33045.160156
1.662473,	34630.976562
1.662585,	35774.394531
1.662697,	36352.050781
1.662809,	37368.578125
1.66292,	38574.023438
1.663032,	39011.601562
1.663144,	39564.648438
1.663256,	39681.359375
1.663368,	39619.398438
1.66348,	39743.9375
1.663592,	38715.605469
1.663703,	38488.425781
1.663815,	38124.816406
1.663927,	37614.34375
1.664039,	37392.714844
1.664151,	37354.824219
1.664263,	37463.851562
1.664375,	37478.417969
1.664487,	37721.125
1.6646,	37853.628906
1.664712,	37878.601562
1.664824,	37887.839844
1.664936,	38240.375
1.665048,	37916.777344
1.66516,	37404.667969
1.665272,	36759.152344
1.665384,	36092.902344
1.665497,	35377.132812
1.665609,	34525.472656
1.665721,	33603.429688
1.665833,	32694.789062
1.665946,	32084.748047
1.666058,	31009.242188
1.66617,	29871.328125
1.666283,	29403.306641
1.666395,	29696.351562
1.666508,	29424.595703
1.66662,	29767.201172
1.666732,	30206.384766
1.666845,	30668.933594
1.666957,	31037.271484
1.66707,	31596.166016
1.667182,	31982.498047
1.667295,	32439.197266
1.667407,	32658.160156
1.66752,	32616.013672
1.667633,	32967.972656
1.667745,	32837.0625
1.667858,	32760.988281
1.66797,	32609.291016
1.668083,	32165.537109
1.668196,	31943.583984
1.668308,	31591.345703
1.668421,	32086.419922
1.668534,	31947.994141
1.668647,	32557.492188
1.668759,	32997.429688
1.668872,	33718.546875
1.668985,	34369.097656
1.669098,	34982.964844
1.669211,	35307.617188
1.669324,	36155.398438
1.669437,	35993.027344
1.66955,	36215.847656
1.669662,	35860.988281
1.669775,	35493.238281
1.669888,	34977.359375
1.670001,	34693.105469
1.670115,	33953.933594
1.670228,	33230.617188
1.670341,	32632.304688
1.670454,	31873.076172
1.670567,	31696.119141
1.67068,	31667.294922
1.670793,	31937.175781
1.670906,	31700.564453
1.671019,	31788.591797
1.671132,	32533.382812
1.671246,	32434.353516
1.671359,	32737.603516
1.671472,	32848.738281
1.671585,	32770.457031
1.671699,	32982.707031
1.671812,	32590.628906
1.671925,	32040.519531
1.672039,	31736.880859
1.672152,	31135.263672
1.672266,	30601.232422
1.672379,	30033.701172
1.672492,	29427.501953
1.672606,	28798.197266
1.672719,	28182.058594
1.672833,	28143.552734
1.672946,	28596.949219
1.67306,	28592.033203
1.673173,	28822.626953
1.673287,	29379.171875
1.6734,	29544.871094
1.673514,	29956.244141
1.673628,	30276.958984
1.673741,	30775.980469
1.673855,	30902.539062
1.673969,	31264.28125
1.674082,	31292.501953
1.674196,	30721.222656
1.67431,	30635.849609
1.674423,	30382.599609
1.674537,	29917.658203
1.674651,	30212.050781
1.674765,	29731.806641
1.674879,	29545.998047
1.674993,	29708.671875
1.675106,	30088.048828
1.67522,	30632.412109
1.675334,	30910.894531
1.675448,	31720.576172
1.675562,	32357.207031
1.675676,	33055.496094
1.67579,	33596.296875
1.675904,	33714.230469
1.676018,	34115.578125
1.676132,	34266.867188
1.676246,	34129.59375
1.67636,	33737.382812
1.676474,	33121.269531
1.676589,	31895.169922
1.676703,	31032.457031
1.676817,	30543.240234
1.676931,	30054.191406
1.677045,	30362.912109
1.67716,	29719.712891
1.677274,	29745.458984
1.677388,	29940.919922
1.677502,	29611.800781
1.677617,	29652.972656
1.677731,	30264.726562
1.677845,	30683.533203
1.67796,	30246.59375
1.678074,	30200.28125
1.678188,	30171.962891
1.678303,	29612.068359
1.678417,	29165.339844
1.678532,	28836.853516
1.678646,	27907.869141
1.678761,	27538.650391
1.678875,	26897.580078
1.67899,	26503.005859
1.679104,	26016.228516
1.679219,	25942.503906
1.679334,	25604.705078
1.679448,	25577.220703
1.679563,	25813.75
1.679677,	26001.505859
1.679792,	26317.310547
1.679907,	26438.304688
1.680022,	26748.800781
1.680136,	26992.603516
1.680251,	27016.115234
1.680366,	26445.679688
1.680481,	26328.496094
1.680596,	26139.693359
1.68071,	24924.892578
1.680825,	25058.742188
1.68094,	24376.583984
1.681055,	23975.976562
1.68117,	23268.667969
1.681285,	22927.189453
1.6814,	22544.929688
1.681515,	22794.052734
1.68163,	22394.060547
1.681745,	22704.4375
1.68186,	22858.888672
1.681975,	22742.574219
1.68209,	23065.494141
1.682205,	23378.089844
1.68232,	23598.683594
1.682435,	24125.458984
1.68255,	24169.779297
1.682666,	24114.582031
1.682781,	24207.351562
1.682896,	24417.40625
1.683011,	24678.386719
1.683127,	24551.751953
1.683242,	24950.265625
1.683357,	24989.285156
1.683472,	25703.560547
1.683588,	26364.085938
1.683703,	27177.220703
1.683818,	28071.572266
1.683934,	29327.207031
1.684049,	30638.417969
1.684165,	32229.1875
1.68428,	33613.25
1.684396,	34963.753906
1.684511,	35237.582031
1.684627,	35905.601562
1.684742,	35856.164062
1.684858,	35404.960938
1.684973,	35203.074219
1.685089,	34297.113281
1.685205,	33381.296875
1.68532,	33322.167969
1.685436,	32739.667969
1.685552,	31951.607422
1.685667,	32037.519531
1.685783,	31889.779297
1.685899,	31607.521484
1.686014,	31561.443359
1.68613,	31467.15625
1.686246,	31157.201172
1.686362,	30946.302734
1.686478,	30598.490234
1.686593,	29680.123047
1.686709,	28597.240234
1.686825,	27360.066406
1.686941,	25933.193359
1.687057,	24554.970703
1.687173,	22751.488281
1.687289,	21460.435547
1.687405,	19903.835938
1.687521,	18712.5
1.687637,	17729.230469
1.687753,	16746.300781
1.687869,	16234.572266
1.687985,	15707.833008
1.688101,	15540.625
1.688218,	15085.032227
1.688334,	15294.922852
1.68845,	15122.8125
1.688566,	14834.432617
1.688682,	14933.003906
1.688798,	14720.59668
1.688915,	14510.789062
1.689031,	14222.711914
1.689147,	13871.567383
1.689264,	13487.701172
1.68938,	13280.776367
1.689496,	13028.464844
1.689613,	12708.066406
1.689729,	12092.411133
1.689845,	11759.664062
1.689962,	11525.454102
1.690078,	11442.716797
1.690195,	11196.02832
1.690311,	11365.608398
1.690428,	11098.842773
1.690544,	11429.75293
1.690661,	11084.916016
1.690778,	11193.902344
1.690894,	11116.360352
1.691011,	11179.947266
1.691127,	10782.486328
1.691244,	10750.392578
1.691361,	10471.506836
1.691477,	10159.984375
1.691594,	9762.972656
1.691711,	9444.12793
1.691828,	9047.37793
1.691944,	9191.750977
1.692061,	8770.023438
1.692178,	8974.762695
1.692295,	8807.223633
1.692412,	8612.083008
1.692529,	8653.329102
1.692646,	8676.96582
1.692762,	8725.726562
1.692879,	8937.796875
1.692996,	9132.207031
1.693113,	8959.817383
1.69323,	8847.761719
1.693347,	8916.536133
1.693464,	9118.34668
1.693581,	8933.527344
1.693699,	8688.539062
1.693816,	8669.467773
1.693933,	8600.226562
1.69405,	8352.914062
1.694167,	8499.435547
1.694284,	8467.871094
1.694402,	8559.165039
1.694519,	8708.079102
1.694636,	8804.311523
1.694753,	9055.868164
1.69487,	9056.802734
1.694988,	9303.217773
1.695105,	9364.21582
1.695223,	9693.125
1.69534,	9726.494141
1.695457,	9657.22168
1.695575,	9693.086914
1.695692,	9551.276367
1.69581,	9359.478516
1.695927,	9315.330078
1.696045,	9103.629883
1.696162,	8821.987305
1.69628,	8847.958008
1.696397,	8756.433594
1.696515,	8672.438477
1.696632,	9073.245117
1.69675,	9069.171875
1.696868,	8992.65918
1.696985,	8831.255859
1.697103,	8932.104492
1.69722,	9275.092773
1.697338,	9023.860352
1.697456,	8977.369141
1.697574,	9010.746094
1.697691,	8749.708984
1.697809,	8606.003906
1.697927,	8607.00293
1.698045,	8218.996094
1.698163,	7948.304199
1.698281,	7769.937988
1.698399,	7566.709961
1.698516,	7463.228027
1.698635,	7486.846191
1.698753,	7311.173828
1.69887,	7210.279785
1.698988,	7435.632324
1.699106,	7421.89209
1.699224,	7378.284668
1.699342,	7339.669922
1.699461,	7390.651855
1.699579,	7309.751465
1.699697,	7116.938477
1.699815,	7133.111816
1.699933,	7054.78418
1.700051,	7021.236816
1.70017,	6634.710938
1.700288,	6511.772949
1.700406,	6334.20752
1.700524,	6273.477539
1.700643,	6048.816895
1.700761,	6035.347168
1.700879,	5818.254883
1.700998,	5871.865723
1.701116,	5811.267578
1.701234,	5981.511719
1.701353,	5806.765137
1.701471,	5967.026367
1.70159,	5921.336914
1.701708,	5845.900391
1.701827,	5715.934082
1.701945,	5687.666992
1.702064,	5560.251953
1.702182,	5227.165527
1.702301,	5342.725586
1.702419,	5168.361328
1.702538,	5018.82959
1.702657,	4936.222656
1.702775,	4749.637695
1.702894,	4644.822754
1.703013,	4834.627441
1.703131,	4762.009277
1.70325,	4907.183594
1.703369,	4936.02002
1.703488,	5068.744141
1.703607,	4981.29541
1.703725,	5146.113281
1.703844,	5098.240234
1.703963,	5008.359375
1.704082,	5064.334961
1.704201,	5088.165039
1.70432,	4953.858398
1.704439,	5032.046387
1.704558,	4947.193848
1.704677,	4748.775879
1.704796,	4797.32959
1.704915,	4692.812988
1.705034,	4748.763672
1.705153,	4705.984863
1.705272,	4961.766113
1.705391,	4886.895508
1.70551,	4807.117676
1.705629,	5134.261719
1.705749,	5118.57373
1.705868,	5292.708496
1.705987,	5449.529785
1.706106,	5463.366211
1.706226,	5491.980957
1.706345,	5505.804688
1.706464,	5366.916504
1.706583,	5555.600586
1.706703,	5665.429688
1.706822,	5450.271973
1.706941,	5690.529785
1.707061,	5682.155273
1.70718,	5644.258301
1.7073,	5574.394043
1.707419,	5841.51709
1.707539,	5901.978027
1.707658,	6348.4375
1.707778,	6504.662109
1.707897,	6882.040527
1.708017,	7109.382812
1.708137,	7211.337891
1.708256,	7477.848145
1.708376,	7518.298828
1.708495,	7698.711914
1.708615,	7564.783203
1.708735,	7642.019531
1.708855,	7714.320312
1.708974,	7887.209961
1.709094,	7878.473145
1.709214,	7820.67627
1.709334,	7929.685059
1.709453,	8124.486328
1.709573,	8279.989258
1.709693,	8418.277344
1.709813,	8556.516602
1.709933,	8699.608398
1.710053,	8923.505859
1.710173,	8983.192383
1.710293,	9067.350586
1.710413,	9082.910156
1.710533,	8983.386719
1.710653,	8866.760742
1.710773,	8808.918945
1.710893,	8540.638672
1.711013,	8360.535156
1.711133,	8261.223633
1.711253,	7905.126465
1.711373,	7744.791016
1.711494,	7743.438965
1.711614,	7404.730469
1.711734,	7491.428223
1.711854,	7602.532715
1.711975,	7520.575195
1.712095,	7587.663086
1.712215,	7600.992676
1.712335,	7545.939941
1.712456,	7503.114258
1.712576,	7440.773926
1.712697,	7368.691895
1.712817,	7296.634277
1.712937,	7127.005371
1.713058,	6937.918945
1.713178,	6751.337891
1.713299,	6608.717285
1.713419,	6534.416016
1.71354,	6550.338379
1.71366,	6285.958496
1.713781,	6267.801758
1.713902,	6356.856934
1.714022,	6426.392578
1.714143,	6744.34082
1.714264,	6760.208496
1.714384,	6802.853027
1.714505,	6967.202148
1.714626,	6978.153809
1.714746,	7149.714355
1.714867,	7287.151367
1.714988,	7188.569824
1.715109,	7153.261719
1.71523,	7137.419922
1.715351,	7221.270508
1.715471,	7224.869629
1.715592,	7145.828613
1.715713,	7275.805664
1.715834,	7354.713379
1.715955,	7377.719727
1.716076,	7536.733398
1.716197,	7923.963379
1.716318,	8284.349609
1.716439,	8314.458984
1.71656,	8759.600586
1.716681,	8843.003906
1.716802,	9244.223633
1.716923,	9458.508789
1.717045,	9354.984375
1.717166,	9520.674805
1.717287,	9509.30957
1.717408,	9742.791016
1.717529,	9336.318359
1.717651,	9157.780273
1.717772,	9035.032227
1.717893,	9014.070312
1.718015,	8990.694336
1.718136,	8882.568359
1.718257,	9072.289062
1.718379,	9395.085938
1.7185,	9657.260742
1.718622,	9820.125977
1.718743,	9905.508789
1.718864,	10240.02832
1.718986,	10436.566406
1.719108,	10862.767578
1.719229,	10858.447266
1.719351,	10815.450195
1.719472,	10762.798828
1.719594,	10743.99707
1.719715,	10568.15332
1.719837,	10827.198242
1.719959,	10685.214844
1.72008,	10811.331055
1.720202,	10934.987305
1.720324,	10882.376953
1.720446,	11322.15625
1.720567,	11443.244141
1.720689,	11639.083984
1.720811,	11936.171875
1.720933,	12143.915039
1.721055,	12479.393555
1.721176,	12633.923828
1.721298,	12617.245117
1.72142,	12386.063477
1.721542,	12805.604492
1.721664,	12511.826172
1.721786,	12124.202148
1.721908,	11914.943359
1.72203,	12146.439453
1.722152,	12134.678711
1.722274,	11913.491211
1.722396,	12075.066406
1.722518,	12101.825195
1.722641,	12347.518555
1.722763,	12566.665039
1.722885,	13093.591797
1.723007,	13290.886719
1.723129,	13502.537109
1.723252,	13851.134766
1.723374,	14045.787109
1.723496,	13942.395508
1.723618,	14019.235352
1.723741,	13774.154297
1.723863,	13637.238281
1.723985,	13654.055664
1.724108,	13680.469727
1.72423,	13373.205078
1.724353,	13289.254883
1.724475,	13805.249023
1.724598,	13886.798828
1.72472,	14011.499023
1.724843,	14642.21582
1.724965,	14965.769531
1.725088,	15332.366211
1.72521,	15873.823242
1.725333,	16534.925781
1.725456,	16663.818359
1.725578,	17044.230469
1.725701,	17211.314453
1.725824,	17447.794922
1.725946,	17411.205078
1.726069,	17496.732422
1.726192,	17752.185547
1.726314,	17591.107422
1.726437,	17499.478516
1.72656,	18080.175781
1.726683,	18242.052734
1.726806,	18626.298828
1.726929,	18921.931641
1.727052,	19329.828125
1.727175,	19412.486328
1.727298,	19805.8125
1.72742,	19969.601562
1.727543,	19966.091797
1.727666,	19893.308594
1.727789,	19581.720703
1.727912,	18938.324219
1.728036,	18755.935547
1.728159,	18480.515625
1.728282,	17608.533203
1.728405,	17345.341797
1.728528,	16891.378906
1.728651,	16272.982422
1.728775,	15888.529297
1.728898,	15690.204102
1.729021,	15849.564453
1.729144,	15548.81543
1.729268,	15403.084961
1.729391,	15355.100586
1.729514,	15042.683594
1.729638,	14697.027344
1.729761,	14172.873047
1.729884,	13939.405273
1.730008,	13225.106445
1.730131,	12882.391602
1.730255,	12137.589844
1.730378,	11561.994141
1.730502,	11150.757812
1.730625,	10651.655273
1.730749,	10321.582031
1.730872,	9948.825195
1.730996,	9642.765625
1.73112,	9477.056641
1.731243,	9299.521484
1.731367,	9245.609375
1.731491,	8958.893555
1.731614,	8565.389648
1.731738,	8525.882812
1.731862,	8386.662109
1.731986,	8021.954102
1.732109,	7619.395508
1.732233,	7207.48584
1.732357,	7170.624512
1.732481,	6564.402344
1.732605,	6435.159668
1.732729,	6251.416504
1.732853,	5946.810059
1.732976,	5623.344727
1.7331,	5529.912598
1.733225,	5398.594727
1.733348,	5532.703125
1.733473,	5211.906738
1.733597,	5187.302246
1.733721,	5110.605469
1.733845,	5029.199707
1.733969,	4947.822266
1.734093,	4923.280762
1.734217,	4479.869141
1.734341,	4474.347656
1.734466,	4227.524902
1.73459,	3950.040527
1.734714,	3826.370605
1.734838,	3724.02417
1.734963,	3614.621826
1.735087,	3460.348877
1.735211,	3447.922607
1.735336,	3166.142334
1.73546,	3248.267334
1.735584,	3105.976807
1.735709,	3152.659912
1.735833,	2934.880371
1.735958,	2927.280518
1.736082,	2919.68335
1.736207,	2782.29541
1.736331,	2793.602051
1.736456,	2528.89624
1.73658,	2405.80127
1.736705,	2419.526123
1.73683,	2289.42041
1.736954,	2152.288574
1.737079,	2206.118896
1.737204,	2080.83252
1.737328,	1962.658691
1.737453,	1891.640869
1.737578,	1940.768311
1.737703,	1912.167114
1.737828,	1907.120728
1.737952,	1796.143555
1.738077,	1760.521851
1.738202,	1724.91272
1.738327,	1675.199219
1.738452,	1613.741333
1.738577,	1554.656982
1.738702,	1547.327759
1.738827,	1445.9552
1.738952,	1370.47644
1.739077,	1346.731323
1.739202,	1315.944702
1.739327,	1285.168945
1.739452,	1153.394043
1.739577,	1157.887573
1.739702,	1157.683105
1.739827,	1190.348145
1.739953,	1150.231812
1.740078,	1150.028687
1.740203,	1086.467773
1.740328,	1140.237671
1.740453,	1053.243286
1.740579,	1090.58252
1.740704,	1022.387024
1.740829,	994.072266
1.740955,	914.197327
1.74108,	946.84729
1.741205,	939.650085
1.741331,	925.42688
1.741456,	817.511108
1.741582,	803.314453
1.741707,	784.439575
1.741833,	812.395203
1.741958,	784.16217
1.742084,	758.27948
1.74221,	800.264587
1.742335,	790.764893
1.742461,	762.555542
1.742586,	774.114258
1.742712,	778.653931
1.742838,	771.502563
1.742963,	715.266724
1.743089,	684.758423
1.743215,	705.667114
1.743341,	698.533569
1.743466,	719.432373
1.743592,	579.180725
1.743718,	623.443115
1.743844,	604.656128
1.74397,	581.20752
1.744096,	644.115967
1.744222,	564.668396
1.744348,	611.227051
1.744474,	653.104126
1.7446,	618.006958
1.744726,	585.253967
1.744852,	580.487793
1.744978,	561.738098
1.745104,	612.908569
1.74523,	566.19928
1.745356,	524.165771
1.745482,	561.340393
1.745609,	544.939392
1.745735,	479.64801
1.745861,	519.138672
1.745987,	484.13327
1.746113,	437.504486
1.74624,	453.714172
1.746366,	509.465668
1.746492,	472.160767
1.746619,	465.100616
1.746745,	488.269135
1.746871,	469.585175
1.746998,	476.474792
1.747124,	504.276642
1.747251,	425.190186
1.747377,	441.376068
1.747504,	418.071655
1.74763,	408.70871
1.747757,	420.24527
1.747884,	475.884033
1.74801,	417.77533
1.748137,	420.02182
1.748263,	389.7854
1.74839,	431.471619
1.748517,	405.882507
1.748644,	417.405151
1.74877,	442.834686
1.748897,	361.622833
1.749024,	382.417877
1.749151,	368.446411
1.749277,	407.767731
1.749404,	400.746063
1.749531,	405.307068
1.749658,	402.919525
1.749785,	361.174133
1.749912,	388.887756
1.750039,	330.958832
1.750166,	328.586121
1.750293,	377.112915
1.75042,	349.288025
1.750547,	342.287781
1.750674,	351.47641
1.750801,	386.093079
1.750928,	339.794067
1.751055,	376.711578
1.751183,	341.984161
1.75131,	369.646973
1.751437,	348.792419
1.751564,	332.564178
1.751691,	327.887024
1.751819,	313.976898
1.751946,	316.229401
1.752073,	325.404572
1.752201,	295.350281
1.752328,	306.832916
1.752455,	283.712372
1.752583,	315.94873
1.75271,	288.223175
1.752838,	274.339722
1.752965,	288.120789
1.753093,	311.115204
1.75322,	320.27652
1.753348,	345.56073
1.753475,	308.646088
1.753603,	324.7117
1.753731,	310.838928
1.753858,	345.315216
1.753986,	313.030151
1.754114,	329.083527
1.754241,	285.308411
1.754369,	292.159119
1.754497,	276.006805
1.754625,	301.253845
1.754752,	294.302582
1.75488,	280.457306
1.755008,	291.899536
1.755136,	275.761566
1.755264,	321.664612
1.755392,	321.607422
1.75552,	326.143829
1.755648,	298.529266
1.755776,	319.139923
1.755904,	275.467468
1.756032,	314.436096
1.75616,	307.495941
1.756288,	298.263916
1.756416,	259.21405
1.756544,	266.048492
1.756672,	293.518524
1.7568,	270.539246
1.756929,	295.70639
1.757057,	261.275452
1.757185,	279.560791
1.757313,	265.764618
1.757442,	274.879974
1.75757,	270.250549
1.757698,	274.782166
1.757827,	313.653778
1.757955,	315.886993
1.758083,	274.635468
1.758212,	295.180573
1.75834,	256.235168
1.758469,	256.189545
1.758597,	290.448944
1.758726,	290.397217
1.758854,	272.05603
1.758983,	272.007599
1.759111,	258.246918
1.75924,	290.19043
1.759368,	233.024826
1.759497,	251.256516
1.759626,	299.17038
1.759754,	301.400421
1.759883,	260.253998
1.760012,	305.858093
1.760141,	285.264557
1.760269,	266.960052
1.760398,	276.037689
1.760527,	239.494171
1.760656,	248.573456
1.760785,	230.288483
1.760914,	255.323898
1.761043,	264.395477
1.761172,	243.838562
1.761301,	264.301239
1.761429,	250.5858
1.761559,	273.317596
1.761688,	277.823364
1.761817,	250.451813
1.761946,	275.447876
1.762075,	275.398773
1.762204,	286.727753
1.762333,	252.548447
1.762462,	261.602631
1.762591,	268.379181
1.762721,	250.139359
1.76285,	281.924988
1.762979,	247.776947
1.763108,	234.096085
1.763238,	259.050415
1.763367,	243.100449
1.763497,	254.414886
1.763626,	286.16568
1.763755,	222.533585
1.763885,	252.008377
1.764014,	240.613708
1.764144,	270.074738
1.764273,	270.02652
1.764403,	272.24707
1.764532,	260.856873
1.764662,	231.327408
1.764791,	258.496246
1.764921,	224.443497
1.765051,	256.137268
1.76518,	228.895966
1.76531,	228.855103
1.76544,	265.062042
1.765569,	244.628952
1.765699,	244.585281
1.765829,	273.977173
1.765959,	246.761795
1.766088,	282.933167
1.766218,	271.567322
1.766348,	248.892258
1.766478,	294.092834
1.766608,	232.970398
1.766738,	239.71312
1.766868,	237.409241
1.766998,	266.755096
1.767128,	219.242554
1.767258,	225.982864
1.767388,	244.017883
1.767518,	248.492325
1.767648,	239.413437
1.767778,	223.563156
1.767908,	266.42157
1.768039,	275.403595
1.768169,	277.611359
1.768299,	241.456146
1.768429,	243.669174
1.768559,	277.462494
1.76869,	248.092834
1.76882,	263.833374
1.76895,	227.71286
1.769081,	243.451401
1.769211,	243.407867
1.769341,	218.577225
1.769472,	216.285156
1.769602,	220.751617
1.769733,	240.981613
1.769863,	245.442017
1.769994,	225.13588
1.770125,	274.616638
1.770255,	238.558655
1.770386,	225.01506
1.770516,	215.975815
1.770647,	269.921448
1.770777,	229.392181
1.770908,	254.085068
1.771039,	227.061935
1.77117,	245.003189
1.7713,	251.70134
1.771431,	249.409348
1.771562,	249.3647
1.771693,	235.843307
1.771824,	262.749786
1.771955,	233.513535
1.772085,	233.471725
1.772216,	219.962814
1.772347,	210.94696
1.772478,	235.590042
1.772609,	242.277786
1.77274,	242.23439
1.772871,	260.131073
1.773002,	257.842377
1.773133,	260.037903
1.773264,	246.543488
1.773396,	233.053909
1.773527,	217.328644
1.773658,	257.611511
1.773789,	259.805054
1.77392,	232.886917
1.774052,	223.889603
1.774183,	210.418518
1.774314,	226.047455
1.774445,	232.720016
1.774577,	230.44101
1.774708,	239.347275
1.77484,	259.43277
1.774971,	230.317108
1.775102,	239.218567
1.775234,	259.293274
1.775365,	252.542114
1.775497,	234.620956
1.775628,	239.047043
1.77576,	216.667343
1.775892,	209.928635
1.776023,	236.685577
1.776155,	238.87561
1.776286,	212.047775
1.776418,	254.411697
1.77655,	211.97171
1.776681,	254.320419
1.776813,	211.89566
1.776945,	272.069824
1.777077,	245.264832
1.777209,	260.825775
1.77734,	263.007874
1.777472,	242.904343
1.777604,	198.299149
1.777736,	213.857315
1.777868,	200.455246
1.778,	207.099915
1.778132,	229.327545
1.778264,	224.834213
1.778396,	244.824982
1.778528,	249.231598
1.77866,	224.713135
1.778792,	242.468658
1.778924,	262.441864
1.779056,	242.381577
1.779189,	260.124329
1.779321,	255.631836
1.779453,	240.028519
1.779585,	257.762115
1.779717,	226.612183
1.77985,	239.8992
1.779982,	226.530762
1.780114,	239.813019
1.780247,	226.449371
1.780379,	259.704071
1.780511,	224.148712
1.780644,	248.516281
1.780777,	226.286652
1.780909,	239.554581
1.781041,	263.906219
1.781174,	206.208954
1.781307,	254.943741
1.781439,	243.815399
1.781572,	241.555466
1.781704,	237.080627
1.781837,	245.899231
1.78197,	261.359375
1.782102,	205.9496
1.782235,	208.126678
1.782368,	210.302963
1.782501,	203.625198
1.782633,	208.014404
1.782766,	210.189514
1.782899,	219.000214
1.783032,	243.289795
1.783165,	249.880005
1.783298,	249.835052
1.78343,	216.632126
1.783563,	205.54248
1.783696,	216.554184
1.783829,	207.677856
1.783962,	212.05838
1.784096,	203.186035
1.784229,	189.900589
1.784362,	218.567154
1.784495,	222.942505
1.784628,	222.90239
1.784761,	174.318008
1.784894,	198.554382
1.785028,	205.135925
1.785161,	205.098984
1.785294,	218.29187
1.785427,	209.43428
1.785561,	227.029968
1.785694,	185.11731
1.785827,	233.55835
1.785961,	237.922241
1.786094,	220.258698
1.786228,	235.634354
1.786361,	224.582947
1.786494,	191.52153
1.786628,	231.105042
1.786762,	209.057358
1.786895,	200.218872
1.787029,	222.180908
1.787162,	193.548477
1.787296,	235.294952
1.787429,	200.074585
1.787563,	202.236755
1.787697,	219.782944
1.787831,	191.176697
1.787964,	252.659286
1.788098,	221.860764
1.788232,	228.4095
1.788366,	219.58493
1.7885,	212.958969
1.788633,	208.530457
1.788767,	182.156921
1.788901,	206.261002
1.789035,	221.580887
1.789169,	217.153976
1.789303,	201.76326
1.789437,	208.304932
1.789571,	219.22879
1.789705,	230.148712
1.789839,	256.405151
1.789973,	219.110168
1.790107,	197.163574
1.790242,	216.840805
1.790376,	236.510925
1.79051,	205.814957
1.790644,	225.479935
1.790779,	205.740677
1.790913,	183.82019
1.791047,	168.47142
1.791182,	236.254929
1.791316,	212.153625
1.79145,	218.675598
1.791585,	229.567932
1.791719,	240.456314
1.791854,	209.814896
1.791988,	233.813965
1.792122,	229.402176
1.792257,	207.516861
1.792392,	222.767349
1.792526,	211.809113
1.792661,	218.32048
1.792795,	183.356079
1.79293,	218.241623
1.793065,	200.746017
1.793199,	191.983246
1.793334,	226.848297
1.793469,	183.190521
1.793604,	198.420532
1.793738,	228.905411
1.793873,	189.630203
1.794008,	231.001953
1.794143,	244.033417
1.794278,	189.527405
1.794413,	196.027405
1.794548,	222.124237
1.794683,	217.729492
1.794818,	198.098022
1.794953,	219.827286
1.795088,	182.793594
1.795223,	230.626404
1.795358,	195.779465
1.795493,	200.093933
1.795628,	213.104996
1.795763,	219.588898
1.795898,	210.854156
1.796033,	223.856186
1.796169,	208.604919
1.796304,	223.775208
1.796439,	184.635452
1.796574,	217.178894
1.79671,	219.310989
1.796845,	219.271317
1.796981,	182.331268
1.797116,	223.53241
1.797251,	193.11441
1.797387,	195.248886
1.797522,	216.903946
1.797658,	197.346863
1.797793,	227.666702
1.797929,	218.954056
1.798064,	210.244537
1.7982,	231.877243
1.798336,	188.501572
1.798471,	220.961823
1.798607,	216.590012
1.798743,	259.860962
1.798878,	210.016235
1.799014,	201.319305
1.79915,	220.761841
1.799286,	196.918518
1.799421,	192.555756
1.799557,	201.173492
1.799693,	203.29982
1.799829,	203.262985
1.799965,	220.522003
1.800101,	203.189346
1.800237,	231.248093
1.800373,	224.72377
1.800509,	209.56015
1.800645,	213.842209
1.800781,	222.441986
1.800917,	205.127747
1.801053,	215.884811
1.801189,	220.162598
1.801326,	211.490417
1.801462,	213.609756
1.801598,	179.054504
1.801734,	217.846085
1.80187,	245.84111
1.802007,	228.547653
1.802143,	226.350479
1.802279,	226.309433
1.802416,	245.662827
1.802552,	232.690994
1.802688,	228.340485
1.802825,	249.8367
1.802961,	230.411026
1.803098,	251.899048
1.803234,	249.70076
1.803371,	221.676834
1.803507,	241.002914
1.803644,	202.233597
1.803781,	191.441742
1.803917,	204.310852
1.804054,	202.12352
1.804191,	238.63446
1.804327,	234.292206
1.804464,	247.14415
1.804601,	232.058456
1.804738,	225.571442
1.804874,	257.749115
1.805011,	249.112259
1.805148,	259.802673
1.805285,	223.260925
1.805422,	233.952133
1.805559,	229.617722
1.805696,	240.303879
1.805833,	229.534332
1.80597,	231.637421
1.806107,	186.562927
1.806244,	218.689209
1.806381,	197.213257
1.806518,	203.607132
1.806655,	203.570129
1.806792,	229.242599
1.806929,	244.195404
1.807067,	216.309235
1.807204,	203.422211
1.807341,	214.089737
1.807478,	239.736923
1.807616,	228.992752
1.807753,	246.06897
1.80789,	213.934113
1.808028,	228.867889
1.808165,	183.916458
1.808303,	241.613724
1.80844,	207.365219
1.808577,	175.266556
1.808715,	241.481949
1.808853,	239.301422
1.80899,	245.666595
1.809128,	228.535172
1.809265,	211.409973
1.809403,	222.046844
1.809541,	243.353226
1.809678,	224.100357
1.809816,	232.595184
1.809954,	226.152328
1.810091,	213.312439
1.810229,	217.539093
1.810367,	181.249588
1.810505,	196.140335
1.810643,	208.894058
1.810781,	223.774338
1.810918,	219.472015
1.811056,	240.736145
1.811194,	210.87204
1.811332,	232.129974
1.81147,	232.087723
1.811608,	246.947464
1.811746,	212.846985
1.811884,	212.808228
1.812023,	234.046417
1.812161,	242.513031
1.812299,	199.930466
1.812437,	180.755264
1.812575,	233.875961
1.812714,	238.084885
1.812852,	238.041504
1.81299,	263.497955
1.813128,	225.207214
1.813267,	282.519836
1.813405,	225.125153
1.813543,	250.565353
1.813682,	239.904449
1.81382,	233.492752
1.813959,	222.838821
1.814097,	233.407639
1.814236,	227.000595
1.814374,	237.564789
1.814513,	214.193481
1.814651,	212.034088
1.81479,	184.436035
1.814929,	205.598083
1.815067,	207.679779
1.815206,	260.611786
1.815345,	256.327454
1.815483,	226.628387
1.815622,	266.822144
1.815761,	199.021484
1.8159,	254.023636
1.816039,	228.579559
1.816177,	241.234421
1.816316,	234.843292
1.816455,	228.454483
1.816594,	224.182938
1.816733,	211.454742
1.816872,	234.671936
1.817011,	230.401566
1.81715,	232.472916
1.817289,	211.300446
1.817428,	209.149261
1.817567,	215.447784
1.817707,	230.191391
1.817846,	242.81813
1.817985,	238.551651
1.818124,	223.733261
1.818263,	230.023331
1.818403,	206.772202
1.818542,	244.706085
1.818681,	236.224792
1.818821,	212.985245
1.81896,	221.379868
1.819099,	210.799454
1.819239,	185.469635
1.819378,	187.542984
1.819518,	202.256592
1.819657,	214.858383
1.819797,	200.07663
1.819936,	240.048096
1.820076,	229.477722
1.820215,	244.170212
1.820355,	216.766678
1.820495,	212.518768
1.820634,	225.102509
1.820774,	214.544479
1.820914,	185.063354
1.821054,	212.363434
1.821193,	222.835739
1.821333,	214.387634
1.821473,	247.971725
1.821613,	212.208176
1.821753,	216.370758
1.821893,	254.136642
1.822033,	237.290817
1.822173,	224.650208
1.822312,	237.204025
1.822453,	232.963104
1.822593,	232.920486
1.822733,	247.563873
1.822873,	234.932892
1.823013,	192.945282
1.823153,	215.975311
1.823293,	207.549942
1.823433,	207.511963
1.823574,	209.569687
1.823714,	226.293839
1.823854,	217.872696
1.823994,	230.400101
1.824135,	221.981277
1.824275,	247.06601
1.824415,	226.086807
1.824556,	223.952408
1.824696,	221.818771
1.824837,	223.870407
1.824977,	207.094513
1.825118,	188.233261
1.825258,	202.836472
1.825399,	215.343613
1.825539,	206.942856
1.82568,	202.725052
1.82582,	238.210541
1.825961,	229.810165
1.826102,	221.412872
1.826242,	240.168076
1.826383,	229.683899
1.826524,	223.378845
1.826665,	212.901566
1.826805,	212.862549
1.826946,	206.564026
1.827087,	214.870667
1.827228,	227.345734
1.827369,	233.560135
1.82751,	212.667557
1.827651,	235.559113
1.827792,	204.252747
1.827933,	260.478699
1.828074,	227.095779
1.828215,	206.223495
1.828356,	262.418121
1.828497,	241.546997
1.828638,	247.748459
1.828779,	231.05072
1.828921,	266.388
1.829062,	237.208298
1.829203,	241.325562
1.829344,	214.24115
1.829486,	220.440735
1.829627,	239.113525
1.829768,	228.675323
1.82991,	226.554871
1.830051,	253.528656
1.830193,	224.394012
1.830334,	251.358276
1.830476,	236.773422
1.830617,	253.34259
1.830759,	230.457916
1.8309,	247.022141
1.831042,	226.222443
1.831183,	190.904984
1.831325,	244.811447
1.831467,	205.354935
1.831608,	230.204178
1.83175,	263.338379
1.831892,	240.485382
1.832034,	196.913071
1.832175,	244.541824
1.832317,	252.784943
1.832459,	252.73851
1.832601,	236.122116
1.832743,	236.078735
1.832885,	219.471481
1.833027,	273.253876
1.833169,	242.157806
1.833311,	229.69725
1.833453,	237.930893
1.833595,	277.190277
1.833737,	225.434219
1.833879,	235.731903
1.834021,	200.542038
1.834163,	227.376999
1.834305,	225.268509
1.834448,	210.76297
1.83459,	231.383469
1.834732,	254.061905
1.834874,	229.233215
1.835017,	233.320633
1.835159,	286.95224
1.835301,	249.747025
1.835444,	224.937347
1.835586,	249.655167
1.835729,	226.917496
1.835871,	253.688339
1.836013,	263.952301
1.836156,	226.792282
1.836299,	239.118774
1.836441,	269.989624
1.836584,	214.303452
1.836726,	236.926559
1.836869,	232.76326
1.837012,	238.898834
1.837154,	247.091248
1.837297,	242.928329
1.83744,	263.46698
1.837583,	279.882141
1.837726,	246.909348
1.837868,	236.577896
1.838011,	257.102539
1.838154,	257.055206
1.838297,	257.007874
1.83844,	226.125275
1.838583,	252.802612
1.838726,	236.31662
1.838869,	256.818573
1.839012,	230.067062
1.839155,	262.885345
1.839298,	242.302795
1.839441,	271.000641
1.839584,	260.687439
1.839728,	272.953064
1.839871,	213.397659
1.840014,	248.234222
1.840157,	250.239609
1.840301,	235.838135
1.840444,	225.542725
1.840587,	225.501144
1.840731,	288.998199
1.840874,	221.319504
1.841017,	264.305115
1.841161,	272.450378
1.841304,	266.255798
1.841448,	239.586029
1.841591,	251.82605
1.841735,	305.001312
1.841879,	274.24588
1.842022,	253.732971
1.842166,	245.502747
1.842309,	272.048706
1.842453,	249.502396
1.842597,	267.858887
1.842741,	255.543381
1.842884,	228.924622
1.843028,	271.797821
1.843172,	269.704468
1.843316,	255.354828
1.84346,	306.369232
1.843603,	273.639343
1.843747,	289.922485
1.843891,	257.207672
1.844035,	267.36499
1.844179,	277.518494
1.844323,	273.386871
1.844467,	295.774445
1.844611,	248.812561
1.844756,	250.805695
1.8449,	252.798065
1.845044,	264.981293
1.845188,	273.084106
1.845332,	275.071259
1.845477,	277.057617
1.845621,	258.67514
1.845765,	289.173889
1.845909,	321.697418
1.846054,	280.924316
1.846198,	274.766479
1.846342,	286.925323
1.846487,	274.664948
1.846631,	284.785095
1.846776,	272.529663
1.84692,	307.047546
1.847065,	313.089935
1.84721,	288.639954
1.847354,	302.812714
1.847499,	319.012115
1.847643,	314.890045
1.847788,	280.30188
1.847933,	316.804413
1.848077,	306.593719
1.848222,	322.777405
1.848367,	288.213287
1.848512,	308.452942
1.848657,	298.251312
1.848801,	312.395966
1.848946,	263.662079
1.849091,	292.002441
1.849236,	326.414551
1.849381,	340.543457
1.849526,	316.160431
1.849671,	330.28598
1.849816,	358.587738
1.849961,	311.933868
1.850106,	350.35434
1.850251,	350.28952
1.850397,	348.200256
1.850542,	344.087708
1.850687,	325.810974
1.850832,	309.564301
1.850977,	358.057098
1.851123,	307.427124
1.851268,	353.880157
1.851413,	301.247894
1.851559,	325.449188
1.851704,	381.978302
1.85185,	383.928223
1.851995,	373.755615
1.85214,	367.626587
1.852286,	333.226105
1.852432,	361.432861
1.852577,	343.196686
1.852723,	387.538544
1.852868,	377.376465
1.853014,	369.235809
1.853159,	365.132751
1.853305,	340.861877
1.853451,	340.798706
1.853597,	348.800293
1.853742,	316.482635
1.853888,	386.964325
1.854034,	392.937805
1.85418,	400.923706
1.854326,	410.92099
1.854472,	388.691406
1.854618,	380.565033
1.854764,	408.67923
1.85491,	390.488037
1.855056,	374.315979
1.855202,	366.198242
1.855348,	366.130341
1.855494,	378.130402
1.85564,	406.213684
1.855786,	384.021881
1.855932,	412.093597
1.856079,	444.174591
1.856225,	399.883911
1.856371,	450.037048
1.856517,	425.848877
1.856663,	433.803223
1.85681,	455.810455
1.856956,	445.687836
1.857103,	439.583405
1.857249,	433.481232
1.857396,	457.478577
1.857542,	515.570923
1.857688,	479.371857
1.857835,	487.304321
1.857982,	505.258789
1.858128,	489.127991
1.858275,	591.253906
1.858421,	519.004517
1.858568,	562.985229
1.858715,	566.886902
1.858861,	626.864441
1.859008,	580.693054
1.859155,	598.603333
1.859302,	574.472351
1.859449,	622.396179
1.859595,	1608.72522
1.859742,	3410.904053
1.859889,	3280.259766
1.860036,	3507.625732
1.860183,	651.809265
1.86033,	587.71875
1.860477,	639.574951
1.860624,	665.43396
1.860771,	677.297791
1.860918,	623.237854
1.861066,	639.099426
1.861213,	646.967896
1.86136,	620.893799
1.861507,	620.77832
1.861654,	620.662903
1.861802,	588.622192
1.861949,	578.537903
1.862096,	596.381531
1.862244,	568.351562
1.862391,	622.079651
1.862538,	639.905212
1.862686,	577.999939
1.862833,	599.812439
1.862981,	605.677917
1.863128,	547.797424
1.863276,	563.628479
1.863423,	531.663574
1.863571,	535.546387
1.863719,	553.361267
1.863866,	521.416016
1.864014,	487.49292
1.864162,	489.391541
1.864309,	499.245544
1.864457,	556.823608
1.864605,	491.106506
1.864753,	516.857971
1.8649,	516.761658
1.865048,	566.344788
1.865196,	536.437256
1.865344,	500.581482
1.865492,	488.571869
1.86564,	520.251953
1.865788,	540.00824
1.865936,	541.892578
1.866084,	464.392822
1.866232,	494.069519
1.86638,	497.945129
1.866529,	481.984528
1.866677,	499.742645
1.866825,	481.804871
1.866973,	519.380005
1.867121,	495.499237
1.86727,	451.811066
1.867418,	505.220795
1.867566,	515.031006
1.867715,	477.305115
1.867863,	459.394775
1.868012,	469.208008
1.86816,	463.182251
1.868309,	409.661743
1.868457,	459.052155
1.868605,	472.814636
1.868754,	445.03537
1.868903,	474.615814
1.869051,	494.299255
1.8692,	464.554596
1.869349,	507.950012
1.869497,	486.118225
1.869646,	480.100342
1.869795,	430.626923
1.869944,	462.146301
1.870092,	436.390045
1.870241,	426.437347
1.87039,	440.174896
1.870539,	465.748352
1.870688,	422.252289
1.870837,	426.118988
1.870986,	481.266754
1.871135,	481.17688
1.871284,	402.220306
1.871433,	427.772064
1.871582,	437.546844
1.871731,	419.730042
1.87188,	445.26416
1.87203,	419.573242
1.872179,	464.792419
1.872328,	417.447388
1.872477,	421.306824
1.872626,	411.386322
1.872776,	403.4375
1.872925,	383.685913
1.873074,	413.122986
1.873224,	359.93988
1.873373,	393.303406
1.873523,	422.722137
1.873672,	401.019501
1.873822,	389.152039
1.873971,	404.799683
1.874121,	379.183136
1.87427,	375.183624
1.87442,	384.933197
1.87457,	357.371124
1.874719,	373.009949
1.874869,	369.014496
1.875019,	353.245667
1.875169,	415.967102
1.875318,	413.927521
1.875468,	360.892975
1.875618,	386.318542
1.875768,	401.931396
1.875918,	386.174011
1.876068,	397.861176
1.876218,	358.595917
1.876368,	362.447144
1.876518,	342.791229
1.876668,	352.519287
1.876818,	348.53714
1.876968,	334.767944
1.877118,	344.491974
1.877268,	336.599579
1.877418,	365.885681
1.877568,	344.298523
1.877719,	387.263275
1.877869,	355.902618
1.878019,	383.207977
1.87817,	351.859772
1.87832,	361.565918
1.87847,	351.727966
1.878621,	334.078979
1.878771,	296.903442
1.878922,	332.000854
1.879072,	328.033478
1.879223,	341.637512
1.879373,	331.81427
1.879524,	374.684692
1.879674,	314.129852
1.879825,	304.3172
1.879976,	314.012085
1.880126,	362.703735
1.880277,	341.189545
1.880428,	296.291931
1.880579,	313.776703
1.880729,	300.077942
1.88088,	346.77832
1.881031,	299.965424
1.881182,	307.699005
1.881333,	319.323883
1.881484,	305.636871
1.881635,	338.667786
1.881786,	334.71225
1.881937,	313.247467
1.882088,	338.477203
1.882239,	303.405396
1.88239,	328.627502
1.882541,	313.012421
1.882692,	301.290802
1.882844,	316.78186
1.882995,	299.23465
1.883146,	305.006653
1.883297,	285.525848
1.883449,	283.530273
1.8836,	291.24353
1.883751,	318.366486
1.883903,	293.075073
1.884054,	298.841644
1.884206,	333.708527
1.884357,	329.766235
1.884509,	306.431061
1.88466,	294.739075
1.884812,	292.744995
1.884963,	308.196777
1.885115,	294.573029
1.885267,	288.704834
1.885418,	302.211365
1.88557,	296.343903
1.885722,	302.097809
1.885874,	309.785675
1.886025,	319.406433
1.886177,	311.604675
1.886329,	327.026672
1.886481,	292.140503
1.886633,	286.282562
1.886785,	326.842285
1.886937,	295.843018
1.887089,	289.98764
1.887241,	303.463318
1.887393,	286.01355
1.887545,	268.570312
1.887697,	266.588013
1.887849,	264.606445
1.888001,	264.556671
1.888154,	266.437622
1.888306,	285.690948
1.888458,	304.937012
1.88861,	291.372314
1.888763,	291.317505
1.888915,	287.404907
1.889067,	268.065521
1.88922,	266.086914
1.889372,	256.397827
1.889524,	289.116058
1.889677,	250.520081
1.88983,	273.593506
1.889982,	271.615662
1.890135,	292.750397
1.890287,	261.885254
1.89044,	279.16333
1.890593,	250.237244
1.890745,	284.831818
1.890898,	255.915543
1.891051,	278.953125
1.891203,	273.130219
1.891356,	280.771149
1.891509,	253.800064
1.891662,	294.121918
1.891815,	255.62645
1.891968,	251.735016
1.892121,	245.923737
1.892274,	249.719238
1.892427,	253.51329
1.89258,	301.470367
1.892733,	268.776398
1.892886,	266.806274
1.893039,	282.108856
1.893192,	255.193222
1.893345,	245.553192
1.893498,	270.441193
1.893652,	272.307861
1.893805,	283.760315
1.893958,	239.617249
1.894112,	235.738907
1.894265,	279.767395
1.894418,	239.481705
1.894572,	254.760483
1.894725,	262.372955
1.894879,	245.09053
1.895032,	248.873108
1.895186,	290.935211
1.895339,	279.398193
1.895493,	239.165649
1.895646,	277.379791
1.8958,	260.114014
1.895954,	225.644577
1.896107,	254.280212
1.896261,	265.701324
1.896415,	261.828857
1.896569,	282.798218
1.896722,	265.550903
1.896876,	265.500763
1.89703,	284.547791
1.897184,	290.222137
1.897338,	286.349335
1.897492,	250.031204
1.897646,	263.341919
1.8978,	240.397202
1.897954,	249.889557
1.898108,	244.120773
1.898262,	251.701996
1.898416,	255.467392
1.89857,	255.419128
1.898724,	261.088135
1.898879,	234.363297
1.899033,	241.939133
1.899187,	289.510223
1.899342,	249.464951
1.899496,	249.417801
1.89965,	277.924561
1.899805,	268.355835
1.899959,	235.956268
