1.500092,	291.350494
1.500176,	221.981323
1.500261,	284.367462
1.500346,	266.984711
1.500431,	253.074341
1.500515,	291.161621
1.5006,	266.854889
1.500685,	304.927582
1.50077,	263.303864
1.500855,	190.517944
1.500939,	263.218475
1.501024,	283.95285
1.501109,	283.90683
1.501194,	270.013916
1.501279,	280.353607
1.501364,	235.320419
1.501449,	283.722748
1.501534,	273.298309
1.501619,	249.041626
1.501704,	283.584747
1.501789,	286.996552
1.501874,	269.663879
1.501959,	224.683456
1.502044,	311.049713
1.502129,	245.343872
1.502214,	276.398956
1.502299,	297.080688
1.502384,	245.224518
1.502469,	293.531036
1.502554,	269.314209
1.502639,	272.722717
1.502724,	238.162216
1.50281,	245.025726
1.502895,	258.788025
1.50298,	258.746033
1.503065,	269.052216
1.50315,	279.355072
1.503236,	262.06842
1.503321,	279.264435
1.503406,	317.137787
1.503491,	268.834076
1.503577,	313.588867
1.503662,	272.192322
1.503747,	258.36853
1.503832,	285.881439
1.503918,	241.065704
1.504003,	306.44812
1.504088,	268.528931
1.504174,	316.675018
1.504259,	275.324921
1.504344,	316.572266
1.50443,	251.152466
1.504515,	278.630798
1.504601,	244.192307
1.504686,	302.611755
1.504772,	281.93338
1.504857,	292.200592
1.504943,	326.524139
1.505028,	247.430771
1.505114,	250.826599
1.505199,	326.365204
1.505285,	295.398438
1.50537,	261.007416
1.505456,	298.736298
1.505541,	329.586578
1.505627,	312.369904
1.505713,	329.479584
1.505798,	329.426117
1.505884,	260.753326
1.50597,	298.445496
1.506055,	243.519424
1.506141,	274.343536
1.506227,	336.016296
1.506312,	342.818115
1.506398,	270.782349
1.506484,	253.603043
1.50657,	291.253479
1.506655,	301.48407
1.506741,	270.606537
1.506827,	301.3862
1.506913,	270.518677
1.506999,	263.627289
1.507084,	273.854004
1.50717,	338.839294
1.507256,	301.141571
1.507342,	307.935699
1.507428,	301.043793
1.507514,	249.68895
1.5076,	300.946014
1.507686,	311.154999
1.507772,	317.941956
1.507858,	304.217621
1.507944,	317.838684
1.50803,	287.033478
1.508116,	341.651031
1.508202,	269.860474
1.508288,	276.64743
1.508374,	314.165802
1.50846,	310.7005
1.508546,	286.753876
1.508632,	238.922745
1.508718,	279.835449
1.508804,	334.383179
1.50889,	231.983292
1.508976,	303.575867
1.509063,	248.959976
1.509149,	272.788513
1.509235,	327.29306
1.509321,	320.422363
1.509407,	279.471985
1.509494,	279.426575
1.50958,	327.080383
1.509666,	316.807648
1.509753,	282.696381
1.509839,	323.515564
1.509925,	320.058136
1.510011,	306.388824
1.510098,	340.376709
1.510184,	234.821777
1.51027,	330.058105
1.510357,	330.004486
1.510443,	333.352417
1.51053,	323.095215
1.510616,	278.836884
1.510702,	227.793106
1.510789,	282.145599
1.510875,	258.308197
1.510962,	316.036285
1.511048,	292.201111
1.511135,	288.75647
1.511221,	281.916351
1.511308,	302.246735
1.511394,	302.197601
1.511481,	325.912964
1.511567,	278.338715
1.511654,	302.050232
1.511741,	302.001129
1.511827,	284.988434
1.511914,	271.373444
1.512,	356.11972
1.512087,	291.631592
1.512174,	294.974701
1.512261,	301.706665
1.512347,	328.772888
1.512434,	328.719452
1.512521,	304.947815
1.512607,	260.857391
1.512694,	284.525421
1.512781,	321.732361
1.512868,	274.274567
1.512954,	335.169952
1.513041,	324.960449
1.513128,	263.987427
1.513215,	324.854767
1.513302,	270.668274
1.513389,	314.600677
1.513476,	280.72699
1.513562,	307.734955
1.513649,	297.541443
1.513736,	375.246918
1.513823,	381.945984
1.51391,	327.811798
1.513997,	327.758484
1.514084,	304.056335
1.514171,	337.785431
1.514258,	354.617004
1.514345,	347.805786
1.514432,	317.363373
1.514519,	313.936066
1.514606,	374.636932
1.514693,	364.452301
1.51478,	337.40094
1.514868,	303.61142
1.514955,	327.172424
1.515042,	330.491547
1.515129,	286.604187
1.515216,	313.527679
1.515303,	333.700958
1.51539,	323.536163
1.515478,	320.113892
1.515565,	286.371063
1.515652,	299.798553
1.515739,	323.325592
1.515827,	340.110107
1.515914,	363.622925
1.516001,	339.99942
1.516088,	353.407227
1.516176,	376.906342
1.516263,	329.73938
1.516351,	363.327087
1.516438,	373.358734
1.516525,	349.756653
1.516613,	373.237183
1.5167,	349.642792
1.516787,	326.056061
1.516875,	315.92041
1.516962,	325.94989
1.51705,	359.494446
1.517137,	382.950409
1.517225,	329.149384
1.517312,	319.021454
1.5174,	302.181641
1.517487,	322.274597
1.517575,	385.99527
1.517662,	335.593384
1.51775,	291.918701
1.517838,	345.548645
1.517925,	322.012299
1.518013,	321.959869
1.5181,	325.260651
1.518188,	325.207672
1.518276,	368.732147
1.518363,	375.375214
1.518451,	338.452881
1.518539,	418.809113
1.518626,	385.241638
1.518714,	381.829498
1.518802,	331.53476
1.51889,	375.008545
1.518977,	415.120422
1.519065,	351.455994
1.519153,	394.905243
1.519241,	354.687622
1.519329,	351.284271
1.519417,	324.466888
1.519504,	361.203247
1.519592,	347.768677
1.51968,	330.995117
1.519768,	297.512787
1.519856,	381.021698
1.519944,	347.542114
1.520032,	377.556335
1.52012,	404.220123
1.520208,	334.01178
1.520296,	370.692657
1.520384,	323.885864
1.520472,	400.618225
1.52056,	357.159698
1.520648,	327.064941
1.520736,	397.085571
1.520824,	403.693451
1.520912,	360.262726
1.521,	326.851776
1.521088,	386.822723
1.521176,	420.101044
1.521265,	423.36615
1.521353,	379.967529
1.521441,	389.903107
1.521529,	383.175629
1.521617,	393.107422
1.521706,	319.764069
1.521794,	316.381622
1.521882,	332.979004
1.52197,	372.875671
1.522059,	382.800995
1.522147,	366.097778
1.522235,	356.055237
1.522323,	382.6138
1.522412,	415.816772
1.5225,	365.8591
1.522588,	375.775787
1.522677,	362.414886
1.522765,	369.004517
1.522854,	408.830231
1.522942,	398.793732
1.523031,	438.601562
1.523119,	378.730499
1.523207,	428.493561
1.523296,	352.038055
1.523384,	348.660065
1.523473,	375.163452
1.523561,	404.977692
1.52365,	408.23056
1.523739,	361.706299
1.523827,	351.693695
1.523916,	325.097748
1.524004,	368.162903
1.524093,	361.470367
1.524181,	354.779999
1.52427,	401.134369
1.524359,	394.439697
1.524448,	321.465607
1.524536,	427.446381
1.524625,	361.116699
1.524714,	387.557465
1.524802,	404.053802
1.524891,	437.101654
1.52498,	397.300293
1.525069,	370.753113
1.525157,	403.790161
1.525246,	400.41507
1.525335,	479.757935
1.525424,	377.127441
1.525513,	353.91275
1.525601,	419.996094
1.52569,	462.912262
1.525779,	396.717194
1.525868,	383.430695
1.525957,	399.892609
1.526046,	373.392487
1.526135,	373.331543
1.526224,	389.787018
1.526313,	356.695984
1.526402,	406.170776
1.526491,	363.182861
1.52658,	392.83371
1.526669,	359.763733
1.526758,	359.705017
1.526847,	402.539886
1.526936,	379.381378
1.527025,	428.795898
1.527114,	405.640656
1.527203,	389.087677
1.527292,	481.334961
1.527382,	421.923401
1.527471,	425.150238
1.52756,	392.128815
1.527649,	415.127411
1.527738,	461.177368
1.527828,	405.111115
1.527917,	398.458862
1.528006,	378.638733
1.528095,	385.160828
1.528185,	473.966705
1.528274,	434.398529
1.528363,	398.133606
1.528452,	398.068573
1.528542,	421.028564
1.528631,	417.671051
1.52872,	391.29715
1.52881,	394.520905
1.528899,	414.179291
1.528989,	397.678619
1.529078,	437.046448
1.529168,	463.259247
1.529257,	489.463501
1.529346,	446.685638
1.529436,	505.723175
1.529525,	459.673218
1.529615,	459.598145
1.529704,	449.676117
1.529794,	436.475555
1.529884,	459.372894
1.529973,	383.841766
1.530063,	455.942627
1.530152,	455.868134
1.530242,	400.049103
1.530331,	508.176025
1.530421,	422.864502
1.530511,	403.130493
1.530601,	429.280182
1.53069,	422.657227
1.53078,	448.795166
1.53087,	425.794403
1.530959,	478.121735
1.531049,	464.946503
1.531139,	471.417969
1.531229,	432.0625
1.531318,	484.354523
1.531408,	467.914703
1.531498,	497.282593
1.531588,	480.845978
1.531678,	464.414764
1.531767,	474.148804
1.531857,	474.071289
1.531947,	542.641174
1.532037,	503.331787
1.532127,	441.160278
1.532217,	454.15744
1.532307,	493.284607
1.532397,	421.346405
1.532487,	480.060425
1.532577,	509.368591
1.532667,	453.786255
1.532757,	489.61731
1.532847,	388.366211
1.532937,	401.354889
1.533027,	424.126862
1.533117,	446.891357
1.533207,	450.079712
1.533297,	482.615265
1.533388,	502.098602
1.533478,	472.677856
1.533568,	485.637787
1.533658,	479.040802
1.533748,	540.869141
1.533838,	553.811523
1.533929,	475.548584
1.534019,	478.727417
1.534109,	488.41748
1.534199,	481.826385
1.53429,	488.25766
1.53438,	484.923279
1.53447,	501.113861
1.534561,	501.031891
1.534651,	465.167755
1.534741,	442.324921
1.534832,	468.267426
1.534922,	468.190796
1.535012,	507.123688
1.535103,	461.537048
1.535193,	493.958832
1.535284,	464.635223
1.535374,	477.553833
1.535465,	441.746216
1.535555,	500.130768
1.535645,	552.002014
1.535736,	509.706665
1.535827,	509.62326
1.535917,	522.521729
1.536008,	558.130615
1.536098,	486.66214
1.536189,	515.777405
1.536279,	505.962952
1.53637,	538.30835
1.536461,	512.28186
1.536551,	479.780426
1.536642,	518.596619
1.536733,	502.308228
1.536823,	528.147339
1.536914,	550.738342
1.537005,	489.105133
1.537095,	469.593567
1.537186,	463.040588
1.537277,	501.814972
1.537368,	472.599915
1.537459,	417.502777
1.537549,	511.276276
1.53764,	488.544769
1.537731,	575.806152
1.537822,	520.728149
1.537913,	533.578064
1.538004,	527.024109
1.538095,	556.032532
1.538185,	552.709229
1.538276,	597.862366
1.538367,	526.678894
1.538458,	597.666504
1.538549,	516.816101
1.53864,	516.731445
1.538731,	448.836884
1.538822,	564.989868
1.538913,	506.793579
1.539004,	487.345795
1.539095,	471.131317
1.539186,	448.46936
1.539277,	458.073486
1.539369,	528.955933
1.53946,	522.419617
1.539551,	528.782593
1.539642,	519.024658
1.539733,	522.162842
1.539824,	509.186493
1.539915,	544.546936
1.540007,	602.447266
1.540098,	512.157349
1.540189,	586.146912
1.54028,	553.85022
1.540372,	605.271973
1.540463,	511.821655
1.540554,	592.199646
1.540646,	617.846191
1.540737,	530.874512
1.540828,	566.17334
1.54092,	614.32605
1.541011,	559.556091
1.541102,	543.387756
1.541194,	549.728271
1.541285,	575.352234
1.541377,	546.33429
1.541468,	539.818298
1.54156,	552.580505
1.541651,	568.550659
1.541743,	565.24585
1.541834,	555.519836
1.541926,	484.796204
1.542017,	590.648193
1.542109,	539.199036
1.5422,	645.007324
1.542292,	638.484619
1.542383,	580.637024
1.542475,	615.823303
1.542567,	586.860352
1.542658,	609.208618
1.54275,	589.873657
1.542842,	673.11499
1.542933,	624.9328
1.543025,	583.174988
1.543117,	586.28302
1.543208,	486.887451
1.5433,	509.226349
1.543392,	521.951416
1.543484,	537.873962
1.543576,	544.187927
1.543667,	521.69458
1.543759,	579.209961
1.543851,	582.314453
1.543943,	582.218933
1.544035,	623.703674
1.544127,	614.007446
1.544219,	543.563232
1.544311,	597.821411
1.544402,	591.330566
1.544494,	677.521667
1.544586,	661.433777
1.544678,	725.221436
1.54477,	645.2453
1.544862,	645.139404
1.544954,	600.328247
1.545046,	648.120361
1.545138,	628.86084
1.545231,	584.074341
1.545323,	663.756958
1.545415,	618.97937
1.545507,	615.687683
1.545599,	596.449219
1.545691,	640.997925
1.545783,	593.06488
1.545875,	589.77948
1.545967,	643.869751
1.54606,	576.838074
1.546152,	618.166931
1.546244,	579.834534
1.546336,	665.744629
1.546429,	630.601868
1.546521,	691.000732
1.546613,	748.195862
1.546706,	604.824951
1.546798,	627.005005
1.54689,	649.177734
1.546983,	687.25177
1.547075,	633.058533
1.547167,	639.315918
1.54726,	623.31012
1.547352,	635.92627
1.547445,	677.150269
1.547537,	648.431763
1.547629,	654.681335
1.547722,	603.733154
1.547814,	575.040771
1.547907,	644.829285
1.548,	622.491516
1.548092,	625.564697
1.548185,	546.088562
1.548277,	679.324158
1.54837,	637.951965
1.548462,	691.794434
1.548555,	691.680786
1.548648,	745.496643
1.54874,	735.858765
1.548833,	704.024963
1.548926,	745.129211
1.549018,	684.772156
1.549111,	773.411804
1.549204,	735.254272
1.549296,	709.784058
1.549389,	696.994751
1.549482,	706.383118
1.549575,	652.426025
1.549667,	674.484924
1.54976,	718.699158
1.549853,	623.614319
1.549946,	620.346802
1.550039,	721.509277
1.550132,	651.782776
1.550225,	680.146912
1.550318,	680.035095
1.55041,	714.710083
1.550503,	739.887878
1.550596,	771.380188
1.550689,	787.057739
1.550782,	783.767944
1.550875,	729.921875
1.550968,	755.076355
1.551061,	764.428589
1.551154,	805.360474
1.551247,	802.070312
1.55134,	776.680481
1.551434,	735.515381
1.551527,	757.487854
1.55162,	691.093994
1.551713,	713.066406
1.551806,	725.567688
1.551899,	782.222595
1.551992,	719.021851
1.552086,	712.597412
1.552179,	747.158386
1.552272,	756.491638
1.552365,	718.548828
1.552458,	756.242737
1.552552,	800.22522
1.552645,	768.593872
1.552738,	752.720093
1.552832,	699.064331
1.552925,	834.33136
1.553018,	846.785706
1.553112,	868.67804
1.553205,	811.891479
1.553298,	887.270264
1.553392,	858.811768
1.553485,	805.200134
1.553579,	808.212402
1.553672,	874.109253
1.553766,	807.946411
1.553859,	889.53772
1.553953,	773.110474
1.554046,	760.414368
1.55414,	757.147522
1.554233,	826.128723
1.554327,	753.757629
1.55442,	719.092041
1.554514,	778.626465
1.554608,	816.167542
1.554701,	831.726135
1.554795,	869.246094
1.554888,	784.388977
1.554982,	803.082031
1.555076,	928.410767
1.55517,	900.033813
1.555263,	899.88562
1.555357,	871.522705
1.555451,	827.496765
1.555544,	902.575073
1.555638,	902.426453
1.555732,	896.012024
1.555826,	855.143311
1.55592,	867.530029
1.556013,	873.649841
1.556107,	907.945251
1.556201,	776.321838
1.556295,	876.348022
1.556389,	904.367371
1.556483,	857.286682
1.556577,	832.119263
1.556671,	828.854431
1.556765,	916.280579
1.556859,	869.22876
1.556953,	884.716614
1.557047,	956.461792
1.557141,	978.18042
1.557235,	931.149292
1.557329,	927.871765
1.557423,	965.202454
1.557517,	1064.983154
1.557611,	1014.846008
1.557705,	1014.678772
1.557799,	952.080078
1.557894,	986.254822
1.557988,	973.610107
1.558082,	917.289124
1.558176,	973.289246
1.55827,	935.700806
1.558364,	985.442383
1.558459,	982.161987
1.558553,	963.295288
1.558647,	960.019592
1.558742,	1003.491394
1.558836,	990.862305
1.55893,	1021.852966
1.559025,	987.420715
1.559119,	1033.973633
1.559213,	1052.486328
1.559308,	1024.292603
1.559402,	1101.944702
1.559496,	1120.43689
1.559591,	1089.134033
1.559685,	1160.514404
1.55978,	1135.436646
1.559874,	1231.667969
1.559969,	1209.696533
1.560063,	1172.186035
1.560158,	1075.621948
1.560252,	1056.795288
1.560347,	1121.882812
1.560441,	1025.374756
1.560536,	1009.67218
1.560631,	1025.036499
1.560725,	1108.720215
1.56082,	1068.17041
1.560915,	1123.877563
1.561009,	980.902588
1.561104,	1145.232056
1.561199,	1194.692749
1.561293,	1132.443848
1.561388,	1122.950806
1.561483,	1163.085815
1.561578,	1197.005493
1.561672,	1243.31604
1.561767,	1271.01123
1.561862,	1289.39856
1.561957,	1267.492798
1.562051,	1264.185059
1.562146,	1167.939087
1.562241,	1242.085571
1.562336,	1223.298828
1.562431,	1133.299927
1.562526,	1188.839722
1.562621,	1173.166382
1.562716,	1145.11853
1.562811,	1191.345581
1.562906,	1129.270996
1.563001,	1095.057373
1.563096,	1193.848511
1.563191,	1196.743896
1.563286,	1184.178833
1.563381,	1177.800659
1.563476,	1279.603638
1.563571,	1310.295532
1.563666,	1242.103394
1.563761,	1260.434082
1.563856,	1272.581177
1.563951,	1343.401367
1.564047,	1306.126343
1.564142,	1305.910645
1.564237,	1321.128784
1.564332,	1234.49585
1.564427,	1252.806396
1.564523,	1193.980225
1.564618,	1203.037231
1.564713,	1215.175293
1.564808,	1208.807251
1.564904,	1116.112061
1.564999,	1189.911865
1.565094,	1109.579102
1.56519,	1238.825195
1.565285,	1189.322266
1.565381,	1259.980469
1.565476,	1238.211426
1.565571,	1278.04187
1.565667,	1280.90979
1.565762,	1329.955811
1.565858,	1338.970337
1.565953,	1351.059448
1.566049,	1393.915283
1.566144,	1424.450562
1.56624,	1344.237671
1.566335,	1334.788818
1.566431,	1374.543823
1.566526,	1334.347656
1.566622,	1288.016846
1.566718,	1340.053711
1.566813,	1281.445068
1.566909,	1287.378296
1.567005,	1253.373535
1.5671,	1268.523804
1.567196,	1286.73999
1.567292,	1274.245361
1.567387,	1338.503906
1.567483,	1372.046631
1.567579,	1331.923462
1.567675,	1340.908569
1.56777,	1395.90979
1.567866,	1315.925903
1.567962,	1438.38501
1.568058,	1465.744873
1.568154,	1391.920776
1.568249,	1535.764404
1.568345,	1535.510376
1.568441,	1449.453735
1.568537,	1507.427612
1.568633,	1433.657471
1.568729,	1457.92334
1.568825,	1457.682129
1.568921,	1469.688477
1.569017,	1426.586548
1.569113,	1371.255493
1.569209,	1416.933594
1.569305,	1327.964355
1.569401,	1333.863281
1.569497,	1431.524658
1.569593,	1348.713501
1.569689,	1449.397827
1.569785,	1439.986206
1.569881,	1552.849121
1.569978,	1598.436401
1.570074,	1604.283569
1.57017,	1591.796997
1.570266,	1530.438232
1.570362,	1679.84375
1.570459,	1719.264648
1.570555,	1667.074829
1.570651,	1685.115479
1.570747,	1654.314209
1.570844,	1641.833374
1.57094,	1513.410034
1.571036,	1604.681274
1.571133,	1580.013916
1.571229,	1613.299316
1.571325,	1558.146484
1.571422,	1512.157959
1.571518,	1508.859375
1.571615,	1578.706665
1.571711,	1584.539673
1.571807,	1590.370728
1.571904,	1556.599365
1.572,	1586.798462
1.572097,	1635.258423
1.572193,	1720.238525
1.57229,	1738.218628
1.572386,	1774.454712
1.572483,	1740.686157
1.57258,	1767.781738
1.572676,	1870.922119
1.572773,	1751.988037
1.572869,	1879.425903
1.572966,	1751.407837
1.573063,	1702.475586
1.573159,	1708.272827
1.573256,	1668.481201
1.573353,	1695.55249
1.573449,	1631.471069
1.573546,	1652.464111
1.573643,	1649.153198
1.57374,	1630.6604
1.573836,	1736.654053
1.573933,	1587.621582
1.57403,	1711.797852
1.574127,	1741.860229
1.574224,	1753.707886
1.574321,	1823.190063
1.574417,	1831.987183
1.574515,	1880.205078
1.574611,	1861.700928
1.574708,	2000.845215
1.574805,	1876.23938
1.574902,	1927.448242
1.574999,	2024.091187
1.575096,	1911.661499
1.575193,	1908.315552
1.57529,	1926.170654
1.575387,	1862.261963
1.575484,	1698.464722
1.575581,	1779.91394
1.575678,	1858.309448
1.575776,	1842.871094
1.575873,	1818.361084
1.57597,	1984.437744
1.576067,	1920.59314
1.576164,	1853.745483
1.576261,	2028.804199
1.576358,	2019.398682
1.576456,	2061.379395
1.576553,	2061.037598
1.57665,	2084.868164
1.576747,	2166.09082
1.576845,	2192.916504
1.576942,	2126.111816
1.577039,	2161.993652
1.577137,	2206.920898
1.577234,	2179.387939
1.577331,	2182.044434
1.577429,	2269.191162
1.577526,	2232.610352
1.577623,	2208.107666
1.577721,	2126.308105
1.577819,	2044.535889
1.577916,	2176.858398
1.578013,	2134.293701
1.578111,	2239.430908
1.578208,	2157.693848
1.578306,	2250.73999
1.578403,	2280.491943
1.578501,	2234.933105
1.578599,	2361.046875
1.578696,	2589.493896
1.578794,	2531.864014
1.578891,	2570.574463
1.578989,	2669.462646
1.579087,	2641.938232
1.579184,	2674.593506
1.579282,	2511.715332
1.57938,	2631.600342
1.579477,	2598.085938
1.579575,	2603.667725
1.579673,	2495.017822
1.579771,	2485.587158
1.579868,	2539.265381
1.579966,	2589.921143
1.580064,	2466.324951
1.580162,	2435.880127
1.58026,	2618.661865
1.580358,	2579.193848
1.580456,	2635.804688
1.580553,	2542.318604
1.580651,	2709.955811
1.580749,	2763.515869
1.580847,	2739.056396
1.580945,	2825.588867
1.581043,	2786.131592
1.581141,	2920.604492
1.581239,	2971.08667
1.581337,	2958.602783
1.581435,	3003.067383
1.581533,	2912.671387
1.581631,	2807.324951
1.581729,	2818.84082
1.581828,	2773.446289
1.581926,	2769.990967
1.582024,	2751.566162
1.582122,	2709.19873
1.58222,	2735.686523
1.582318,	2762.165283
1.582417,	2707.848633
1.582515,	2725.348389
1.582613,	2814.628418
1.582711,	2844.066895
1.58281,	2822.663574
1.582908,	2998.581543
1.583006,	2986.126709
1.583104,	3042.414307
1.583203,	3089.718506
1.583301,	3217.672852
1.5834,	3118.562744
1.583498,	3103.111328
1.583596,	3189.193359
1.583695,	3290.175049
1.583793,	3185.147949
1.583892,	3023.44751
1.58399,	3055.770508
1.584089,	3070.180908
1.584187,	3015.973633
1.584285,	3063.19458
1.584384,	2889.719727
1.584483,	2993.597656
1.584581,	3022.911621
1.58468,	3132.694092
1.584778,	3126.212891
1.584877,	3122.713135
1.584976,	3143.04834
1.585074,	3249.758545
1.585173,	3469.60498
1.585272,	3466.050293
1.58537,	3480.359863
1.585469,	3301.177979
1.585568,	3473.249756
1.585667,	3439.938965
1.585765,	3427.46582
1.585864,	3409.047119
1.585963,	3420.376953
1.586062,	3333.569336
1.586161,	3335.988037
1.586259,	3287.868896
1.586358,	3278.405029
1.586457,	3280.831299
1.586556,	3182.233398
1.586655,	3184.674561
1.586754,	3308.896484
1.586853,	3284.587646
1.586952,	3349.365479
1.587051,	3390.371338
1.58715,	3499.634277
1.587249,	3540.601318
1.587348,	3581.554443
1.587447,	3580.958252
1.587546,	3648.587891
1.587645,	3564.937012
1.587744,	3742.26416
1.587843,	3866.165039
1.587942,	3788.447998
1.588041,	3758.178711
1.588141,	3757.552979
1.58824,	3644.338135
1.588339,	3605.220215
1.588438,	3572.039307
1.588537,	3583.290039
1.588637,	3559.006104
1.588736,	3688.671631
1.588835,	3614.059326
1.588935,	3616.416992
1.589034,	3837.734375
1.589133,	3804.55249
1.589232,	3874.909424
1.589332,	3892.008789
1.589431,	4068.77832
1.589531,	4136.099121
1.58963,	4259.561035
1.589729,	4309.094727
1.589829,	4340.881836
1.589928,	4487.883789
1.590028,	4463.503906
1.590127,	4409.597168
1.590227,	4476.781738
1.590326,	4411.080566
1.590426,	4404.441406
1.590525,	4332.870117
1.590625,	4252.469727
1.590724,	4378.635254
1.590824,	4369.055664
1.590924,	4592.495605
1.591023,	4355.803223
1.591123,	4478.917969
1.591223,	4513.548828
1.591322,	4828.191406
1.591422,	4682.977539
1.591522,	4838.368164
1.591622,	5087.983887
1.591721,	5128.374512
1.591821,	5209.983887
1.591921,	5315.123535
1.592021,	5479.111328
1.592121,	5531.184082
1.59222,	5403.70459
1.59232,	5617.621094
1.59242,	5337.173828
1.59252,	5509.845703
1.59262,	5305.981934
1.59272,	5246.282227
1.59282,	5442.404297
1.59292,	5156.339844
1.59302,	5184.872559
1.59312,	5245.722168
1.59322,	5318.304688
1.59332,	5238.09668
1.59342,	5413.461914
1.59352,	5562.336426
1.59362,	5511.491211
1.59372,	5578.096191
1.59382,	5732.73877
1.59392,	5772.870605
1.59402,	5771.907715
1.59412,	5891.233398
1.594221,	5828.649414
1.594321,	5865.804688
1.594421,	5782.718262
1.594521,	5723.114746
1.594621,	5575.588379
1.594722,	5583.450684
1.594822,	5324.638672
1.594922,	5370.629395
1.595023,	5237.906738
1.595123,	5295.612305
1.595223,	5394.297363
1.595324,	5367.044922
1.595424,	5269.541016
1.595524,	5321.347656
1.595625,	5387.77002
1.595725,	5544.87793
1.595826,	5549.803223
1.595926,	5469.899414
1.596027,	5697.104492
1.596127,	5842.358398
1.596228,	5756.598145
1.596328,	5910.5625
1.596429,	5944.647461
1.596529,	5727.415527
1.59663,	5922.210449
1.59673,	5743.029785
1.596831,	5581.433105
1.596932,	5688.54834
1.597032,	5614.605469
1.597133,	5648.698242
1.597234,	5487.224121
1.597334,	5570.937012
1.597435,	5418.282715
1.597536,	5604.083496
1.597636,	5676.066895
1.597737,	5736.36084
1.597838,	5761.64502
1.597939,	5813.158203
1.59804,	6118.244629
1.59814,	6309.569824
1.598241,	6299.773926
1.598342,	6342.421875
1.598443,	6350.100586
1.598544,	6448.061523
1.598645,	6441.160156
1.598746,	6396.412109
1.598847,	6386.610352
1.598948,	6379.722168
1.599049,	6308.816406
1.59915,	6118.645508
1.599251,	6167.075684
1.599352,	6166.044922
1.599453,	6188.27832
1.599554,	6271.5625
1.599655,	6232.722656
1.599756,	6304.344727
1.599857,	6480.561523
1.599958,	6616.041016
1.600059,	6629.460449
1.60016,	6825.866699
1.600262,	7048.34375
1.600363,	7174.92627
1.600464,	7379.851074
1.600565,	7245.09375
1.600667,	7386.089844
1.600768,	7477.708984
1.600869,	7505.470703
1.600971,	7396.888184
1.601072,	7369.548828
1.601173,	7116.036133
1.601274,	7355.486328
1.601376,	7032.489258
1.601477,	7066.092773
1.601579,	7157.641113
1.60168,	6907.271973
1.601781,	7053.856445
1.601883,	7142.463867
1.601984,	7271.583984
1.602086,	7574.384766
1.602187,	7419.686523
1.602289,	7678.944824
1.60239,	7790.523926
1.602492,	7890.491699
1.602594,	8004.890625
1.602695,	8012.228516
1.602797,	8022.455566
1.602898,	8029.787598
1.603,	8164.322754
1.603102,	8047.333496
1.603203,	8019.976074
1.603305,	7888.601562
1.603407,	7777.494629
1.603508,	7539.325195
1.60361,	7561.167969
1.603712,	7557.014648
1.603814,	7521.103027
1.603915,	7294.681641
1.604017,	7302.118652
1.604119,	7419.210938
1.604221,	7602.624512
1.604323,	7529.232422
1.604425,	7810.630859
1.604527,	7861.231445
1.604629,	7923.347656
1.60473,	7973.911621
1.604832,	8168.575684
1.604934,	8043.287598
1.605036,	8232.111328
1.605138,	8164.472168
1.60524,	8376.254883
1.605342,	7945.741699
1.605444,	8131.575195
1.605547,	7781.857422
1.605649,	7760.404297
1.605751,	7531.741699
1.605853,	7708.88623
1.605955,	7721.97998
1.606057,	7502.067383
1.606159,	7653.242188
1.606261,	7850.375977
1.606364,	7843.310059
1.606466,	8086.339355
1.606568,	8148.21582
1.60667,	8442.837891
1.606773,	8335.115234
1.606875,	8626.734375
1.606977,	8872.298828
1.60708,	8951.220703
1.607182,	8794.671875
1.607284,	8890.804688
1.607387,	8880.703125
1.607489,	8887.824219
1.607591,	8800.253906
1.607694,	8678.286133
1.607796,	8702.646484
1.607899,	8741.337891
1.608001,	8375.710938
1.608104,	8477.515625
1.608206,	8539.15625
1.608309,	8652.363281
1.608411,	9014.829102
1.608514,	8824.226562
1.608616,	9126.386719
1.608719,	9336.795898
1.608822,	9509.907227
1.608924,	9920.59668
1.609027,	9918.932617
1.60913,	10295.069336
1.609232,	10445.009766
1.609335,	10397.478516
1.609438,	10281.306641
1.60954,	10688.591797
1.609643,	10446.581055
1.609746,	10261.836914
1.609849,	10202.939453
1.609951,	10135.486328
1.610054,	10016.616211
1.610157,	10120.65625
1.61026,	10350.362305
1.610363,	10111.546875
1.610466,	10301.194336
1.610569,	10356.574219
1.610672,	10731.686523
1.610775,	10884.025391
1.610878,	11170.450195
1.610981,	11322.663086
1.611084,	11540.445312
1.611187,	11926.452148
1.61129,	11878.817383
1.611393,	12144.871094
1.611496,	12262.579102
1.611599,	12240.56543
1.611702,	12061.801758
1.611805,	12170.913086
1.611908,	11832.665039
1.612011,	12021.541992
1.612114,	11737.548828
1.612218,	11923.52832
1.612321,	11668.119141
1.612424,	12039.089844
1.612527,	11704.048828
1.61263,	11929.75
1.612734,	12072.859375
1.612837,	11851.775391
1.61294,	12421.509766
1.613044,	12683.908203
1.613147,	12968.964844
1.61325,	13219.810547
1.613354,	13456.359375
1.613457,	13567.779297
1.613561,	13625.171875
1.613664,	13662.657227
1.613768,	13796.708984
1.613871,	13683.626953
1.613974,	13428.600586
1.614078,	13525.713867
1.614181,	13188.477539
1.614285,	12945.014648
1.614388,	12636.365234
1.614492,	12798.800781
1.614596,	12683.178711
1.614699,	12729.263672
1.614803,	12908.616211
1.614907,	12841.233398
1.61501,	13417.385742
1.615114,	13349.939453
1.615217,	13716.102539
1.615321,	13682.628906
1.615425,	14037.280273
1.615529,	14278.513672
1.615632,	14344.080078
1.615736,	14369.983398
1.61584,	14608.206055
1.615944,	14475.542969
1.616048,	14342.924805
1.616151,	14131.120117
1.616255,	13975.969727
1.616359,	13687.923828
1.616463,	13473.506836
1.616567,	13409.03125
1.616671,	13033.580078
1.616775,	13331.024414
1.616879,	13063.110352
1.616983,	13354.797852
1.617087,	13143.475586
1.617191,	13627.140625
1.617295,	13946.828125
1.617399,	14032.023438
1.617503,	14097.424805
1.617607,	14538.257812
1.617711,	14716.450195
1.617815,	14852.251953
1.61792,	15100.870117
1.618024,	15146.286133
1.618128,	15013.990234
1.618232,	14760.472656
1.618336,	14397.075195
1.618441,	14155.022461
1.618545,	14070.897461
1.618649,	13769.798828
1.618753,	13778.750977
1.618858,	13753.893555
1.618962,	13757.211914
1.619066,	13684.487305
1.619171,	14003.189453
1.619275,	13831.90918
1.61938,	14426.337891
1.619484,	14359.177734
1.619588,	14821.060547
1.619693,	15094.285156
1.619797,	15302.717773
1.619902,	15454.830078
1.620006,	15381.925781
1.620111,	15185.335938
1.620215,	15092.823242
1.62032,	15267.350586
1.620424,	14964.091797
1.620529,	14680.602539
1.620633,	14540.478516
1.620738,	14501.514648
1.620843,	14139.614258
1.620947,	13878.915039
1.621052,	14042.208008
1.621157,	14118.433594
1.621261,	14158.150391
1.621366,	14155.764648
1.621471,	14198.266602
1.621576,	14392.220703
1.62168,	15001.171875
1.621785,	15009.859375
1.62189,	15324.129883
1.621995,	15265.485352
1.6221,	15596.420898
1.622205,	15845.982422
1.622309,	16129.079102
1.622414,	15871.454102
1.622519,	15669.927734
1.622624,	15625.283203
1.622729,	15345.472656
1.622834,	15099.347656
1.622939,	14741.352539
1.623044,	14626.933594
1.623149,	14881.871094
1.623254,	14507.307617
1.623359,	14776.163086
1.623464,	14879.936523
1.623569,	15171.004883
1.623675,	15394.882812
1.62378,	15864.648438
1.623885,	16018.46875
1.62399,	16295.175781
1.624095,	16412.552734
1.6242,	16920.931641
1.624306,	16954.382812
1.624411,	17152.5625
1.624516,	16934.703125
1.624621,	16968.132812
1.624727,	16694.5625
1.624832,	16555.019531
1.624937,	16245.342773
1.625043,	16083.606445
1.625148,	15737.855469
1.625253,	15671.06543
1.625359,	15699.088867
1.625464,	15796.789062
1.62557,	16175.947266
1.625675,	16089.620117
1.625781,	16440.738281
1.625886,	16883.662109
1.625992,	17262.378906
1.626097,	17409.837891
1.626203,	17919.193359
1.626308,	17985.761719
1.626414,	18274.96875
1.626519,	18444.417969
1.626625,	18605.460938
1.626731,	18630.138672
1.626836,	18429.513672
1.626942,	18095.472656
1.627048,	18114.660156
1.627153,	17686.263672
1.627259,	17649.921875
1.627365,	17349.583984
1.62747,	17241.066406
1.627576,	17496.519531
1.627682,	17415.789062
1.627788,	17671.125
1.627894,	18270.683594
1.627999,	18897.800781
1.628105,	18936.246094
1.628211,	19388.195312
1.628317,	19909.361328
1.628423,	20086.330078
1.628529,	20659.904297
1.628635,	20642.546875
1.628741,	20824.845703
1.628847,	20885.09375
1.628953,	20892.652344
1.629059,	20340.357422
1.629165,	20201.136719
1.629271,	19942.826172
1.629377,	19751.085938
1.629483,	19739.439453
1.629589,	19464.720703
1.629695,	19583.253906
1.629802,	19862.306641
1.629908,	20049.927734
1.630014,	20442.265625
1.63012,	20881.507812
1.630226,	21107.587891
1.630332,	21535.503906
1.630439,	21769.693359
1.630545,	22565.09375
1.630651,	22906.84375
1.630758,	22748.183594
1.630864,	23274.945312
1.63097,	23146.667969
1.631077,	23244.972656
1.631183,	23138.839844
1.631289,	22419.640625
1.631396,	22385.474609
1.631502,	22254.691406
1.631609,	21908.648438
1.631715,	21907.701172
1.631822,	21934.349609
1.631928,	21903.048828
1.632035,	21766.9375
1.632141,	22469.298828
1.632248,	22716.431641
1.632354,	23073.761719
1.632461,	23433.726562
1.632568,	24430.232422
1.632674,	24701.662109
1.632781,	25328.419922
1.632888,	25125.792969
1.632994,	25311.583984
1.633101,	25464.265625
1.633208,	25374.603516
1.633315,	24929.851562
1.633421,	24710.945312
1.633528,	24216.919922
1.633635,	24017.466797
1.633742,	23215.613281
1.633849,	23544.496094
1.633955,	22753.994141
1.634062,	22923.365234
1.634169,	23087.179688
1.634276,	23286.671875
1.634383,	23598.771484
1.63449,	24358.644531
1.634597,	24862.763672
1.634704,	25613.923828
1.634811,	25741.410156
1.634918,	26121.472656
1.635025,	26257.0625
1.635132,	26521.619141
1.635239,	26355.203125
1.635346,	26427.572266
1.635453,	26354.505859
1.63556,	25933.091797
1.635667,	26093.255859
1.635774,	25219.572266
1.635882,	24839.689453
1.635989,	24854.667969
1.636096,	24976.53125
1.636203,	24953.117188
1.636311,	25020.125
1.636418,	25596.628906
1.636525,	25770.320312
1.636633,	26362.931641
1.63674,	26958.080078
1.636847,	27388.775391
1.636955,	28057.445312
1.637062,	28342.767578
1.637169,	28381.740234
1.637277,	28861.138672
1.637384,	29094.207031
1.637492,	28867.761719
1.637599,	28769.904297
1.637707,	28538.121094
1.637814,	28489.548828
1.637922,	28164.970703
1.638029,	27706.615234
1.638137,	27619.958984
1.638244,	27732.728516
1.638352,	27449.460938
1.638459,	28192.978516
1.638567,	28327.431641
1.638675,	29005.033203
1.638782,	29821.591797
1.63889,	30798.867188
1.638998,	31099.205078
1.639106,	31925.902344
1.639213,	32629.587891
1.639321,	32929.457031
1.639429,	33302.839844
1.639537,	33905.070312
1.639644,	33446.890625
1.639752,	33476.640625
1.63986,	33190.332031
1.639968,	32653.505859
1.640076,	32470.929688
1.640184,	32111.408203
1.640292,	31869.083984
1.6404,	31259.341797
1.640508,	31624.195312
1.640616,	31711.351562
1.640724,	32454.201172
1.640832,	31899.173828
1.64094,	32962.6875
1.641048,	33326.9375
1.641156,	34074.441406
1.641264,	34748.289062
1.641372,	35060.402344
1.64148,	35424.046875
1.641588,	35733.21875
1.641696,	35930.902344
1.641805,	35664.042969
1.641913,	35386.410156
1.642021,	34723.296875
1.642129,	34451.34375
1.642238,	34350.492188
1.642346,	33473.488281
1.642454,	33182.890625
1.642562,	32851.691406
1.642671,	32932.914062
1.642779,	32854.09375
1.642887,	33138.652344
1.642996,	34073.792969
1.643104,	34011.082031
1.643213,	34466.042969
1.643321,	35264.988281
1.64343,	35557.019531
1.643538,	36507.203125
1.643646,	36349.328125
1.643755,	36532.707031
1.643863,	36680.824219
1.643972,	36146.722656
1.644081,	36053.96875
1.644189,	35341.550781
1.644298,	35016.277344
1.644406,	34509.871094
1.644515,	34073.953125
1.644624,	33724.722656
1.644732,	33516.203125
1.644841,	33594.308594
1.64495,	33534.539062
1.645059,	33934.199219
1.645167,	34247.261719
1.645276,	35211.273438
1.645385,	35661.761719
1.645494,	36382.152344
1.645603,	36502.867188
1.645711,	37090.585938
1.64582,	37095.074219
1.645929,	36907.949219
1.646038,	36739.773438
1.646147,	36412.484375
1.646256,	35591.6875
1.646365,	35458.878906
1.646474,	34695.144531
1.646583,	34190.484375
1.646692,	33529.65625
1.646801,	33203.238281
1.64691,	32917.347656
1.647019,	33111.113281
1.647128,	33382.929688
1.647237,	33662.730469
1.647346,	34068.996094
1.647455,	34259.738281
1.647565,	35056.082031
1.647674,	35620.691406
1.647783,	35743.792969
1.647892,	36547.546875
1.648001,	36299.222656
1.648111,	36766.40625
1.64822,	36526.195312
1.648329,	36237.667969
1.648438,	35720.742188
1.648548,	34865.335938
1.648657,	34184.890625
1.648767,	33797.542969
1.648876,	33356.59375
1.648985,	32698.240234
1.649095,	32743.695312
1.649204,	33014.671875
1.649314,	33035.894531
1.649423,	33234.257812
1.649533,	33851.199219
1.649642,	33692.492188
1.649752,	34405.71875
1.649861,	35193.804688
1.649971,	35651.757812
1.65008,	35584.015625
1.65019,	35441.226562
1.6503,	35338.691406
1.650409,	35187.953125
1.650519,	34469.207031
1.650629,	34026.648438
1.650738,	33383.34375
1.650848,	32649.203125
1.650958,	32134.878906
1.651068,	31888.451172
1.651177,	31468.117188
1.651287,	31548.396484
1.651397,	31666.107422
1.651507,	32211.84375
1.651617,	32551.419922
1.651726,	32842.738281
1.651836,	33190.113281
1.651946,	33807.398438
1.652056,	34349.625
1.652166,	34720.613281
1.652276,	34925.800781
1.652386,	34986.636719
1.652496,	34825.734375
1.652606,	34451.222656
1.652716,	34074.160156
1.652826,	33707.910156
1.652936,	33213.644531
1.653046,	32441.972656
1.653156,	32591.214844
1.653267,	32148.085938
1.653377,	32113.257812
1.653487,	31934.412109
1.653597,	32022.300781
1.653707,	32534.097656
1.653818,	32853.777344
1.653928,	33789.054688
1.654038,	34252.316406
1.654148,	35280.285156
1.654259,	35151.722656
1.654369,	36259.09375
1.654479,	35965.289062
1.65459,	36076.308594
1.6547,	36453.507812
1.65481,	35920.261719
1.654921,	35999.292969
1.655031,	35415.746094
1.655142,	35194.207031
1.655252,	34938.167969
1.655363,	35113.046875
1.655473,	35045.894531
1.655584,	34848.496094
1.655694,	34752.167969
1.655805,	35609.976562
1.655915,	36137.992188
1.656026,	37109.507812
1.656137,	37788.496094
1.656247,	38724.867188
1.656358,	39267.917969
1.656469,	40219.644531
1.656579,	40518.042969
1.65669,	41280.789062
1.656801,	41369.265625
1.656911,	41269.339844
1.657022,	40928.054688
1.657133,	40862.714844
1.657244,	40216.660156
1.657355,	39830.652344
1.657465,	39566.710938
1.657576,	39371.773438
1.657687,	39359.746094
1.657798,	39567.628906
1.657909,	39809.878906
1.65802,	40926.078125
1.658131,	41279.234375
1.658242,	42490.113281
1.658353,	43930.890625
1.658464,	44712.125
1.658575,	46157.316406
1.658686,	46313.472656
1.658797,	46691.789062
1.658908,	46831.925781
1.659019,	46818.628906
1.659131,	46575.304688
1.659242,	45805.976562
1.659353,	44817.53125
1.659464,	44540.3125
1.659575,	44046.519531
1.659686,	43053.589844
1.659798,	42826.996094
1.659909,	43149.785156
1.66002,	42537.742188
1.660132,	42855.1875
1.660243,	43526.222656
1.660354,	44133.6875
1.660466,	44579.984375
1.660577,	45152.765625
1.660688,	45443.105469
1.6608,	45962.789062
1.660911,	46292.441406
1.661023,	45446.148438
1.661134,	45599.164062
1.661246,	45198.675781
1.661357,	44226.515625
1.661469,	43302.113281
1.66158,	42356.949219
1.661692,	41873
1.661803,	40836.238281
1.661915,	40739.734375
1.662027,	40187.871094
1.662138,	39949.382812
1.66225,	40326.734375
1.662362,	40051.472656
1.662473,	40673.3125
1.662585,	41337.023438
1.662697,	41945.277344
1.662809,	42555.957031
1.66292,	43103.332031
1.663032,	43206.339844
1.663144,	43235.730469
1.663256,	43202.054688
1.663368,	43107.964844
1.66348,	42055.242188
1.663592,	41785.4375
1.663703,	41303.050781
1.663815,	40143.542969
1.663927,	39530.363281
1.664039,	38951.511719
1.664151,	38939.589844
1.664263,	38712.558594
1.664375,	38425.277344
1.664487,	39053.324219
1.6646,	39261.636719
1.664712,	39988.941406
1.664824,	40702.886719
1.664936,	40360.472656
1.665048,	40474.082031
1.66516,	40841.769531
1.665272,	40719.523438
1.665384,	39921.652344
1.665497,	39626.785156
1.665609,	38685.386719
1.665721,	37343.832031
1.665833,	36609.894531
1.665946,	35564.828125
1.666058,	34925.621094
1.66617,	34417.417969
1.666283,	33524.945312
1.666395,	33859.125
1.666508,	33435.019531
1.66662,	33941.613281
1.666732,	33559.457031
1.666845,	33752.289062
1.666957,	34613.871094
1.66707,	34887.433594
1.667182,	34998.976562
1.667295,	35366.375
1.667407,	35543.066406
1.66752,	35140.199219
1.667633,	34348.597656
1.667745,	33664.253906
1.667858,	32849.695312
1.66797,	32027.585938
1.668083,	31270.962891
1.668196,	30462.445312
1.668308,	30287.75
1.668421,	29964.53125
1.668534,	29534.5625
1.668647,	29964.669922
1.668759,	29623.431641
1.668872,	30006.486328
1.668985,	30152.396484
1.669098,	30540.435547
1.669211,	30290.453125
1.669324,	30873.570312
1.669437,	30909.914062
1.66955,	30620.958984
1.669662,	30464.796875
1.669775,	29699.962891
1.669888,	29289.119141
1.670001,	29008.4375
1.670115,	28184.443359
1.670228,	27610.292969
1.670341,	26914.177734
1.670454,	26732.845703
1.670567,	26621.724609
1.67068,	25772.865234
1.670793,	26152.847656
1.670906,	26278.203125
1.671019,	26522.949219
1.671132,	26853.28125
1.671246,	27245.791016
1.671359,	27666.712891
1.671472,	28170.517578
1.671585,	28238.316406
1.671699,	28428
1.671812,	28420.521484
1.671925,	28210.798828
1.672039,	27817.083984
1.672152,	27799.341797
1.672266,	27182.955078
1.672379,	26820.708984
1.672492,	26432.679688
1.672606,	26474.759766
1.672719,	25778.736328
1.672833,	25618.945312
1.672946,	25448.851562
1.67306,	25910.398438
1.673173,	26133.6875
1.673287,	26095.556641
1.6734,	26054.849609
1.673514,	26901.384766
1.673628,	27101.072266
1.673741,	26946.4375
1.673855,	27094.337891
1.673969,	26960.433594
1.674082,	27126.371094
1.674196,	26757.361328
1.67431,	25975.107422
1.674423,	25229.285156
1.674537,	24434.648438
1.674651,	23552.488281
1.674765,	22993.353516
1.674879,	22522.175781
1.674993,	21994.378906
1.675106,	21523.535156
1.67522,	22040.992188
1.675334,	21851.470703
1.675448,	21587.220703
1.675562,	22065.71875
1.675676,	22337.791016
1.67579,	22063.279297
1.675904,	22451.238281
1.676018,	22241.222656
1.676132,	21938.525391
1.676246,	21960.509766
1.67636,	21696.597656
1.676474,	21453.375
1.676589,	21418.785156
1.676703,	21013.517578
1.676817,	20505.435547
1.676931,	20463.304688
1.677045,	20197.34375
1.67716,	20358.503906
1.677274,	20277.837891
1.677388,	20284.632812
1.677502,	20934.208984
1.677617,	21087.416016
1.677731,	21574.701172
1.677845,	21768.861328
1.67796,	22541.060547
1.678074,	22768.380859
1.678188,	22972.505859
1.678303,	23184.263672
1.678417,	22900.402344
1.678532,	22760.398438
1.678646,	22592.207031
1.678761,	22347.083984
1.678875,	22161.060547
1.67899,	22185.460938
1.679104,	22138.033203
1.679219,	22429.136719
1.679334,	22886.802734
1.679448,	23262.273438
1.679563,	24329.671875
1.679677,	25583.78125
1.679792,	26611.974609
1.679907,	27949.796875
1.680022,	28623.753906
1.680136,	29123.330078
1.680251,	29676.503906
1.680366,	29533.142578
1.680481,	29087.791016
1.680596,	28970.171875
1.68071,	27690.912109
1.680825,	26939.107422
1.68094,	25942.005859
1.681055,	25193.318359
1.68117,	24588.078125
1.681285,	23612.345703
1.6814,	23477.912109
1.681515,	23409.970703
1.68163,	23357.382812
1.681745,	23151.525391
1.68186,	23515.357422
1.681975,	23498.53125
1.68209,	24122.630859
1.682205,	23873.378906
1.68232,	24504.853516
1.682435,	24148.427734
1.68255,	23932.470703
1.682666,	23387.470703
1.682781,	23120.699219
1.682896,	22522.46875
1.683011,	21868.345703
1.683127,	21341.921875
1.683242,	20721.365234
1.683357,	20383.917969
1.683472,	20092.453125
1.683588,	19806.185547
1.683703,	19527.65625
1.683818,	19934.330078
1.683934,	19831.578125
1.684049,	20059.839844
1.684165,	20257.472656
1.68428,	20643.376953
1.684396,	20932.449219
1.684511,	20966.998047
1.684627,	21004.078125
1.684742,	21109.814453
1.684858,	21337.572266
1.684973,	21466.095703
1.685089,	21048.037109
1.685205,	21186.730469
1.68532,	20939.119141
1.685436,	20574.71875
1.685552,	20238.388672
1.685667,	20090.121094
1.685783,	19535.599609
1.685899,	19184.386719
1.686014,	18840.910156
1.68613,	18528.007812
1.686246,	18428.375
1.686362,	17778.203125
1.686478,	17696.490234
1.686593,	17214.066406
1.686709,	16995.539062
1.686825,	16264.926758
1.686941,	16016.21875
1.687057,	15412.755859
1.687173,	14748.681641
1.687289,	14279.930664
1.687405,	13846.807617
1.687521,	13434.095703
1.687637,	13039.25293
1.687753,	12771.143555
1.687869,	12639.828125
1.687985,	12480.71582
1.688101,	12364.678711
1.688218,	12435.916016
1.688334,	12393.289062
1.68845,	12393.674805
1.688566,	12631.774414
1.688682,	12778.767578
1.688798,	12731.052734
1.688915,	12592.362305
1.689031,	12585.128906
1.689147,	12299.960938
1.689264,	12275.09668
1.68938,	12308.333984
1.689496,	11791.025391
1.689613,	11680.412109
1.689729,	11413.317383
1.689845,	11275.041992
1.689962,	11257.949219
1.690078,	11548.691406
1.690195,	11243.960938
1.690311,	11413.533203
1.690428,	11726.793945
1.690544,	11918.915039
1.690661,	12095.844727
1.690778,	12376.055664
1.690894,	12394.073242
1.691011,	12480.117188
1.691127,	12661.863281
1.691244,	12430.457031
1.691361,	12370.380859
1.691477,	12229.75
1.691594,	11955.739258
1.691711,	11837.882812
1.691828,	11480.983398
1.691944,	11328.021484
1.692061,	11285.806641
1.692178,	11188.268555
1.692295,	11291.957031
1.692412,	11385.550781
1.692529,	11574.645508
1.692646,	11524.880859
1.692762,	11799.333008
1.692879,	11970.666992
1.692996,	12079.133789
1.693113,	12054.433594
1.69323,	11966.956055
1.693347,	11861.931641
1.693464,	11915.107422
1.693581,	11498.87207
1.693699,	11132.974609
1.693816,	10960.415039
1.693933,	10687.563477
1.69405,	10316.978516
1.694167,	10214.871094
1.694284,	10025.037109
1.694402,	9950.59375
1.694519,	9978.948242
1.694636,	10165.183594
1.694753,	10030.614258
1.69487,	9913.628906
1.694988,	10260.091797
1.695105,	10383.536133
1.695223,	10351.686523
1.69534,	10249.74707
1.695457,	10250.47168
1.695575,	10278.726562
1.695692,	9974.165039
1.69581,	9819.821289
1.695927,	9540.458984
1.696045,	9518.795898
1.696162,	9419.62207
1.69628,	8752.953125
1.696397,	8698.94043
1.696515,	8742.417969
1.696632,	8693.422852
1.69675,	8949.249023
1.696868,	8607.972656
1.696985,	8781.305664
1.697103,	8874.670898
1.69722,	8638.444336
1.697338,	8696.854492
1.697456,	8782.697266
1.697574,	8658.899414
1.697691,	8562.588867
1.697809,	8506.223633
1.697927,	8345.126953
1.698045,	8064.391602
1.698163,	7960.77002
1.698281,	7797.358398
1.698399,	7556.740723
1.698516,	7445.784668
1.698635,	7446.98291
1.698753,	7338.575195
1.69887,	7618.737793
1.698988,	7639.826172
1.699106,	7581.234863
1.699224,	7779.062012
1.699342,	7834.95459
1.699461,	7739.032715
1.699579,	7899.408203
1.699697,	7977.637695
1.699815,	7757.383301
1.699933,	7711.274414
1.700051,	7588.106934
1.70017,	7467.467773
1.700288,	7130.639648
1.700406,	7039.941406
1.700524,	6825.046875
1.700643,	6756.789062
1.700761,	6864.896973
1.700879,	6771.823242
1.700998,	6907.200684
1.701116,	6831.52832
1.701234,	6850.196289
1.701353,	7020.230469
1.701471,	7152.988281
1.70159,	7057.479492
1.701708,	7237.309082
1.701827,	7402.196777
1.701945,	7301.734863
1.702064,	7439.285156
1.702182,	7398.334961
1.702301,	7325.184082
1.702419,	7390.806152
1.702538,	7260.705566
1.702657,	7229.721191
1.702775,	7030.355469
1.702894,	7034.083984
1.703013,	7300.212891
1.703131,	7430.120605
1.70325,	7421.403809
1.703369,	7575.986816
1.703488,	7876.467773
1.703607,	8013.603516
1.703725,	8210.041016
1.703844,	8507.78125
1.703963,	8548.325195
1.704082,	8576.49707
1.704201,	8575.003906
1.70432,	8469.739258
1.704439,	8159.474609
1.704558,	8279.078125
1.704677,	7931.912598
1.704796,	8118.177734
1.704915,	7721.787598
1.705034,	7767.338379
1.705153,	7768.453613
1.705272,	7628.931152
1.705391,	7590.599121
1.70551,	7700.267578
1.705629,	7787.703125
1.705749,	7998.387695
1.705868,	7812.106934
1.705987,	7966.024414
1.706106,	7782.27832
1.706226,	7645.40918
1.706345,	7550.46582
1.706464,	7450.629883
1.706583,	7412.392578
1.706703,	6940.828613
1.706822,	6609.74707
1.706941,	6635.669434
1.707061,	6632.052246
1.70718,	6451.283691
1.7073,	6339.458496
1.707419,	6508.064941
1.707539,	6565.950195
1.707658,	6734.458008
1.707778,	6620.202148
1.707897,	6705.07373
1.708017,	6851.351074
1.708137,	6928.78125
1.708256,	6949.682129
1.708376,	6788.820312
1.708495,	6890.776855
1.708615,	7103.186523
1.708735,	6809.817871
1.708855,	6784.085449
1.708974,	6510.506348
1.709094,	6335.166016
1.709214,	6253.106445
1.709334,	6323.14502
1.709453,	6557.463379
1.709573,	6529.348633
1.709693,	6493.88916
1.709813,	6713.348145
1.709933,	6793.046387
1.710053,	6774.709961
1.710173,	6969.506836
1.710293,	7068.712402
1.710413,	6798.101562
1.710533,	6787.121094
1.710653,	6722.287598
1.710773,	6454.325684
1.710893,	6492.354004
1.711013,	6425.158691
1.711133,	6306.613281
1.711253,	6185.663574
1.711373,	6079.428711
1.711494,	6112.597656
1.711614,	6143.310547
1.711734,	6271.779785
1.711854,	6390.428711
1.711975,	6606.769043
1.712095,	6766.847168
1.712215,	7078.302246
1.712335,	7387.206543
1.712456,	7520.206055
1.712576,	7733.717773
1.712697,	7915.424805
1.712817,	8104.38916
1.712937,	8224.96875
1.713058,	8235.729492
1.713178,	8324.536133
1.713299,	8201.149414
1.713419,	8272.863281
1.71354,	8407.933594
1.71366,	8479.584961
1.713781,	8553.648438
1.713902,	8873.772461
1.714022,	9091.469727
1.714143,	9365.110352
1.714264,	9672.748047
1.714384,	9980.277344
1.714505,	10297.436523
1.714626,	10414.900391
1.714746,	10634.53125
1.714867,	10815.154297
1.714988,	10990.849609
1.715109,	11127.566406
1.71523,	11089.142578
1.715351,	11177.165039
1.715471,	11445.049805
1.715592,	11209.714844
1.715713,	11331.69043
1.715834,	11716.03125
1.715955,	11825.729492
1.716076,	12370.152344
1.716197,	12367.988281
1.716318,	12606.197266
1.716439,	12810.335938
1.71656,	13033.820312
1.716681,	13218.397461
1.716802,	13473.273438
1.716923,	13740.188477
1.717045,	13725.65625
1.717166,	14067.609375
1.717287,	14171.830078
1.717408,	14278.4375
1.717529,	13948.731445
1.717651,	14101.382812
1.717772,	14091.645508
1.717893,	14239.373047
1.718015,	14631.676758
1.718136,	14646.066406
1.718257,	15018.790039
1.718379,	15684.298828
1.7185,	16274.541992
1.718622,	17200.949219
1.718743,	17311.654297
1.718864,	18152.886719
1.718986,	18176.314453
1.719108,	18668.871094
1.719229,	18588.230469
1.719351,	19039.445312
1.719472,	18951.517578
1.719594,	18887.783203
1.719715,	18821.654297
1.719837,	18815.941406
1.719959,	19179.767578
1.72008,	18968.730469
1.720202,	19344.472656
1.720324,	19715.255859
1.720446,	20409.328125
1.720567,	20910.103516
1.720689,	21417.941406
1.720811,	22007.619141
1.720933,	22761.097656
1.721055,	23000.666016
1.721176,	23753.705078
1.721298,	23790.523438
1.72142,	23793.582031
1.721542,	23767.722656
1.721664,	23590.082031
1.721786,	23272.783203
1.721908,	23396.353516
1.72203,	22860.0625
1.722152,	22588.800781
1.722274,	22741.310547
1.722396,	22655.490234
1.722518,	22894.564453
1.722641,	23253.851562
1.722763,	23391.701172
1.722885,	23709.886719
1.723007,	24107.316406
1.723129,	24394.007812
1.723252,	24368.091797
1.723374,	24291.712891
1.723496,	24078.386719
1.723618,	23353.378906
1.723741,	22960.126953
1.723863,	22153.90625
1.723985,	21650.539062
1.724108,	20902.453125
1.72423,	20137.824219
1.724353,	20007.085938
1.724475,	19739.611328
1.724598,	19157.927734
1.72472,	19209.738281
1.724843,	19182.382812
1.724965,	18960.798828
1.725088,	18875.953125
1.72521,	18764.767578
1.725333,	18656.017578
1.725456,	18523.341797
1.725578,	18072.060547
1.725701,	17848.503906
1.725824,	17368.759766
1.725946,	16664.087891
1.726069,	16230.207031
1.726192,	15643.276367
1.726314,	15295.886719
1.726437,	14429.352539
1.72656,	14687.600586
1.726683,	14046.333008
1.726806,	14022.339844
1.726929,	13462.71582
1.727052,	13799.847656
1.727175,	13534.477539
1.727298,	13565.55957
1.72742,	13173.675781
1.727543,	13180.916992
1.727666,	12958.837891
1.727789,	12462.180664
1.727912,	12065.988281
1.728036,	11490.875977
1.728159,	11152.282227
1.728282,	10966.550781
1.728405,	10434.884766
1.728528,	10065.638672
1.728651,	9875.424805
1.728775,	9422.932617
1.728898,	9223.360352
1.729021,	9317.102539
1.729144,	8974.595703
1.729268,	8641.743164
1.729391,	8604.480469
1.729514,	8440.960938
1.729638,	8327.521484
1.729761,	8090.278809
1.729884,	7679.293457
1.730008,	7542.239258
1.730131,	7076.746094
1.730255,	6977.924316
1.730378,	6407.995605
1.730502,	6297.430176
1.730625,	6022.775879
1.730749,	5700.652832
1.730872,	5580.758301
1.730996,	5289.732422
1.73112,	5153.312988
1.731243,	5069.225586
1.731367,	4966.158691
1.731491,	4993.793457
1.731614,	4741.130859
1.731738,	4721.296875
1.731862,	4594.618164
1.731986,	4382.517578
1.732109,	4255.942871
1.732233,	4131.785645
1.732357,	4066.992188
1.732481,	3741.258545
1.732605,	3640.976807
1.732729,	3519.38623
1.732853,	3419.178711
1.732976,	3162.538818
1.7331,	3067.169678
1.733225,	3080.848633
1.733348,	2973.679932
1.733473,	2923.405762
1.733597,	2901.572998
1.733721,	2912.902832
1.733845,	2829.516846
1.733969,	2807.71167
1.734093,	2710.171387
1.734217,	2683.661865
1.734341,	2451.30835
1.734466,	2337.322266
1.73459,	2313.257324
1.734714,	2237.17334
1.734838,	2116.19165
1.734963,	2021.256714
1.735087,	1999.627808
1.735211,	1911.836426
1.735336,	1854.792358
1.73546,	1856.827637
1.735584,	1766.745728
1.735709,	1721.564941
1.735833,	1785.011719
1.735958,	1761.089722
1.736082,	1604.999756
1.736207,	1590.557373
1.736331,	1594.995728
1.736456,	1533.379272
1.73658,	1457.632568
1.736705,	1478.599365
1.73683,	1386.384399
1.736954,	1291.844604
1.737079,	1253.905151
1.737204,	1206.552979
1.737328,	1187.490967
1.737453,	1191.992798
1.737578,	1210.624878
1.737703,	1120.925537
1.737828,	1134.854492
1.737952,	1179.381226
1.738077,	1129.746704
1.738202,	1141.313354
1.738327,	1159.934326
1.738452,	1107.976929
1.738577,	1023.110107
1.738702,	1086.421631
1.738827,	954.565552
1.738952,	930.889709
1.739077,	907.222107
1.739202,	921.161316
1.739327,	885.756348
1.739452,	801.033325
1.739577,	822.029724
1.739702,	784.312683
1.739827,	819.391541
1.739953,	786.382996
1.740078,	751.039124
1.740203,	818.957336
1.740328,	804.735596
1.740453,	856.200012
1.740579,	820.868591
1.740704,	818.378601
1.740829,	766.654785
1.740955,	700.884583
1.74108,	740.603333
1.741205,	719.382996
1.741331,	686.455872
1.741456,	669.9375
1.741582,	625.320557
1.741707,	606.477173
1.741833,	575.934387
1.741958,	636.692871
1.742084,	594.453674
1.74221,	631.787842
1.742335,	634.015686
1.742461,	629.225281
1.742586,	636.130127
1.742712,	633.679321
1.742838,	596.161072
1.742963,	626.442749
1.743089,	565.56842
1.743215,	567.804993
1.743341,	579.385742
1.743466,	551.253357
1.743592,	555.82666
1.743718,	534.713379
1.743844,	508.938385
1.74397,	520.519165
1.744096,	457.41571
1.744222,	473.668121
1.744348,	480.583099
1.744474,	534.145874
1.7446,	534.051331
1.744726,	536.288452
1.744852,	508.218231
1.744978,	529.106018
1.745104,	489.394684
1.74523,	475.32782
1.745356,	500.869537
1.745482,	472.830292
1.745609,	440.143341
1.745735,	491.289948
1.745861,	460.93927
1.745987,	423.616608
1.746113,	453.794556
1.74624,	449.060699
1.746366,	411.759918
1.746492,	430.294281
1.746619,	518.587158
1.746745,	444.092407
1.746871,	427.740967
1.746998,	427.665161
1.747124,	425.265533
1.747251,	420.543304
1.747377,	411.176636
1.747504,	413.426392
1.74763,	436.575226
1.747757,	359.87854
1.747884,	427.134918
1.74801,	392.244598
1.748137,	352.725525
1.748263,	380.504791
1.74839,	436.111115
1.748517,	385.008545
1.748644,	382.621368
1.74877,	410.37561
1.748897,	387.121887
1.749024,	396.323975
1.749151,	440.281891
1.749277,	442.52066
1.749404,	356.73349
1.749531,	382.146667
1.749658,	398.288269
1.749785,	419.054596
1.749912,	379.62851
1.750039,	367.989197
1.750166,	363.295929
1.750293,	351.663574
1.75042,	381.672333
1.750547,	386.230133
1.750674,	337.602356
1.750801,	383.781128
1.750928,	388.33606
1.751055,	367.467133
1.751183,	399.75177
1.75131,	443.576385
1.751437,	388.060425
1.751564,	376.444183
1.751691,	357.904846
1.751819,	390.162445
1.751946,	371.627228
1.752073,	336.943756
1.752201,	357.650726
1.752328,	341.43811
1.752455,	371.363342
1.752583,	332.092072
1.75271,	355.090942
1.752838,	355.027893
1.752965,	345.744965
1.753093,	350.292664
1.75322,	377.880219
1.753348,	354.775696
1.753475,	327.072723
1.753603,	327.014618
1.753731,	340.771576
1.753858,	359.127838
1.753986,	333.745392
1.754114,	335.987366
1.754241,	384.246033
1.754369,	324.365631
1.754497,	299.007355
1.754625,	312.752106
1.754752,	317.294983
1.75488,	328.732727
1.755008,	333.271118
1.755136,	330.913879
1.755264,	310.176605
1.755392,	328.499023
1.75552,	353.705261
1.755648,	310.011169
1.755776,	332.915741
1.755904,	367.289978
1.756032,	323.61673
1.75616,	293.727478
1.756288,	323.501617
1.756416,	332.619781
1.756544,	284.396667
1.756672,	314.156555
1.7568,	332.442322
1.756929,	316.337067
1.757057,	297.945679
1.757185,	309.350067
1.757313,	329.914703
1.757442,	318.402649
1.75757,	288.572632
1.757698,	315.999481
1.757827,	322.811554
1.757955,	370.823883
1.758083,	306.67627
1.758212,	315.774536
1.75834,	292.84021
1.758469,	304.225098
1.758597,	279.013947
1.758726,	281.250854
1.758854,	294.917877
1.758983,	288.008026
1.759111,	283.386017
1.75924,	365.594238
1.759368,	306.130646
1.759497,	319.781006
1.759626,	340.27774
1.759754,	344.783813
1.759883,	349.288269
1.760012,	305.858093
1.760141,	335.47113
1.760269,	303.467407
1.760398,	305.694641
1.760527,	319.325562
1.760656,	266.817383
1.760785,	280.450317
1.760914,	275.841003
1.761043,	243.882034
1.761172,	291.694733
1.761301,	300.756592
1.761429,	273.366333
1.761559,	266.48465
1.761688,	318.81369
1.761817,	321.033691
1.761946,	300.488586
1.762075,	318.643188
1.762204,	311.759521
1.762333,	288.951813
1.762462,	309.373535
1.762591,	284.299988
1.762721,	304.71521
1.76285,	231.906036
1.762979,	265.962433
1.763108,	284.097198
1.763238,	318.132111
1.763367,	293.08371
1.763497,	281.673615
1.763626,	313.419556
1.763755,	281.57312
1.763885,	254.278717
1.764014,	326.87146
1.764144,	297.309143
1.764273,	304.063477
1.764403,	308.546661
1.764532,	267.661835
1.764662,	254.006561
1.764791,	306.113983
1.764921,	299.257996
1.765051,	278.80426
1.76518,	217.564484
1.76531,	233.386887
1.76544,	274.123993
1.765569,	265.014709
1.765699,	246.84996
1.765829,	276.241425
1.765959,	287.511444
1.766088,	298.777435
1.766218,	303.250183
1.766348,	305.458679
1.766478,	266.945801
1.766608,	273.683685
1.766738,	251.02034
1.766868,	280.369019
1.766998,	296.143372
1.767128,	262.186981
1.767258,	262.140137
1.767388,	298.24408
1.767518,	250.751343
1.767648,	252.965149
1.767778,	275.502075
1.767908,	257.39035
1.768039,	309.264679
1.768169,	248.270325
1.768299,	275.305145
1.768429,	291.049286
1.768559,	309.04361
1.76869,	299.966797
1.76882,	252.558441
1.76895,	286.332031
1.769081,	270.501556
1.769211,	268.199402
1.769341,	254.631195
1.769472,	250.079712
1.769602,	247.782425
1.769733,	249.990265
1.769863,	258.952606
1.769994,	249.900833
1.770125,	285.871429
1.770255,	272.316956
1.770386,	263.267639
1.770516,	263.22052
1.770647,	272.170807
1.770777,	301.358368
1.770908,	245.090912
1.771039,	258.535889
1.77117,	289.957916
1.7713,	229.227997
1.771431,	242.668549
1.771562,	222.406357
1.771693,	267.289062
1.771824,	249.275421
1.771955,	264.948059
1.772085,	235.716644
1.772216,	237.918961
1.772347,	246.852814
1.772478,	222.127747
1.772609,	275.92749
1.77274,	280.363892
1.772871,	275.828644
1.773002,	262.326599
1.773133,	269.00473
1.773264,	293.61087
1.773396,	282.35376
1.773527,	253.176666
1.773658,	226.250107
1.773789,	257.565338
1.77392,	275.433563
1.774052,	264.189728
1.774183,	208.180023
1.774314,	259.618866
1.774445,	248.383865
1.774577,	255.051224
1.774708,	277.37442
1.77484,	254.959793
1.774971,	275.038879
1.775102,	268.282501
1.775234,	288.35199
1.775365,	268.18631
1.775497,	268.138214
1.775628,	234.578873
1.77576,	243.471542
1.775892,	218.861771
1.776023,	232.219818
1.776155,	221.015747
1.776286,	220.976105
1.776418,	283.423553
1.77655,	265.522461
1.776681,	269.936584
1.776813,	256.50528
1.776945,	229.698288
1.777077,	240.805481
1.777209,	267.513641
1.77734,	236.261307
1.777472,	262.960663
1.777604,	242.860748
1.777736,	271.777008
1.777868,	236.091736
1.778,	256.091278
1.778132,	238.233475
1.778264,	242.642868
1.778396,	233.696579
1.778528,	249.231598
1.77866,	262.536133
1.778792,	233.570724
1.778924,	271.338196
1.779056,	264.618408
1.779189,	269.017456
1.779321,	275.637817
1.779453,	275.588318
1.779585,	246.651672
1.779717,	228.833862
1.77985,	239.8992
1.779982,	239.85611
1.780114,	253.135956
1.780247,	250.870392
1.780379,	228.628372
1.780511,	230.806595
1.780644,	221.889542
1.780777,	228.505157
1.780909,	239.554581
1.781041,	272.777008
1.781174,	272.727966
1.781307,	277.112762
1.781439,	274.846436
1.781572,	265.932617
1.781704,	228.217789
1.781837,	281.344177
1.78197,	250.284836
1.782102,	239.167282
1.782235,	250.194839
1.782368,	245.722412
1.782501,	285.517944
1.782633,	238.995285
1.782766,	230.102219
1.782899,	249.96994
1.783032,	252.136688
1.783165,	260.936646
1.783298,	280.788086
1.78343,	276.316498
1.783563,	247.535034
1.783696,	267.378113
1.783829,	262.911346
1.783962,	280.535553
1.784096,	260.608185
1.784229,	256.144989
1.784362,	262.722137
1.784495,	247.223373
1.784628,	264.834503
1.784761,	227.275375
1.784894,	238.265259
1.785028,	242.633881
1.785161,	240.384842
1.785294,	238.136581
1.785427,	229.275421
1.785561,	251.275879
1.785694,	264.453308
1.785827,	271.015808
1.785961,	235.719269
1.786094,	248.892334
1.786228,	259.858459
1.786361,	255.408051
1.786494,	257.563446
1.786628,	215.698029
1.786762,	228.862793
1.786895,	244.223022
1.787029,	252.978256
1.787162,	266.12915
1.787296,	263.882172
1.787429,	252.841522
1.787563,	244.003052
1.787697,	230.772095
1.787831,	221.940765
1.787964,	241.674088
1.788098,	270.186859
1.788232,	250.371948
1.788366,	217.389069
1.7885,	259.063507
1.788633,	234.871155
1.788767,	241.412781
1.788901,	234.786453
1.789035,	234.74411
1.789169,	234.701782
1.789303,	241.238693
1.789437,	260.929321
1.789571,	225.805649
1.789705,	254.259521
1.789839,	241.064682
1.789973,	254.167801
1.790107,	216.879929
1.790242,	234.363297
1.790376,	236.510925
1.79051,	249.605362
1.790644,	225.479935
1.790779,	234.194168
1.790913,	242.905243
1.791047,	231.921707
1.791182,	227.504745
1.791316,	249.33519
1.79145,	227.422623
1.791585,	220.822479
1.791719,	229.526474
1.791854,	244.784042
1.791988,	233.813965
1.792122,	266.543488
1.792257,	235.91391
1.792392,	214.031372
1.792526,	209.625519
1.792661,	242.335724
1.792795,	229.195099
1.79293,	222.606445
1.793065,	220.384216
1.793199,	231.252533
1.793334,	224.667053
1.793469,	196.275558
1.793604,	224.585876
1.793738,	213.64505
1.793873,	233.223358
1.794008,	250.615326
1.794143,	272.358734
1.794278,	228.739975
1.794413,	243.945206
1.794548,	241.723434
1.794683,	241.679733
1.794818,	224.22084
1.794953,	204.591721
1.795088,	221.963654
1.795223,	241.505005
1.795358,	230.584702
1.795493,	226.19313
1.795628,	234.850403
1.795763,	226.111328
1.795898,	217.375427
1.796033,	215.16275
1.796169,	230.33461
1.796304,	308.505646
1.796439,	241.112183
1.796574,	254.099304
1.79671,	217.139603
1.796845,	223.613327
1.796981,	214.890411
1.797116,	230.04306
1.797251,	219.152298
1.797387,	214.773773
1.797522,	255.946655
1.797658,	227.707916
1.797793,	201.647659
1.797929,	236.296951
1.798064,	225.416824
1.7982,	249.213867
1.798336,	234.001953
1.798471,	242.624756
1.798607,	225.253616
1.798743,	205.723251
1.798878,	238.16275
1.799014,	242.449066
1.79915,	238.076492
1.799286,	259.67276
1.799421,	235.826706
1.799557,	253.089233
1.799693,	255.206146
1.799829,	255.159912
1.799965,	231.331909
1.800101,	216.158875
1.800237,	216.119705
1.800373,	250.653427
1.800509,	231.164291
1.800645,	248.402573
1.800781,	274.273132
1.800917,	246.153305
1.801053,	233.155594
1.801189,	228.796417
1.801326,	233.071075
1.801462,	250.290222
1.801598,	228.672012
1.801734,	217.846085
1.80187,	237.215103
1.802007,	211.298767
1.802143,	230.661926
1.802279,	237.086075
1.802416,	241.352951
1.802552,	219.763718
1.802688,	230.494629
1.802825,	254.144241
1.802961,	267.018372
1.803098,	204.533417
1.803234,	210.954086
1.803371,	262.568665
1.803507,	234.547485
1.803644,	240.959183
1.803781,	223.707214
1.803917,	243.022385
1.804054,	217.175278
1.804191,	225.735291
1.804327,	227.843796
1.804464,	257.889557
1.804601,	225.612396
1.804738,	266.38913
1.804874,	251.305405
1.805011,	229.784576
1.805148,	261.949799
1.805285,	268.342468
1.805422,	248.976578
1.805559,	259.661163
1.805696,	276.778564
1.805833,	233.824692
1.80597,	233.782211
1.806107,	246.606155
1.806244,	259.425446
1.806381,	257.23468
1.806518,	222.896225
1.806655,	229.284256
1.806792,	229.242599
1.806929,	299.889099
1.807067,	265.56778
1.807204,	259.095673
1.807341,	261.189484
1.807478,	269.704041
1.807616,	250.393936
1.807753,	243.92923
1.80789,	220.352142
1.808028,	233.145798
1.808165,	248.073349
1.808303,	222.370163
1.80844,	235.156448
1.808577,	260.762451
1.808715,	235.070923
1.808853,	260.667633
1.80899,	209.350662
1.809128,	266.980347
1.809265,	264.796326
1.809403,	243.397507
1.809541,	275.373383
1.809678,	247.57753
1.809816,	258.201996
1.809954,	262.422058
1.810091,	245.309311
1.810229,	260.193817
1.810367,	221.764206
1.810505,	234.51561
1.810643,	236.604507
1.810781,	253.610916
1.810918,	247.172363
1.811056,	244.996964
1.811194,	251.342422
1.811332,	244.907776
1.81147,	251.250916
1.811608,	274.62262
1.811746,	236.260147
1.811884,	212.808228
1.812023,	236.174118
1.812161,	259.531494
1.812299,	242.468857
1.812437,	250.930832
1.812575,	259.389709
1.812714,	231.707611
1.812852,	238.041504
1.81299,	229.498215
1.813128,	265.574524
1.813267,	237.911438
1.813405,	263.353943
1.813543,	297.280914
1.813682,	282.365417
1.81382,	258.964691
1.813959,	254.672943
1.814097,	241.895203
1.814236,	267.309113
1.814374,	237.564789
1.814513,	258.72876
1.814651,	250.200226
1.81479,	250.154617
1.814929,	271.304688
1.815067,	260.659302
1.815206,	286.037323
1.815345,	266.919495
1.815483,	279.578949
1.815622,	262.586853
1.815761,	249.83548
1.8159,	254.023636
1.816039,	279.375031
1.816177,	287.788422
1.816316,	245.421814
1.816455,	266.530243
1.816594,	245.332275
1.816733,	279.12027
1.816872,	289.640137
1.817011,	274.790863
1.81715,	270.513947
1.817289,	236.656494
1.817428,	217.599731
1.817567,	268.253601
1.817707,	285.099426
1.817846,	225.926437
1.817985,	251.218109
1.818124,	276.500549
1.818263,	244.795471
1.818403,	267.9599
1.818542,	274.239563
1.818681,	225.679047
1.818821,	244.616714
1.81896,	261.439087
1.819099,	229.771408
1.819239,	271.881622
1.819378,	269.724731
1.819518,	248.607071
1.819657,	221.177734
1.819797,	263.258728
1.819936,	292.690216
1.820076,	280.004944
1.820215,	298.89801
1.820355,	258.8573
1.820495,	288.268036
1.820634,	271.385254
1.820774,	258.715393
1.820914,	292.315979
1.821054,	258.620819
1.821193,	254.369095
1.821333,	245.915237
1.821473,	279.493561
1.821613,	266.836029
1.821753,	235.276932
1.821893,	252.036331
1.822033,	283.489014
1.822173,	281.337646
1.822312,	251.898071
1.822453,	249.753235
1.822593,	256.002716
1.822733,	276.935852
1.822873,	260.104279
1.823013,	228.598221
1.823153,	245.331177
1.823293,	257.865082
1.823433,	230.568848
1.823574,	230.526657
1.823714,	274.486053
1.823854,	243.011856
1.823994,	282.763763
1.824135,	278.523682
1.824275,	282.660248
1.824415,	265.861359
1.824556,	261.626648
1.824696,	276.227142
1.824837,	236.423889
1.824977,	251.023651
1.825118,	250.977676
1.825258,	250.931717
1.825399,	242.522903
1.825539,	248.749481
1.82568,	252.88382
1.82582,	244.479233
1.825961,	254.880371
1.826102,	281.988098
1.826242,	271.494354
1.826383,	261.004425
1.826524,	277.657837
1.826665,	252.559708
1.826805,	254.600311
1.826946,	290.024231
1.827087,	252.420883
1.827228,	241.945908
1.827369,	256.499084
1.82751,	277.301819
1.827651,	229.305328
1.827792,	281.368591
1.827933,	239.640411
1.828074,	264.597839
1.828215,	289.546112
1.828356,	249.922028
1.828497,	287.357635
1.828638,	258.158051
1.828779,	287.252258
1.828921,	283.037231
1.829062,	253.854492
1.829203,	253.807922
1.829344,	297.441589
1.829486,	280.75
1.829627,	264.064514
1.829768,	318.066589
1.82991,	268.124573
1.830051,	232.74762
1.830193,	268.026184
1.830334,	290.827759
1.830476,	292.851318
1.830617,	253.34259
1.830759,	247.06749
1.8309,	261.552856
1.831042,	267.73114
1.831183,	296.732758
1.831325,	290.454254
1.831467,	261.36084
1.831608,	282.051971
1.83175,	259.191315
1.831892,	263.290039
1.832034,	246.659515
1.832175,	271.48288
1.832317,	302.513123
1.832459,	285.884552
1.832601,	289.974518
1.832743,	310.629913
1.832885,	291.938477
1.833027,	293.954956
1.833169,	306.319275
1.833311,	281.430847
1.833453,	287.586029
1.833595,	275.121674
1.833737,	264.730103
1.833879,	301.902252
1.834021,	272.902557
1.834163,	295.590088
1.834305,	303.80249
1.834448,	287.216217
1.83459,	289.22934
1.834732,	295.372772
1.834874,	287.057831
1.835017,	274.616333
1.835159,	299.338684
1.835301,	276.579346
1.835444,	299.228577
1.835586,	259.971497
1.835729,	325.936035
1.835871,	303.188507
1.836013,	278.387207
1.836156,	305.138702
1.836299,	315.389404
1.836441,	309.148407
1.836584,	255.515656
1.836726,	292.552795
1.836869,	311.037628
1.837012,	333.634583
1.837154,	294.450409
1.837297,	306.748474
1.83744,	302.575348
1.837583,	312.809448
1.837726,	296.291229
1.837868,	285.950684
1.838011,	304.409424
1.838154,	302.296906
1.838297,	306.353394
1.83844,	310.408325
1.838583,	314.461792
1.838726,	332.898193
1.838869,	295.855011
1.839012,	314.288055
1.839155,	357.359772
1.839298,	305.958618
1.839441,	324.379547
1.839584,	328.42511
1.839728,	313.998657
1.839871,	303.681274
1.840014,	299.522278
1.840157,	313.825104
1.840301,	303.513428
1.840444,	315.759796
1.840587,	295.201508
1.840731,	313.593781
1.840874,	321.733002
1.841017,	321.673676
1.841161,	315.468872
1.841304,	321.555084
1.841448,	305.113831
1.841591,	346.004883
1.841735,	333.659149
1.841879,	356.110352
1.842022,	368.322052
1.842166,	278.23645
1.842309,	317.049225
1.842453,	292.449524
1.842597,	314.887543
1.842741,	312.785095
1.842884,	329.079132
1.843028,	326.974823
1.843172,	351.433075
1.843316,	377.92514
1.84346,	355.388306
1.843603,	334.901886
1.843747,	369.549103
1.843891,	391.935516
1.844035,	342.88028
1.844179,	371.385071
1.844323,	354.994904
1.844467,	332.491302
1.844611,	330.390442
1.844756,	340.524811
1.8449,	366.964935
1.845044,	340.399048
1.845188,	397.398529
1.845332,	409.550507
1.845477,	378.917053
1.845621,	374.773438
1.845765,	384.886383
1.845909,	417.392242
1.846054,	407.136688
1.846198,	386.708405
1.846342,	429.370514
1.846487,	406.911041
1.846631,	410.904205
1.846776,	366.084595
1.84692,	400.585205
1.847065,	410.676422
1.84721,	406.535156
1.847354,	394.266205
1.847499,	436.863739
1.847643,	440.846069
1.847788,	422.484009
1.847933,	428.498291
1.848077,	469.027496
1.848222,	446.610229
1.848367,	483.061737
1.848512,	409.917755
1.848657,	413.89978
1.848801,	464.536835
1.848946,	484.732605
1.849091,	395.419983
1.849236,	462.251648
1.849381,	506.761108
1.849526,	456.00061
1.849671,	490.363251
1.849816,	490.272491
1.849961,	536.769287
1.850106,	540.720276
1.850251,	526.446655
1.850397,	461.56778
1.850542,	550.540344
1.850687,	509.964996
1.850832,	515.940491
1.850977,	501.684509
1.851123,	509.681824
1.851268,	509.587433
1.851413,	562.059814
1.851559,	541.741516
1.851704,	580.041077
1.85185,	628.429871
1.851995,	640.435303
1.85214,	642.336548
1.852286,	632.119812
1.852432,	621.90686
1.852577,	643.998474
1.852723,	653.971313
1.852868,	613.489014
1.853014,	627.499084
1.853159,	675.798218
1.853305,	681.723755
1.853451,	681.597412
1.853597,	620.985474
1.853742,	643.044312
1.853888,	687.264771
1.854034,	701.242859
1.85418,	721.259766
1.854326,	757.383789
1.854472,	831.759277
1.854618,	811.46936
1.854764,	736.830566
1.85491,	742.732361
1.855056,	754.669312
1.855202,	716.299866
1.855348,	700.073364
1.855494,	693.909546
1.85564,	794.328735
1.855786,	755.980225
1.855932,	709.605103
1.856079,	761.729248
1.856225,	755.559509
1.856371,	735.328369
1.856517,	767.331482
1.856663,	781.247498
1.85681,	781.102478
1.856956,	752.851074
1.857103,	724.610107
1.857249,	674.304138
1.857396,	754.438354
1.857542,	708.157715
1.857688,	714.043457
1.857835,	725.943054
1.857982,	709.768311
1.858128,	739.705811
1.858275,	741.572693
1.858421,	729.411682
1.858568,	821.4375
1.858715,	773.209717
1.858861,	789.088196
1.859008,	732.874695
1.859155,	732.738525
1.859302,	736.605652
1.859449,	676.430603
1.859595,	644.290466
1.859742,	704.186646
1.859889,	728.057678
1.860036,	709.924255
1.860183,	737.784119
1.86033,	707.661316
1.860477,	713.525818
1.860624,	701.403381
1.860771,	713.260559
1.860918,	735.101074
1.861066,	758.930603
1.861213,	692.894592
1.86136,	708.737305
1.861507,	624.770447
1.861654,	634.632751
1.861802,	646.486694
1.861949,	650.356384
1.862096,	640.262451
1.862244,	644.131775
1.862391,	659.962708
1.862538,	665.820374
1.862686,	643.772339
1.862833,	671.550781
1.862981,	609.662598
1.863128,	669.308899
1.863276,	667.192688
1.863423,	661.094788
1.863571,	611.199768
1.863719,	613.076477
1.863866,	605.001831
1.864014,	563.104065
1.864162,	582.893188
1.864309,	606.652954
1.864457,	660.233704
1.864605,	558.708191
1.864753,	618.241638
1.8649,	612.163818
1.865048,	616.02417
1.865196,	605.975403
1.865344,	554.21521
1.865492,	560.07019
1.86564,	565.922913
1.865788,	565.817505
1.865936,	561.742126
1.866084,	545.760803
1.866232,	561.532837
1.86638,	503.896667
1.866529,	559.340088
1.866677,	563.202026
1.866825,	553.18335
1.866973,	557.044983
1.867121,	576.761108
1.86727,	584.580078
1.867418,	525.033386
1.867566,	554.648804
1.867715,	514.934998
1.867863,	483.156586
1.868012,	498.904724
1.86816,	484.95578
1.868309,	472.991089
1.868457,	480.817566
1.868605,	512.380737
1.868754,	464.814697
1.868903,	454.840149
1.869051,	514.071228
1.8692,	496.183838
1.869349,	541.549805
1.869497,	503.903046
1.869646,	521.590515
1.869795,	493.838226
1.869944,	517.445862
1.870092,	438.364655
1.870241,	469.870789
1.87039,	495.443481
1.870539,	453.907288
1.870688,	497.231659
1.870837,	451.765045
1.870986,	426.039429
1.871135,	481.17688
1.871284,	455.455322
1.871433,	473.111969
1.871582,	467.110809
1.871731,	470.964691
1.87188,	476.787292
1.87203,	470.788757
1.872179,	403.739166
1.872328,	450.921936
1.872477,	427.213013
1.872626,	377.924286
1.872776,	401.469513
1.872925,	411.232605
1.873074,	450.500793
1.873224,	405.178253
1.873373,	485.729706
1.873523,	381.432983
1.873672,	420.677338
1.873822,	432.391174
1.873971,	430.345276
1.874121,	392.935913
1.87427,	381.076569
1.87442,	394.752899
1.87457,	404.496979
1.874719,	396.568481
1.874869,	369.014496
1.875019,	363.058044
1.875169,	366.914368
1.875318,	427.659729
1.875468,	411.888733
1.875618,	398.084595
1.875768,	396.049469
1.875918,	374.412354
1.876068,	348.863495
1.876218,	362.514984
1.876368,	405.548981
1.876518,	334.956024
1.876668,	389.729645
1.876818,	362.243652
1.876968,	342.598785
1.877118,	377.766785
1.877268,	332.685638
1.877418,	379.58194
1.877568,	369.729645
1.877719,	352.057526
1.877869,	355.902618
1.878019,	340.194824
1.87817,	318.628571
1.87832,	375.246796
1.87847,	361.498199
1.878621,	349.708405
1.878771,	316.436584
1.878922,	332.000854
1.879072,	322.175751
1.879223,	339.685303
1.879373,	310.343933
1.879524,	347.363953
1.879674,	357.054413
1.879825,	366.741241
1.879976,	351.069427
1.880126,	417.304291
1.880277,	376.283325
1.880428,	354.770599
1.880579,	305.980988
1.880729,	323.460663
1.88088,	321.451813
1.881031,	321.39151
1.881182,	284.329468
1.881333,	327.112274
1.881484,	313.423798
1.881635,	332.828674
1.881786,	324.982239
1.881937,	340.486359
1.882088,	365.710999
1.882239,	330.634094
1.88239,	336.40567
1.882541,	328.565826
1.882692,	347.942291
1.882844,	330.385986
1.882995,	270.088409
1.883146,	308.89209
1.883297,	303.00705
1.883449,	330.138
1.8836,	285.418671
1.883751,	293.130127
1.883903,	304.720459
1.884054,	322.128021
1.884206,	341.469177
1.884357,	351.104065
1.884509,	323.885986
1.88466,	331.581451
1.884812,	317.948212
1.884963,	302.381744
1.885115,	275.193207
1.885267,	277.079132
1.885418,	302.211365
1.88557,	309.90213
1.885722,	323.399567
1.885874,	288.487915
1.886025,	298.112671
1.886177,	296.121216
1.886329,	294.130493
1.886481,	299.879333
1.886633,	307.560333
1.886785,	282.360779
1.886937,	282.307709
1.887089,	288.054382
1.887241,	286.067322
1.887393,	257.025696
1.887545,	309.145691
1.887697,	314.882935
1.887849,	281.989349
1.888001,	297.384888
1.888154,	289.60611
1.888306,	287.621277
1.888458,	308.796967
1.88861,	318.386963
1.888763,	275.883453
1.888915,	322.124939
1.889067,	279.636688
1.88922,	271.871429
1.889372,	298.809509
1.889524,	277.551422
1.889677,	256.301331
1.88983,	275.520233
1.889982,	288.95282
1.890135,	273.490509
1.890287,	298.472168
1.89044,	261.835968
1.890593,	286.810394
1.890745,	273.284607
1.890898,	304.019958
1.891051,	277.029297
1.891203,	273.130219
1.891356,	300.002045
1.891509,	303.790985
1.891662,	259.519348
1.891815,	255.62645
1.891968,	305.540955
1.892121,	286.270599
1.892274,	274.691162
1.892427,	303.447723
1.89258,	268.827057
1.892733,	280.29538
1.892886,	276.403625
1.893039,	303.219025
1.893192,	306.999359
1.893345,	278.165741
1.893498,	262.769104
1.893652,	281.896179
1.893805,	274.173828
1.893958,	258.786621
1.894112,	291.319641
1.894265,	295.097107
1.894418,	270.135376
1.894572,	273.915405
1.894725,	273.863739
1.894879,	308.277924
1.895032,	277.589233
1.895186,	283.279022
1.895339,	290.88031
1.895493,	306.132019
1.895646,	260.163116
1.8958,	256.288818
1.895954,	286.836334
1.896107,	302.07724
1.896261,	267.612854
1.896415,	267.562347
1.896569,	284.709015
1.896722,	240.71521
1.896876,	275.051147
1.89703,	261.631195
1.897184,	292.1315
1.897338,	259.623413
1.897492,	278.660736
1.897646,	303.41568
1.8978,	248.028854
1.897954,	270.87265
1.898108,	280.357452
1.898262,	274.583984
1.898416,	238.309128
1.89857,	243.982452
1.898724,	278.239899
1.898879,	257.227997
1.899033,	245.749207
1.899187,	289.510223
1.899342,	249.464951
1.899496,	236.090134
1.89965,	276.020966
1.899805,	256.936432
1.899959,	256.887878
