1.550107,	145.526077
1.5502,	158.180527
1.550293,	158.154526
1.550386,	148.640808
1.550479,	196.047134
1.550572,	113.815102
1.550665,	208.626709
1.550758,	110.617188
1.550851,	180.118362
1.550944,	94.783554
1.551037,	63.178642
1.55113,	135.811752
1.551223,	104.21048
1.551316,	161.026077
1.551409,	148.372177
1.551502,	132.566086
1.551595,	138.855927
1.551688,	104.124817
1.551782,	97.798134
1.551875,	141.941681
1.551968,	179.763214
1.552061,	160.814316
1.552154,	122.955421
1.552248,	157.609222
1.552341,	157.583298
1.552434,	94.534424
1.552527,	179.585861
1.552621,	132.304657
1.552714,	116.53492
1.552807,	144.857422
1.552901,	125.942245
1.552994,	141.661713
1.553087,	201.441284
1.553181,	154.20311
1.553274,	116.419922
1.553367,	100.670929
1.553461,	201.308731
1.553554,	94.347939
1.553648,	160.365097
1.553741,	157.194809
1.553835,	94.301361
1.553928,	204.28598
1.554022,	197.967667
1.554115,	153.949509
1.554209,	169.630722
1.554302,	106.786942
1.554396,	141.312393
1.554489,	103.61203
1.554583,	119.291183
1.554677,	131.826447
1.55477,	116.113701
1.554864,	84.717667
1.554958,	181.956146
1.555051,	166.242889
1.555145,	156.807098
1.555239,	175.595032
1.555332,	125.404366
1.555426,	162.998825
1.55552,	128.497147
1.555614,	72.071892
1.555707,	100.257423
1.555801,	153.493896
1.555895,	112.752457
1.555989,	140.917358
1.556083,	156.549057
1.556177,	137.740479
1.55627,	147.107635
1.556364,	165.860016
1.556458,	156.445938
1.556552,	153.291763
1.556646,	128.243408
1.55674,	165.750748
1.556834,	87.55201
1.556928,	153.190765
1.557022,	165.668839
1.557116,	134.388428
1.55721,	103.118309
1.557304,	146.841278
1.557398,	124.950706
1.557492,	137.423126
1.557586,	109.295837
1.557681,	115.52227
1.557775,	159.207169
1.557869,	134.211365
1.557963,	127.947891
1.558057,	115.446136
1.558151,	177.820145
1.558246,	124.765503
1.55834,	168.40567
1.558434,	127.842484
1.558528,	130.939011
1.558623,	118.449097
1.558717,	121.546143
1.558811,	162.034805
1.558905,	130.852692
1.559,	152.636307
1.559094,	130.809555
1.559188,	149.471985
1.559283,	174.355225
1.559377,	152.535675
1.559472,	174.297729
1.559566,	136.925644
1.55966,	183.574554
1.559755,	108.882202
1.55985,	130.6371
1.559944,	149.274918
1.560038,	155.46907
1.560133,	164.770035
1.560228,	149.20108
1.560322,	124.313728
1.560417,	127.400551
1.560511,	124.27272
1.560606,	133.571136
1.5607,	170.818619
1.560795,	155.264038
1.56089,	152.133667
1.560984,	102.44046
1.561079,	111.734795
1.561174,	158.264847
1.561268,	142.725128
1.561363,	148.906006
1.561458,	114.762772
1.561553,	145.755692
1.561647,	108.52356
1.561742,	161.208405
1.561837,	133.284943
1.561932,	142.560364
1.562027,	127.043709
1.562121,	158.003906
1.562216,	173.465851
1.562311,	111.495354
1.562406,	176.505173
1.562501,	86.689987
1.562596,	120.726837
1.562691,	148.562347
1.562786,	151.63237
1.562881,	117.573036
1.562976,	123.740662
1.563071,	139.185272
1.563166,	154.624771
1.563261,	166.967178
1.563356,	151.482239
1.563451,	120.547592
1.563546,	101.98497
1.563641,	98.878189
1.563736,	126.666756
1.563831,	120.467995
1.563926,	120.448105
1.564022,	148.219345
1.564117,	154.369659
1.564212,	151.257278
1.564307,	123.454933
1.564402,	89.490044
1.564498,	92.560623
1.564593,	141.902847
1.564688,	92.530052
1.564783,	166.526581
1.564879,	151.082489
1.564974,	126.395081
1.565069,	129.456497
1.565165,	154.089417
1.56526,	114.007339
1.565356,	117.069275
1.565451,	92.407837
1.565546,	169.386383
1.565642,	89.298065
1.565737,	107.755722
1.565833,	163.145981
1.565928,	138.497284
1.566024,	175.400909
1.566119,	147.681625
1.566215,	156.885803
1.56631,	113.800301
1.566406,	153.758774
1.566501,	147.58403
1.566597,	184.449539
1.566692,	132.166992
1.566788,	107.560005
1.566884,	156.704391
1.566979,	95.235939
1.567075,	144.366104
1.567171,	119.773354
1.567266,	95.188721
1.567362,	138.154343
1.567458,	122.783554
1.567554,	122.763252
1.567649,	113.537239
1.567745,	101.246201
1.567841,	104.29702
1.567937,	147.218506
1.568033,	122.661797
1.568128,	196.226425
1.568224,	141.01442
1.56832,	186.966461
1.568416,	162.419403
1.568512,	101.112343
1.568608,	101.095619
1.568704,	94.952904
1.5688,	107.187164
1.568896,	140.851257
1.568992,	128.582047
1.569088,	180.59729
1.569184,	156.083694
1.56928,	125.458298
1.569376,	143.79425
1.569472,	156.006256
1.569568,	165.155762
1.569664,	137.60704
1.56976,	103.95256
1.569856,	97.821518
1.569952,	143.651581
1.570049,	134.460083
1.570145,	70.274323
1.570241,	168.019485
1.570337,	140.502121
1.570433,	143.532761
1.57053,	140.455627
1.570626,	180.119797
1.570722,	94.623558
1.570818,	173.956451
1.570915,	112.900414
1.571011,	122.034294
1.571107,	94.560928
1.571204,	76.246185
1.5713,	137.220413
1.571396,	103.660492
1.571493,	131.078323
1.571589,	158.487091
1.571686,	149.318878
1.571782,	127.966415
1.571879,	143.176804
1.571975,	182.748642
1.572071,	188.80899
1.572168,	124.836891
1.572265,	143.082001
1.572361,	146.102112
1.572458,	173.467529
1.572554,	146.053726
1.572651,	170.367798
1.572747,	106.462234
1.572844,	112.527153
1.572941,	133.793915
1.573037,	145.932816
1.573134,	121.590538
1.573231,	130.688187
1.573327,	109.395233
1.573424,	145.836151
1.573521,	91.1325
1.573617,	130.601608
1.573714,	127.543228
1.573811,	142.703293
1.573908,	170.001297
1.574005,	154.796951
1.574101,	124.423996
1.574198,	148.6772
1.574295,	118.315315
1.574392,	148.627945
1.574489,	151.636032
1.574586,	112.19207
1.574683,	197.061508
1.57478,	100.030037
1.574877,	169.719803
1.574974,	148.480209
1.575071,	121.188248
1.575168,	136.314178
1.575265,	127.205482
1.575362,	121.127998
1.575459,	142.301804
1.575556,	142.278214
1.575653,	154.361404
1.57575,	108.942932
1.575847,	102.873489
1.575944,	102.85643
1.576041,	120.987503
1.576139,	136.088379
1.576236,	148.160553
1.576333,	129.996887
1.57643,	157.179474
1.576527,	126.931595
1.576625,	166.192383
1.576722,	108.762428
1.576819,	108.744392
1.576917,	111.746536
1.577014,	138.90509
1.577111,	126.805344
1.577209,	93.578896
1.577306,	181.090408
1.577403,	123.724586
1.577501,	126.721237
1.577598,	126.700211
1.577695,	135.727707
1.577793,	87.45446
1.57789,	168.849548
1.577988,	153.748184
1.578085,	144.680176
1.578183,	162.73819
1.57828,	135.592651
1.578378,	84.354767
1.578475,	141.572006
1.578573,	108.420135
1.578671,	156.580872
1.578768,	147.522873
1.578866,	183.620453
1.578963,	72.232124
1.579061,	117.357719
1.579159,	147.424973
1.579256,	174.47406
1.579354,	87.222549
1.579452,	135.322876
1.57955,	150.333786
1.579647,	159.327362
1.579745,	111.210068
1.579843,	129.222687
1.579941,	132.205902
1.580038,	105.146332
1.580136,	129.158325
1.580234,	108.114601
1.580332,	132.118134
1.58043,	186.135544
1.580528,	147.082687
1.580626,	135.053513
1.580724,	90.020721
1.580822,	147.00943
1.580919,	131.986542
1.581017,	110.970253
1.581115,	119.947914
1.581213,	83.9496
1.581311,	164.873611
1.58141,	128.879776
1.581507,	146.838593
1.581606,	128.83696
1.581704,	95.86274
1.581802,	140.775009
1.5819,	119.788612
1.581998,	146.716675
1.582096,	116.755096
1.582194,	149.661148
1.582293,	98.759949
1.582391,	107.720222
1.582489,	98.727127
1.582587,	89.737022
1.582685,	197.388641
1.582784,	110.638878
1.582882,	197.323044
1.58298,	140.494568
1.583079,	101.617477
1.583177,	137.459625
1.583275,	95.608192
1.583374,	128.452148
1.583472,	107.52346
1.58357,	86.601723
1.583669,	131.373886
1.583767,	98.51403
1.583866,	131.3302
1.583964,	149.214066
1.584063,	131.286545
1.584161,	170.04747
1.58426,	116.328926
1.584358,	131.221069
1.584457,	146.108261
1.584555,	158.009186
1.584654,	152.021286
1.584753,	140.074753
1.584851,	110.253273
1.58495,	80.441711
1.585048,	80.428337
1.585147,	116.154938
1.585246,	148.891815
1.585345,	122.070984
1.585443,	166.703369
1.585542,	122.03038
1.585641,	163.672058
1.585739,	113.063705
1.585838,	89.245972
1.585937,	136.82106
1.586036,	169.510925
1.586135,	145.695679
1.586233,	121.888344
1.586332,	109.978493
1.586431,	190.201416
1.58653,	154.512939
1.586629,	112.894516
1.586728,	103.964485
1.586827,	145.526062
1.586926,	142.53241
1.587025,	216.731964
1.587124,	148.421844
1.587223,	145.429199
1.587322,	94.958366
1.587421,	136.479935
1.58752,	133.490753
1.587619,	124.570625
1.587718,	100.826103
1.587817,	151.213974
1.587916,	103.757019
1.588015,	124.487701
1.588115,	817.925842
1.588214,	3964.501953
1.588313,	2752.174316
1.588412,	284.353851
1.588511,	124.384094
1.588611,	79.947891
1.58871,	136.18483
1.588809,	112.481781
1.588908,	127.260818
1.589008,	85.812767
1.589107,	115.384163
1.589206,	53.245358
1.589306,	97.600235
1.589405,	147.854507
1.589504,	141.916687
1.589604,	76.858734
1.589703,	118.22451
1.589803,	91.608727
1.589902,	150.686035
1.590002,	203.835373
1.590101,	100.423882
1.590201,	59.06303
1.5903,	150.585632
1.5904,	91.517189
1.590499,	132.825394
1.590599,	109.193802
1.590698,	138.682526
1.590798,	144.559814
1.590898,	106.189507
1.590997,	100.273376
1.591097,	79.615585
1.591197,	100.23996
1.591296,	138.5439
1.591396,	138.520813
1.591496,	200.379684
1.591595,	147.313446
1.591695,	123.722664
1.591795,	111.920891
1.591895,	100.123047
1.591995,	141.32663
1.592094,	185.460266
1.592194,	161.882767
1.592294,	117.713287
1.592394,	132.405365
1.592494,	85.313675
1.592594,	141.185303
1.592694,	141.161758
1.592793,	102.913277
1.592893,	129.355118
1.592993,	138.151749
1.593093,	102.861801
1.593193,	114.59832
1.593293,	129.268845
1.593393,	105.74778
1.593493,	146.847412
1.593594,	152.695831
1.593694,	123.310677
1.593794,	111.548195
1.593894,	108.594589
1.593994,	164.33197
1.594094,	129.096436
1.594194,	158.410095
1.594295,	137.852448
1.594395,	102.638947
1.594495,	146.6026
1.594595,	131.920319
1.594695,	164.140121
1.594796,	117.223373
1.594896,	146.504761
1.594996,	96.67701
1.595097,	123.022926
1.595197,	111.28788
1.595297,	114.197449
1.595398,	122.961342
1.595498,	114.159325
1.595598,	99.506905
1.595699,	76.080811
1.595799,	143.359131
1.5959,	105.307495
1.596,	90.666313
1.596101,	140.363113
1.596201,	114.025986
1.596302,	137.39299
1.596402,	113.987907
1.596503,	128.580276
1.596603,	119.793427
1.596704,	113.930817
1.596805,	90.545265
1.596905,	166.458649
1.597006,	122.633263
1.597106,	143.048248
1.597207,	151.780945
1.597308,	128.408569
1.597409,	105.044014
1.597509,	134.200485
1.59761,	148.762634
1.597711,	99.158524
1.597812,	122.469482
1.597912,	148.688095
1.598013,	174.897949
1.598114,	131.151535
1.598215,	142.785599
1.598316,	110.713181
1.598417,	99.04261
1.598517,	163.101746
1.598618,	125.217918
1.598719,	154.312561
1.59882,	128.087143
1.598921,	122.24456
1.599022,	61.112064
1.599123,	119.29409
1.599224,	101.819397
1.599325,	93.076462
1.599426,	162.856583
1.599527,	119.214348
1.599628,	177.338043
1.599729,	93.014236
1.599831,	107.529732
1.599932,	113.323204
1.600033,	142.356628
1.600134,	121.999565
1.600235,	130.691956
1.600336,	107.439865
1.600438,	124.841667
1.600539,	110.306747
1.60064,	124.799919
1.600741,	121.877213
1.600842,	107.35006
1.600944,	194.358139
1.601045,	121.816071
1.601147,	118.895798
1.601248,	150.76944
1.601349,	124.653877
1.601451,	86.953278
1.601552,	136.20401
1.601653,	156.463531
1.601755,	118.776512
1.601856,	81.102097
1.601958,	104.256676
1.602059,	188.209732
1.602161,	69.481194
1.602262,	156.306534
1.602364,	109.975075
1.602465,	112.850273
1.602567,	150.441849
1.602669,	144.631409
1.60277,	141.715057
1.602872,	121.449722
1.602973,	115.647049
1.603075,	112.737
1.603177,	141.620209
1.603278,	106.919807
1.60338,	121.348114
1.603482,	98.217743
1.603583,	138.637131
1.603685,	98.18486
1.603787,	129.928802
1.603889,	158.775269
1.603991,	202.043793
1.604092,	141.406967
1.604194,	201.976135
1.604296,	158.668961
1.604398,	115.376282
1.6045,	135.544434
1.604602,	103.803879
1.604704,	152.796783
1.604806,	115.299011
1.604908,	144.099625
1.60501,	135.430954
1.605112,	129.646225
1.605214,	158.429947
1.605316,	100.80217
1.605418,	132.460663
1.60552,	109.405693
1.605622,	158.323807
1.605724,	123.759697
1.605826,	120.861313
1.605928,	135.226898
1.60603,	109.314072
1.606132,	143.810196
1.606235,	161.040436
1.606337,	149.512482
1.606439,	120.739853
1.606541,	146.588104
1.606644,	135.068359
1.606746,	146.538971
1.606848,	172.369904
1.60695,	123.511055
1.607053,	86.156059
1.607155,	94.755775
1.607257,	183.737976
1.60736,	155.00293
1.607462,	134.887344
1.607565,	109.039566
1.607667,	160.662949
1.607769,	149.162003
1.607872,	146.268982
1.607974,	172.052292
1.608077,	172.023453
1.608179,	80.264145
1.608282,	123.242126
1.608384,	117.490227
1.608487,	137.526474
1.60859,	143.232712
1.608692,	105.974434
1.608795,	148.912064
1.608897,	108.802094
1.609,	100.195648
1.609103,	120.214607
1.609205,	140.226852
1.609308,	117.312988
1.609411,	120.154121
1.609513,	122.994293
1.609616,	148.712326
1.609719,	114.374908
1.609822,	122.932396
1.609925,	105.761284
1.610027,	134.322876
1.61013,	85.723618
1.610233,	114.278976
1.610336,	165.676712
1.610439,	154.224838
1.610542,	128.49913
1.610645,	111.347221
1.610748,	162.710938
1.610851,	94.185257
1.610954,	154.095459
1.611056,	125.538185
1.61116,	111.253799
1.611263,	131.200409
1.611366,	162.547119
1.611469,	108.34655
1.611572,	156.791046
1.611675,	65.55616
1.611778,	148.189026
1.611881,	173.807938
1.611984,	116.802116
1.612087,	148.114395
1.61219,	148.089523
1.612294,	82.574516
1.612397,	108.182915
1.6125,	116.704071
1.612603,	216.293167
1.612707,	91.055511
1.61281,	156.475372
1.612913,	139.381912
1.613017,	159.266846
1.61312,	122.273643
1.613223,	133.625488
1.613327,	119.389946
1.61343,	164.844131
1.613533,	79.566551
1.613637,	170.471115
1.61374,	110.787605
1.613844,	130.650604
1.613947,	119.26963
1.614051,	133.445969
1.614154,	110.71315
1.614258,	127.724472
1.614361,	141.892227
1.614465,	119.169441
1.614568,	175.887222
1.614672,	161.675598
1.614776,	153.14061
1.614879,	144.608475
1.614983,	70.874596
1.615087,	127.552818
1.61519,	144.535568
1.615294,	133.177048
1.615398,	124.655418
1.615502,	133.132263
1.615605,	135.942001
1.615709,	116.097603
1.615813,	90.597527
1.615917,	152.85762
1.61602,	169.813232
1.616124,	116.019524
1.616228,	99.024399
1.616332,	161.24118
1.616436,	127.274261
1.61654,	90.490921
1.616644,	158.332474
1.616748,	104.594925
1.616852,	166.758453
1.616956,	101.733803
1.61706,	104.542152
1.617164,	112.999527
1.617268,	180.768814
1.617372,	127.081688
1.617476,	118.589622
1.61758,	112.923492
1.617684,	110.081879
1.617788,	121.351898
1.617892,	135.439789
1.617996,	149.522934
1.618101,	138.21492
1.618205,	166.394028
1.618309,	84.592896
1.618413,	121.229408
1.618518,	138.121887
1.618622,	121.188599
1.618726,	160.618301
1.61883,	132.417358
1.618935,	135.21199
1.619039,	115.474129
1.619143,	104.190811
1.619248,	152.036667
1.619352,	152.011063
1.619457,	75.992729
1.619561,	92.864365
1.619665,	118.171112
1.61977,	146.28244
1.619874,	132.194565
1.619979,	115.29924
1.620083,	137.773438
1.620188,	109.637939
1.620292,	165.834595
1.620397,	134.893555
1.620501,	143.300262
1.620606,	117.992096
1.620711,	160.105148
1.620815,	106.718788
1.62092,	131.972046
1.621025,	140.372147
1.621129,	89.823036
1.621234,	89.807899
1.621339,	143.107224
1.621443,	100.99984
1.621548,	103.787895
1.621653,	86.942772
1.621758,	128.990112
1.621863,	145.790329
1.621967,	120.537071
1.622072,	131.727615
1.622177,	137.309906
1.622282,	137.286758
1.622387,	61.628559
1.622492,	84.02478
1.622597,	145.618393
1.622702,	139.99408
1.622807,	109.176979
1.622912,	92.364944
1.623017,	117.535561
1.623122,	159.485657
1.623227,	114.698402
1.623332,	131.461365
1.623437,	109.066566
1.623542,	86.679314
1.623647,	131.394867
1.623752,	145.348526
1.623857,	162.092163
1.623962,	139.71106
1.624068,	136.893738
1.624173,	114.524422
1.624278,	136.847565
1.624383,	80.977753
1.624488,	111.674606
1.624594,	103.281578
1.624699,	108.846001
1.624804,	147.893967
1.62491,	156.238953
1.625015,	156.212601
1.62512,	150.608154
1.625226,	86.445648
1.625331,	97.58345
1.625437,	144.956665
1.625542,	136.570724
1.625647,	133.760986
1.625753,	114.234894
1.625858,	167.144806
1.625964,	158.760757
1.626069,	105.822639
1.626175,	86.314423
1.626281,	153.11264
1.626386,	200.404526
1.626492,	105.751198
1.626597,	197.554398
1.626703,	139.099319
1.626809,	152.983429
1.626914,	147.395493
1.62702,	108.44252
1.627126,	100.083885
1.627231,	125.083733
1.627337,	113.94593
1.627443,	155.607178
1.627548,	136.133286
1.627654,	144.443573
1.62776,	130.532715
1.627866,	161.055725
1.627972,	169.357574
1.628078,	127.690697
1.628183,	172.075775
1.628289,	124.872604
1.628395,	124.851509
1.628501,	127.604424
1.628607,	116.488701
1.628713,	130.334381
1.628819,	194.08223
1.628925,	166.328079
1.629031,	163.528305
1.629137,	110.847916
1.629243,	152.390121
1.629349,	202.229065
1.629455,	185.576126
1.629562,	113.54232
1.629668,	191.051117
1.629774,	113.503937
1.62988,	96.87722
1.629986,	149.442444
1.630092,	168.786072
1.630198,	163.224503
1.630305,	152.132706
1.630411,	124.451172
1.630517,	185.262634
1.630623,	157.584854
1.63073,	152.029846
1.630836,	190.696091
1.630942,	143.68869
1.631049,	124.324959
1.631155,	168.500885
1.631262,	146.37764
1.631368,	121.500511
1.631474,	127.00177
1.631581,	184.949554
1.631687,	113.158936
1.631794,	157.291916
1.6319,	157.265305
1.632007,	190.341583
1.632113,	204.099915
1.63222,	137.882004
1.632327,	209.545197
1.632433,	184.699371
1.63254,	151.593231
1.632646,	181.881088
1.632753,	173.584396
1.63286,	123.967865
1.632966,	209.33252
1.633073,	167.988449
1.63318,	156.946243
1.633286,	148.660751
1.633393,	176.16069
1.6335,	140.354294
1.633607,	198.113693
1.633714,	162.315689
1.63382,	170.540146
1.633927,	184.262177
1.634034,	134.736084
1.634141,	189.698288
1.634248,	173.173462
1.634355,	159.402542
1.634462,	195.097641
1.634569,	200.559387
1.634676,	203.272339
1.634783,	126.337082
1.63489,	203.203491
1.634997,	161.98616
1.635104,	200.389603
1.635211,	203.10025
1.635318,	200.321716
1.635425,	224.980804
1.635532,	194.767441
1.635639,	175.535278
1.635746,	246.804657
1.635854,	213.86113
1.635961,	257.686401
1.636068,	211.047791
1.636175,	169.905792
1.636282,	249.335587
1.63639,	232.856415
1.636497,	257.46814
1.636604,	265.640198
1.636712,	251.904694
1.636819,	213.535172
1.636926,	314.774139
1.637034,	240.829819
1.637141,	270.887604
1.637249,	279.049011
1.637356,	273.531097
1.637463,	336.3862
1.637571,	254.297668
1.637678,	300.731201
1.637786,	289.746368
1.637893,	314.294189
1.638001,	224.067413
1.638108,	341.50827
1.638216,	322.329132
1.638324,	314.081055
1.638431,	368.641296
1.638539,	346.737061
1.638646,	324.840271
1.638754,	401.2052
1.638862,	406.594788
1.63897,	458.364685
1.639077,	461.014832
1.639185,	422.752533
1.639293,	515.397888
1.6394,	556.208069
1.639508,	504.318817
1.639616,	588.726379
1.639724,	495.972321
1.639832,	561.280029
1.63994,	563.908936
1.640048,	623.735413
1.640155,	580.05719
1.640263,	547.285034
1.640371,	612.528503
1.640479,	560.708679
1.640587,	579.663513
1.640695,	557.797424
1.640803,	631.15625
1.640911,	590.248535
1.641019,	592.86792
1.641127,	609.081909
1.641235,	532.856201
1.641344,	554.511292
1.641452,	472.885193
1.64156,	453.783997
1.641668,	483.591858
1.641776,	369.423157
1.641884,	382.93985
1.641993,	353.005157
1.642101,	309.505798
1.642209,	390.888275
1.642317,	279.546204
1.642426,	320.202423
1.642534,	284.877502
1.642642,	214.299988
1.642751,	317.327087
1.642859,	244.056274
1.642967,	230.458435
1.643076,	262.949066
1.643184,	208.697296
1.643293,	224.921204
1.643401,	251.977325
1.643509,	219.426819
1.643618,	243.766144
1.643727,	270.805237
1.643835,	268.051636
1.643944,	219.277695
1.644052,	238.187134
1.644161,	227.321793
1.644269,	197.519882
1.644378,	154.201645
1.644487,	148.765762
1.644595,	127.105499
1.644704,	186.569962
1.644813,	183.834793
1.644921,	162.179596
1.64503,	154.044418
1.645139,	170.230667
1.645248,	162.096878
1.645356,	140.460068
1.645465,	178.245926
1.645574,	118.81041
1.645683,	148.487747
1.645792,	215.94545
1.6459,	148.437241
1.646009,	132.221603
1.646118,	124.105286
1.646227,	134.8741
1.646336,	156.427338
1.646445,	94.379753
1.646554,	99.755905
1.646663,	115.912819
1.646772,	134.759415
1.646881,	118.568108
1.64699,	132.019287
1.647099,	113.140129
1.647209,	150.827835
1.647318,	158.880859
1.647427,	137.314316
1.647536,	126.523033
1.647645,	145.342148
1.647754,	94.18721
1.647863,	156.055084
1.647973,	121.056618
1.648082,	129.105072
1.648191,	115.63694
1.648301,	115.617256
1.64841,	102.155991
1.648519,	102.138603
1.648628,	115.558212
1.648738,	107.477707
1.648847,	110.145889
1.648957,	126.243301
1.649066,	139.649658
1.649175,	99.349174
1.649285,	131.548126
1.649394,	115.420532
1.649504,	99.298424
1.649613,	150.263901
1.649723,	85.850464
1.649832,	131.436127
1.649942,	134.095657
1.650052,	142.117172
1.650161,	163.540955
1.650271,	168.874176
1.65038,	158.125061
1.65049,	160.777756
1.6506,	112.525246
1.65071,	123.22094
1.650819,	160.695572
1.650929,	123.178947
1.651039,	131.189987
1.651148,	144.552094
1.651258,	125.792412
1.651368,	120.419014
1.651478,	90.967743
1.651588,	125.728096
1.651698,	106.98439
1.651807,	123.011078
1.651917,	141.705994
1.652027,	122.969139
1.652137,	130.966537
1.652247,	163.012177
1.652357,	138.9375
1.652467,	138.913803
1.652577,	149.573975
1.652687,	165.571518
1.652797,	218.944336
1.652907,	141.488663
1.653017,	186.839951
1.653128,	160.121216
1.653238,	157.425674
1.653348,	141.392166
1.653458,	152.037323
1.653568,	162.678864
1.653678,	122.65493
1.653789,	119.968048
1.653899,	170.592117
1.654009,	135.917404
1.654119,	154.546356
1.65423,	103.901367
1.65434,	133.184143
1.65445,	159.793701
1.654561,	157.103668
1.654671,	109.155098
1.654781,	181.006821
1.654892,	117.102074
1.655002,	149.013565
1.655113,	146.327621
1.655223,	210.143799
1.655334,	47.872692
1.655444,	130.297867
1.655555,	178.131958
1.655665,	199.367401
1.655776,	170.097809
1.655886,	162.096786
1.655997,	148.78476
1.656108,	138.133682
1.656218,	159.357803
1.656329,	159.330582
1.65644,	130.097763
1.65655,	183.167587
1.656661,	183.136307
1.656772,	140.645889
1.656882,	167.154297
1.656993,	140.597839
1.657104,	145.878494
1.657215,	148.505463
1.657326,	148.480087
1.657436,	177.615479
1.657547,	172.284073
1.657658,	124.553352
1.657769,	121.882454
1.65788,	140.405792
1.657991,	203.950912
1.658102,	161.543884
1.658213,	161.516281
1.658324,	127.073059
1.658435,	169.401779
1.658546,	156.140579
1.658657,	164.05188
1.658768,	142.859467
1.658879,	126.964485
1.65899,	148.099915
1.659101,	193.025818
1.659213,	166.555435
1.659324,	148.023972
1.659435,	195.569656
1.659546,	126.834297
1.659657,	150.589981
1.659769,	153.205704
1.65988,	124.12822
1.659991,	126.747559
1.660102,	129.366013
1.660214,	137.262894
1.660325,	129.321762
1.660436,	174.158691
1.660548,	163.575638
1.660659,	134.531128
1.660771,	166.157089
1.660882,	137.12207
1.660993,	131.825592
1.661105,	102.806366
1.661216,	144.958527
1.661328,	179.190781
1.661439,	108.023018
1.661551,	118.541557
1.661663,	150.126938
1.661774,	136.934479
1.661886,	131.645233
1.661997,	168.477051
1.662109,	160.5522
1.662221,	94.735901
1.662332,	105.244095
1.662444,	157.839111
1.662556,	120.989273
1.662668,	136.74707
1.662779,	110.430649
1.662891,	160.359909
1.663003,	144.562042
1.663115,	118.257782
1.663227,	102.472527
1.663338,	131.352539
1.66345,	105.064034
1.663562,	136.55986
1.663674,	157.542068
1.663786,	89.258553
1.663898,	99.74247
1.66401,	123.344559
1.664122,	136.442947
1.664234,	120.678848
1.664346,	94.428139
1.664458,	125.882614
1.66457,	131.105255
1.664682,	104.866234
1.664794,	133.681534
1.664906,	149.383179
1.665019,	175.560654
1.665131,	144.09227
1.665243,	94.298775
1.665355,	144.042877
1.665467,	167.584808
1.66558,	130.903183
1.665692,	109.939827
1.665804,	115.155319
1.665916,	107.285423
1.666029,	104.650764
1.666141,	122.943565
1.666253,	183.07605
1.666366,	141.205887
1.666478,	138.5672
1.66659,	135.929413
1.666703,	133.292526
1.666815,	107.138359
1.666928,	169.824371
1.66704,	146.285126
1.667153,	107.083244
1.667265,	125.344246
1.667378,	125.322746
1.66749,	154.016129
1.667603,	127.889755
1.667716,	120.039177
1.667828,	133.064072
1.667941,	78.25956
1.668054,	153.884064
1.668166,	148.642151
1.668279,	117.328926
1.668392,	145.984283
1.668504,	93.830933
1.668617,	153.752075
1.66873,	96.404251
1.668843,	135.463806
1.668956,	75.534157
1.669068,	104.16716
1.669181,	117.167938
1.669294,	91.114975
1.669407,	137.950424
1.66952,	130.119568
1.669633,	156.116669
1.669746,	80.646439
1.669859,	93.637848
1.669972,	104.024185
1.670085,	119.607277
1.670198,	98.78904
1.670311,	140.360321
1.670424,	106.551575
1.670537,	124.721886
1.67065,	98.721199
1.670763,	85.716843
1.670877,	132.44873
1.67099,	51.931759
1.671103,	93.461105
1.671216,	106.423531
1.671329,	132.357742
1.671442,	121.955795
1.671556,	124.529198
1.671669,	129.695633
1.671782,	82.990944
1.671896,	121.872002
1.672009,	124.443634
1.672122,	75.171776
1.672236,	114.034126
1.672349,	142.518158
1.672462,	98.450172
1.672576,	134.698135
1.672689,	77.697105
1.672803,	90.631042
1.672916,	113.91658
1.67303,	129.428406
1.673143,	111.289291
1.673257,	103.507126
1.673371,	77.616997
1.673484,	160.380875
1.673598,	118.971809
1.673711,	95.678261
1.673825,	98.247261
1.673939,	80.1353
1.674052,	113.720863
1.674166,	124.037788
1.67428,	93.012344
1.674394,	92.996346
1.674507,	123.973793
1.674621,	69.723267
1.674735,	116.185448
1.674849,	178.120377
1.674963,	87.754364
1.675077,	136.770035
1.67519,	79.983803
1.675304,	92.868431
1.675418,	95.431686
1.675532,	103.151642
1.675646,	95.398849
1.67576,	164.985825
1.675874,	134.027908
1.675988,	123.696777
1.676102,	118.522346
1.676216,	103.045166
1.67633,	105.603119
1.676445,	100.434456
1.676559,	121.015556
1.676673,	105.548592
1.676787,	82.365204
1.676901,	108.085716
1.677015,	118.359215
1.67713,	167.217911
1.677244,	97.741333
1.677358,	131.15657
1.677472,	138.847748
1.677587,	107.974091
1.677701,	143.940659
1.677815,	110.506828
1.67793,	105.348831
1.678044,	125.883011
1.678158,	97.606743
1.678273,	105.294395
1.678387,	107.843971
1.678502,	105.258118
1.678616,	138.608765
1.678731,	136.018494
1.678845,	133.429108
1.67896,	115.447601
1.679074,	123.122894
1.679189,	56.4216
1.679303,	92.310341
1.679418,	112.804306
1.679533,	110.221573
1.679647,	161.459595
1.679762,	122.995628
1.679877,	105.040657
1.679991,	79.407295
1.680106,	102.443359
1.680221,	128.03212
1.680336,	115.209045
1.680451,	99.83062
1.680565,	110.050682
1.68068,	94.678444
1.680795,	76.753067
1.68091,	158.595657
1.681025,	61.381279
1.68114,	127.855614
1.681255,	84.370148
1.68137,	138.036438
1.681485,	109.898941
1.6816,	112.435333
1.681715,	89.421768
1.68183,	125.168877
1.681945,	63.850655
1.68206,	99.589836
1.682175,	158.294998
1.68229,	117.424408
1.682405,	135.269989
1.68252,	125.03936
1.682635,	122.466393
1.682751,	109.690544
1.682866,	140.277649
1.682981,	102.002502
1.683096,	112.183388
1.683212,	107.065659
1.683327,	81.559753
1.683442,	94.287186
1.683557,	91.723045
1.683673,	114.634018
1.683788,	132.4431
1.683904,	99.315178
1.684019,	112.028542
1.684134,	142.557159
1.68425,	83.992393
1.684365,	104.336166
1.684481,	101.773804
1.684596,	86.49279
1.684712,	89.021324
1.684827,	109.350159
1.684943,	114.416451
1.685059,	116.938835
1.685174,	155.044281
1.68529,	121.98098
1.685405,	129.582397
1.685521,	104.15609
1.685637,	119.377815
1.685753,	86.343498
1.685868,	119.336563
1.685984,	116.777306
1.6861,	83.760544
1.686216,	109.123672
1.686331,	98.955528
1.686447,	65.958946
1.686563,	83.70266
1.686679,	103.976234
1.686795,	76.067024
1.686911,	15.210774
1.687027,	86.179489
1.687143,	93.767349
1.687259,	111.487839
1.687375,	76.001289
1.687491,	124.113983
1.687607,	111.430016
1.687723,	113.94281
1.687839,	118.986359
1.687955,	118.965782
1.688071,	116.414459
1.688187,	103.742767
1.688303,	108.784569
1.688419,	126.471809
1.688535,	73.340958
1.688652,	106.19957
1.688768,	116.293694
1.688884,	96.052086
1.689,	123.835205
1.689117,	118.760155
1.689233,	106.107735
1.689349,	65.674377
1.689466,	95.969017
1.689582,	121.203041
1.689699,	83.312668
1.689815,	98.44339
1.689931,	105.997604
1.690048,	141.305679
1.690164,	98.392281
1.690281,	123.59967
1.690397,	90.792206
1.690514,	136.164734
1.69063,	57.98605
1.690747,	133.596893
1.690864,	120.972458
1.69098,	88.19381
1.691097,	141.085663
1.691213,	108.31488
1.69133,	65.481377
1.691447,	110.795448
1.691564,	118.329185
1.69168,	110.757072
1.691797,	75.503105
1.691914,	110.718704
1.692031,	138.374405
1.692147,	100.6185
1.692264,	80.480858
1.692381,	90.525276
1.692498,	67.882195
1.692615,	118.144829
1.692732,	143.257202
1.692849,	125.642433
1.692966,	110.546188
1.693083,	92.943184
1.6932,	110.507874
1.693317,	85.377647
1.693434,	87.87352
1.693551,	100.409477
1.693668,	160.627319
1.693785,	90.337204
1.693902,	115.410858
1.694019,	100.339874
1.694136,	85.274109
1.694254,	130.396606
1.694371,	130.373993
1.694488,	135.364914
1.694605,	110.278206
1.694723,	107.753197
1.69484,	122.767235
1.694957,	82.665634
1.695074,	107.697144
1.695192,	97.661865
1.695309,	90.133774
1.695426,	107.641113
1.695544,	142.662308
1.695661,	47.545853
1.695779,	92.573227
1.695896,	130.080353
1.696014,	97.543335
1.696131,	100.027084
1.696249,	70.006813
1.696366,	119.990852
1.696484,	122.469406
1.696601,	114.951324
1.696719,	147.411987
1.696837,	99.922981
1.696954,	114.891487
1.697072,	97.39109
1.69719,	84.890312
1.697307,	104.846306
1.697425,	114.811729
1.697543,	114.791801
1.697661,	154.69252
1.697778,	134.708801
1.697896,	117.226189
1.698014,	94.762169
1.698132,	132.14534
1.69825,	87.250633
1.698368,	132.099442
1.698486,	92.204346
1.698604,	84.7136
1.698722,	104.628036
1.698839,	94.647018
1.698957,	99.611137
1.699075,	104.573524
1.699193,	102.065948
1.699311,	114.493118
1.69943,	129.40451
1.699548,	139.334503
1.699666,	111.945763
1.699784,	121.87532
1.699902,	67.144119
1.70002,	99.455482
1.700139,	146.671341
1.700257,	96.935394
1.700375,	99.403633
1.700493,	94.417038
1.700612,	131.664032
1.70073,	72.03006
1.700848,	116.718079
1.700967,	136.561249
1.701085,	104.264999
1.701203,	116.657211
1.701322,	114.155296
1.70144,	116.616646
1.701559,	111.634827
1.701677,	96.733353
1.701796,	126.475464
1.701914,	71.904915
1.702033,	158.659103
1.702151,	111.537781
1.70227,	89.214706
1.702388,	111.498985
1.702507,	118.91156
1.702626,	146.136703
1.702744,	104.011414
1.702863,	84.185066
1.702982,	106.450829
1.7031,	131.184006
1.703219,	101.464302
1.703338,	108.869576
1.703457,	66.794701
1.703575,	150.880295
1.703694,	84.082573
1.703813,	143.410019
1.703932,	138.440735
1.704051,	116.171112
1.70417,	116.150887
1.704289,	111.188934
1.704407,	118.580887
1.704527,	69.160141
1.704646,	88.904701
1.704764,	96.296654
1.704884,	133.310608
1.705003,	83.921692
1.705122,	133.264191
1.705241,	78.957619
1.70536,	101.146828
1.705479,	135.661133
1.705598,	110.976143
1.705717,	106.025398
1.705837,	123.26387
1.705956,	108.453308
1.706075,	93.647903
1.706194,	140.447388
1.706313,	108.396637
1.706433,	96.062096
1.706552,	71.418343
1.706671,	98.490898
1.706791,	110.782951
1.70691,	115.68647
1.70703,	108.283356
1.707149,	118.106705
1.707268,	115.625992
1.707388,	125.444633
1.707507,	118.04496
1.707627,	86.059441
1.707746,	113.086983
1.707866,	147.479034
1.707986,	93.387108
1.708105,	95.82795
1.708225,	83.527748
1.708344,	56.494213
1.708464,	115.424568
1.708584,	88.39489
1.708703,	85.924484
1.708823,	71.182159
1.708943,	88.348648
1.709063,	98.148041
1.709182,	85.864555
1.709302,	107.925186
1.709422,	115.263611
1.709542,	125.051453
1.709662,	90.707779
1.709782,	142.165756
1.709901,	147.042374
1.710021,	107.812256
1.710141,	132.291946
1.710261,	85.72982
1.710381,	90.612846
1.710501,	75.905624
1.710621,	112.614494
1.710741,	88.117699
1.710861,	95.444176
1.710981,	139.470993
1.711102,	75.839401
1.711222,	141.868301
1.711342,	114.942169
1.711462,	134.483307
1.711582,	110.012589
1.711702,	112.437675
1.711823,	70.872246
1.711943,	92.850861
1.712063,	122.150848
1.712184,	85.490662
1.712304,	83.033569
1.712424,	92.786011
1.712545,	104.976357
1.712665,	46.376801
1.712785,	131.784729
1.712906,	114.68148
1.713026,	97.584206
1.713147,	90.249619
1.713267,	85.356346
1.713388,	114.601357
1.713508,	97.516022
1.713629,	104.811409
1.713749,	63.363262
1.71387,	114.521263
1.713991,	172.969971
1.714111,	153.453568
1.714232,	119.331917
1.714353,	80.352348
1.714473,	126.593681
1.714594,	111.96714
1.714715,	111.947571
1.714836,	107.061562
1.714956,	77.849342
1.715077,	99.727028
1.715198,	114.301231
1.715319,	68.082443
1.71544,	97.243622
1.715561,	104.518616
1.715681,	99.639854
1.715802,	82.613716
1.715923,	123.898903
1.716044,	119.019302
1.716165,	97.141617
1.716286,	70.415352
1.716407,	111.673775
1.716528,	140.781433
1.716649,	109.207863
1.716771,	94.630249
1.716892,	116.447624
1.717013,	82.469299
1.717134,	128.532578
1.717255,	106.687622
1.717376,	109.093246
1.717498,	111.498016
1.717619,	106.631615
1.71774,	99.34388
1.717861,	70.255325
1.717983,	101.731277
1.718104,	135.61795
1.718226,	92.010361
1.718347,	123.465965
1.718468,	106.501007
1.71859,	133.102951
1.718711,	75.008522
1.718833,	77.414589
1.718954,	96.751289
1.719076,	113.662857
1.719197,	91.881531
1.719319,	120.87558
1.71944,	70.095558
1.719562,	77.333267
1.719683,	60.406033
1.719805,	84.553635
1.719927,	108.692764
1.720048,	103.843781
1.72017,	96.58194
1.720292,	94.150887
1.720414,	72.411072
1.720535,	108.597565
1.720657,	103.752823
1.720779,	98.909775
1.720901,	91.656403
1.721023,	166.399567
1.721144,	98.857773
1.721266,	79.554504
1.721388,	96.412796
1.72151,	144.593842
1.721632,	106.016891
1.721754,	113.225456
1.721876,	108.388344
1.721998,	120.410378
1.72212,	103.534767
1.722242,	108.331329
1.722364,	108.312332
1.722486,	105.886818
1.722608,	43.309738
1.722731,	96.226982
1.722853,	105.831108
1.722975,	79.359406
1.723097,	96.176346
1.723219,	64.907646
1.723342,	52.878429
1.723464,	76.900589
1.723586,	117.73336
1.723709,	86.482803
1.723831,	134.505188
1.723953,	81.649536
1.724076,	72.031067
1.724198,	127.232544
1.724321,	86.406937
1.724443,	79.192459
1.724566,	100.772705
1.724688,	127.143234
1.72481,	112.729866
1.724933,	88.72921
1.725055,	115.087952
1.725178,	103.08152
1.725301,	110.253891
1.725423,	131.802155
1.725546,	119.799103
1.725669,	124.569191
1.725791,	98.20076
1.725914,	112.551834
1.726037,	102.954872
1.726159,	143.632721
1.726282,	110.099075
1.726405,	88.542397
1.726528,	145.949661
1.726651,	105.256668
1.726774,	100.45462
1.726896,	110.002396
1.727019,	88.464638
1.727142,	98.011162
1.727265,	97.993935
1.727388,	93.197365
1.727511,	97.959496
1.727634,	107.49762
1.727757,	97.925064
1.72788,	107.459831
1.728003,	112.216095
1.728126,	107.422058
1.72825,	114.563385
1.728373,	112.156921
1.728496,	104.979507
1.728619,	71.564354
1.728742,	114.482826
1.728865,	88.231667
1.728989,	143.053207
1.729112,	121.573845
1.729235,	64.351303
1.729359,	111.999237
1.729482,	109.596992
1.729605,	121.488335
1.729729,	92.886497
1.729852,	107.157875
1.729975,	97.615555
1.730099,	104.739723
1.730222,	85.681061
1.730346,	78.527153
1.730469,	99.926064
1.730593,	111.802345
1.730716,	90.37748
1.73084,	97.495377
1.730964,	95.1007
1.731087,	99.838158
1.731211,	92.690544
1.731334,	111.684326
1.731458,	111.664665
1.731582,	102.143303
1.731706,	453.626434
1.731829,	2175.123779
1.731953,	4458.693848
1.732077,	2055.670166
1.732201,	1030.027466
1.732324,	142.375031
1.732448,	118.624969
1.732572,	111.487831
1.732696,	78.2649
1.73282,	101.963577
1.732944,	92.462303
1.733068,	120.890945
1.733192,	101.909698
1.733316,	116.1092
1.73344,	101.873795
1.733564,	68.693481
1.733688,	68.681374
1.733812,	101.819954
1.733936,	71.024658
1.73406,	113.619431
1.734185,	73.36628
1.734309,	80.452065
1.734433,	106.461906
1.734557,	96.981529
1.734681,	101.694405
1.734806,	80.395355
1.73493,	132.392532
1.735054,	99.276894
1.735179,	87.442795
1.735303,	108.693497
1.735427,	82.686989
1.735552,	80.310341
1.735676,	85.019485
1.735801,	87.365723
1.735925,	108.597694
1.73605,	106.21814
1.736174,	68.439613
1.736299,	87.304108
1.736423,	99.084473
1.736548,	115.578163
1.736672,	110.841125
1.736797,	113.179482
1.736922,	63.652225
1.737046,	84.85466
1.737171,	127.259529
1.737296,	101.318405
1.73742,	124.858788
1.737545,	122.481346
1.73767,	105.974762
1.737795,	105.956055
1.73792,	94.166534
1.738045,	98.857414
1.738169,	108.253288
1.738294,	58.822922
1.738419,	112.920074
1.738544,	94.08345
1.738669,	131.693573
1.738794,	117.562782
1.738919,	119.89286
1.739044,	110.469986
1.739169,	94.000412
1.739294,	108.081375
1.739419,	110.411469
1.739544,	86.904312
1.739669,	56.360409
1.739795,	103.309166
1.73992,	126.766121
1.740045,	103.272667
1.74017,	133.761414
1.740295,	91.504791
1.740421,	60.992416
1.740546,	96.163353
1.740671,	100.836426
1.740796,	84.406273
1.740922,	93.768173
1.741047,	105.470551
1.741173,	74.988022
1.741298,	96.061424
1.741424,	53.87859
1.741549,	96.027466
1.741674,	84.301895
1.7418,	88.969597
1.741925,	110.021889
1.742051,	105.32148
1.742177,	131.043564
1.742302,	100.604942
1.742428,	91.230202
1.742553,	130.974045
1.742679,	53.783398
1.742805,	112.223763
1.742931,	121.554237
1.743056,	112.184067
1.743182,	98.143692
1.743308,	147.189499
1.743433,	114.460464
1.743559,	105.09816
1.743685,	119.090172
1.743811,	100.391594
1.743937,	100.373825
1.744063,	100.356064
1.744189,	105.005203
1.744315,	107.319656
1.744441,	114.298531
1.744567,	83.959564
1.744693,	86.276505
1.744819,	83.929848
1.744945,	79.253044
1.745071,	116.527962
1.745197,	128.158066
1.745323,	95.519096
1.745449,	104.819466
1.745576,	107.129814
1.745702,	125.738815
1.745828,	83.811035
1.745954,	116.383598
1.74608,	67.490532
1.746207,	111.688683
1.746333,	88.404541
1.746459,	109.32309
1.746586,	100.001282
1.746712,	106.95916
1.746838,	95.316277
1.746965,	90.650635
1.747091,	72.04287
1.747218,	81.32431
1.747344,	104.541298
1.747471,	109.168228
1.747597,	97.5373
1.747724,	97.520012
1.74785,	92.859741
1.747977,	83.558952
1.748104,	55.696095
1.74823,	102.0914
1.748357,	102.073303
1.748484,	102.055206
1.74861,	78.846863
1.748737,	108.974861
1.748864,	81.137108
1.748991,	97.34726
1.749117,	74.156189
1.749244,	64.87516
1.749371,	78.763008
1.749498,	104.226669
1.749625,	108.839653
1.749752,	115.766327
1.749879,	125.005455
1.750005,	127.297783
1.750133,	90.249687
1.75026,	108.743149
1.750387,	99.470757
1.750514,	87.888794
1.750641,	76.310936
1.750768,	106.353943
1.750895,	73.972221
1.751022,	110.938637
1.751149,	78.567589
1.751276,	73.932838
1.751404,	90.089653
1.751531,	99.311989
1.751658,	71.584305
1.751785,	101.585487
1.751913,	101.567451
1.75204,	120.012955
1.752167,	122.299171
1.752295,	59.985168
1.752422,	117.642319
1.75255,	83.026886
1.752677,	78.40036
1.752804,	78.386436
1.752932,	124.473991
1.753059,	129.061203
1.753187,	76.040413
1.753314,	82.938446
1.753442,	117.475258
1.75357,	96.727142
1.753697,	124.34137
1.753825,	112.808228
1.753953,	96.675591
1.75408,	75.945892
1.754208,	133.45694
1.754336,	105.826347
1.754463,	112.708031
1.754591,	105.788734
1.754719,	94.273193
1.754847,	80.462814
1.754975,	57.463223
1.755103,	64.347366
1.75523,	87.313042
1.755358,	73.513702
1.755486,	89.578888
1.755614,	80.377014
1.755742,	103.323502
1.75587,	89.531113
1.755998,	112.467796
1.756126,	59.666176
1.756254,	112.427795
1.756382,	82.58532
1.75651,	116.97506
1.756639,	80.262718
1.756767,	114.640633
1.756895,	130.667068
1.757023,	71.051903
1.757151,	112.287865
1.75728,	87.064888
1.757408,	114.538673
1.757536,	121.389389
1.757665,	100.758163
1.757793,	144.241699
1.757921,	84.698296
1.758049,	98.415634
1.758178,	86.956474
1.758306,	157.866547
1.758435,	77.775459
1.758563,	86.910042
1.758692,	91.467964
1.75882,	66.302467
1.758949,	77.720085
1.759078,	100.56102
1.759206,	98.258041
1.759335,	105.094536
1.759463,	118.781357
1.759592,	116.476349
1.759721,	109.605278
1.759849,	98.17057
1.759978,	98.153084
1.760107,	59.337803
1.760236,	102.68174
1.760364,	100.382042
1.760493,	82.116127
1.760622,	111.749252
1.760751,	79.806671
1.76088,	98.030724
1.761009,	79.778229
1.761138,	113.948586
1.761267,	77.47123
1.761396,	100.239014
1.761525,	84.276871
1.761654,	122.976746
1.761783,	93.354591
1.761912,	102.444084
1.762041,	70.560013
1.76217,	118.337624
1.762299,	81.911438
1.762428,	88.721565
1.762558,	102.352783
1.762687,	86.415825
1.762816,	120.505836
1.762945,	70.47197
1.763075,	81.823822
1.763204,	95.444099
1.763333,	88.610855
1.763463,	115.855057
1.763592,	74.95166
1.763721,	145.334869
1.763851,	77.195366
1.76398,	106.692207
1.76411,	74.898178
1.764239,	70.346336
1.764369,	90.753273
1.764498,	83.931793
1.764628,	147.421432
1.764757,	129.254181
1.764887,	106.558975
1.765017,	95.205917
1.765146,	117.852951
1.765276,	97.437927
1.765406,	99.686119
1.765535,	83.811996
1.765665,	72.473106
1.765795,	140.391571
1.765925,	72.447227
1.766054,	108.651428
1.766184,	99.579353
1.766314,	72.408417
1.766444,	83.707275
1.766574,	92.740135
1.766704,	65.584961
1.766834,	81.401276
1.766964,	88.168953
1.767094,	88.153206
1.767224,	72.317909
1.767354,	54.228741
1.767484,	83.5877
1.767614,	110.677437
1.767744,	76.782867
1.767874,	69.995392
1.768004,	72.240395
1.768135,	83.513023
1.768265,	101.551743
1.768395,	67.689056
1.768525,	87.980042
1.768656,	124.052231
1.768786,	101.479134
1.768916,	63.131283
1.769047,	78.899994
1.769177,	114.947998
1.769307,	112.673958
1.769438,	60.833057
1.769568,	92.359604
1.769699,	103.604431
1.769829,	78.815361
1.76996,	110.321762
1.77009,	103.548843
1.770221,	87.775703
1.770351,	94.510765
1.770482,	96.743706
1.770613,	83.229691
1.770743,	87.712891
1.770874,	119.178246
1.771005,	80.936768
1.771135,	85.417969
1.771266,	110.124504
1.771397,	123.587013
1.771528,	103.345184
1.771658,	107.819145
1.771789,	83.095711
1.77192,	112.2714
1.772051,	74.085854
1.772182,	47.137104
1.772313,	107.722656
1.772444,	94.240448
1.772575,	98.710403
1.772706,	96.449707
1.772837,	143.527344
1.772968,	123.321716
1.773099,	107.606949
1.77323,	80.69075
1.773361,	109.809402
1.773492,	103.067909
1.773624,	80.647392
1.773755,	129.90863
1.773886,	100.773117
1.774017,	132.101074
1.774148,	62.680801
1.77428,	116.386345
1.774411,	67.133934
1.774542,	78.308884
1.774674,	98.427803
1.774805,	102.883354
1.774936,	93.920135
1.775068,	131.911774
1.775199,	89.41568
1.775331,	82.694672
1.775462,	71.506889
1.775594,	96.07016
1.775725,	71.481247
1.775857,	89.335541
1.775989,	104.950432
1.77612,	87.070908
1.776252,	125.002472
1.776384,	71.417168
1.776515,	51.321884
1.776647,	95.932396
1.776779,	102.606941
1.77691,	75.826309
1.777042,	82.50206
1.777174,	62.422787
1.777306,	89.159409
1.777438,	69.086143
1.77757,	75.758301
1.777701,	86.883629
1.777833,	98.004959
1.777965,	95.760384
1.778097,	71.250748
1.778229,	53.428471
1.778361,	64.547813
1.778493,	104.593185
1.778625,	120.149323
1.778757,	88.983513
1.77889,	84.519157
1.779022,	80.056404
1.779154,	108.946091
1.779286,	82.250641
1.779418,	64.455139
1.779551,	93.332062
1.779683,	95.537086
1.779815,	68.863205
1.779947,	119.933708
1.78008,	66.617867
1.780212,	119.890617
1.780344,	106.550285
1.780477,	88.775955
1.780609,	104.292999
1.780742,	64.339439
1.780874,	122.001137
1.781007,	95.365562
1.781139,	133.044312
1.781272,	33.2551
1.781404,	93.097542
1.781537,	68.702499
1.781669,	75.337585
1.781802,	119.632294
1.781935,	86.385567
1.782067,	53.150791
1.7822,	86.354507
1.782333,	97.408073
1.782466,	97.390556
1.782598,	101.799088
1.782731,	112.84391
1.782864,	95.125793
1.782997,	64.143066
1.78313,	88.457275
1.783263,	81.808258
1.783396,	66.319092
1.783529,	83.989067
1.783661,	72.924751
1.783795,	119.309937
1.783928,	70.689461
1.784061,	114.849701
1.784194,	75.080521
1.784327,	105.976959
1.78446,	88.298233
1.784593,	101.524696
1.784726,	70.613159
1.784859,	68.394188
1.784993,	103.675743
1.785126,	70.575027
1.785259,	68.357254
1.785392,	88.187019
1.785526,	55.106964
1.785659,	70.524216
1.785792,	85.935905
1.785926,	129.982193
1.786059,	112.33725
1.786193,	112.317009
1.786326,	77.066422
1.786459,	68.246529
1.786593,	83.641968
1.786726,	83.6269
1.78686,	123.217438
1.786994,	65.997444
1.787127,	90.18026
1.787261,	112.155228
1.787394,	90.147758
1.787528,	39.569935
1.787662,	90.115273
1.787796,	94.494102
1.787929,	120.842766
1.788063,	101.050278
1.788197,	59.301426
1.788331,	92.230034
1.788465,	72.453384
1.788598,	125.124199
1.788732,	81.206322
1.788866,	98.746643
1.789,	118.474602
1.789134,	85.549561
1.789268,	89.920494
1.789402,	89.904274
1.789536,	98.657623
1.78967,	92.063843
1.789804,	78.897629
1.789938,	76.692192
1.790072,	102.968079
1.790206,	127.04406
1.790341,	100.740898
1.790475,	109.481224
1.790609,	107.272232
1.790743,	105.064041
1.790878,	115.987274
1.791012,	133.470703
1.791146,	96.256569
1.791281,	87.490173
1.791415,	109.342979
1.791549,	74.339806
1.791684,	122.419922
1.791818,	85.241341
1.791953,	96.152351
1.792087,	91.765221
1.792222,	67.719238
1.792356,	111.388954
1.792491,	102.634026
1.792625,	63.315941
1.79276,	124.426094
1.792895,	98.213379
1.793029,	102.559891
1.793164,	117.813484
1.793299,	126.517548
1.793433,	124.313744
1.793568,	95.944153
1.793703,	93.746658
1.793838,	108.988045
1.793973,	91.533417
1.794107,	91.516869
1.794242,	78.428856
1.794377,	71.880127
1.794512,	87.111671
1.794647,	100.160316
1.794782,	74.018158
1.794917,	113.183769
1.795052,	104.458443
1.795187,	102.263725
1.795322,	71.789207
1.795457,	45.675781
1.795592,	80.461823
1.795727,	69.576019
1.795863,	86.9543
1.795998,	86.938568
1.796133,	97.7882
1.796268,	106.46122
1.796404,	102.097397
1.796539,	99.907036
1.796674,	108.574951
1.79681,	104.213097
1.796945,	73.804253
1.79708,	117.197311
1.797216,	108.496391
1.797351,	86.781403
1.797487,	108.457123
1.797622,	58.556248
1.797758,	56.377293
1.797893,	95.390457
1.798029,	93.205612
1.798164,	88.854378
1.7983,	54.169693
1.798436,	60.659069
1.798571,	54.150078
1.798707,	114.777374
1.798843,	71.452217
1.798979,	90.922722
1.799114,	73.590775
1.79925,	112.530212
1.799386,	90.873322
1.799522,	93.020126
1.799658,	82.188942
1.799793,	101.636322
1.799929,	86.48333
1.800065,	60.527363
