1.550107,	6.327221
1.5502,	12.654442
1.550293,	6.326181
1.550386,	15.812852
1.550479,	12.648202
1.550572,	12.646122
1.550665,	9.483032
1.550758,	15.802455
1.550851,	6.319942
1.550944,	25.275614
1.551037,	3.158932
1.55113,	15.792064
1.551223,	25.263147
1.551316,	3.157374
1.551409,	9.470564
1.551502,	9.469007
1.551595,	18.934898
1.551688,	6.310595
1.551782,	12.619114
1.551875,	12.617038
1.551968,	6.307481
1.552061,	9.459665
1.552154,	31.527033
1.552248,	6.304369
1.552341,	18.909996
1.552434,	22.058033
1.552527,	15.753145
1.552621,	22.050776
1.552714,	6.299185
1.552807,	12.596297
1.552901,	9.445668
1.552994,	25.184305
1.553087,	-3.14752
1.553181,	3.147002
1.553274,	18.878906
1.553367,	9.4379
1.553461,	12.581796
1.553554,	0
1.553648,	12.577654
1.553741,	6.287792
1.553835,	15.716893
1.553928,	15.714307
1.554022,	9.427032
1.554115,	21.992786
1.554209,	6.282619
1.554302,	9.422378
1.554396,	15.701378
1.554489,	25.118069
1.554583,	6.278483
1.554677,	9.416175
1.55477,	-3.138208
1.554864,	9.413074
1.554958,	6.27435
1.555051,	6.273316
1.555145,	18.816851
1.555239,	3.135625
1.555332,	6.270218
1.555426,	9.403779
1.55552,	15.670383
1.555614,	18.801363
1.555707,	9.399134
1.555801,	15.662642
1.555895,	6.264025
1.555989,	18.78898
1.556083,	0
1.556177,	9.391396
1.55627,	12.519799
1.556364,	21.906038
1.556458,	9.386756
1.556552,	6.256806
1.556646,	12.511552
1.55674,	0
1.556834,	6.253715
1.556928,	15.631711
1.557022,	6.251654
1.557116,	6.250624
1.55721,	15.623986
1.557304,	12.497129
1.557398,	15.618838
1.557492,	0
1.557586,	21.859167
1.557681,	0
1.557775,	9.365128
1.557869,	24.969557
1.557963,	21.844761
1.558057,	6.240332
1.558151,	18.717911
1.558246,	-3.119138
1.55834,	15.593117
1.558434,	9.354328
1.558528,	31.175955
1.558623,	3.117081
1.558717,	9.349703
1.558811,	12.464215
1.558905,	24.924322
1.559,	3.115027
1.559094,	6.229026
1.559188,	0
1.559283,	0
1.559377,	0
1.559472,	0
1.559566,	12.447785
1.55966,	15.557166
1.559755,	24.887362
1.55985,	9.331222
1.559944,	18.659365
1.560038,	3.109381
1.560133,	0
1.560228,	21.75849
1.560322,	18.647058
1.560417,	15.536653
1.560511,	31.06818
1.560606,	21.744139
1.5607,	9.31738
1.560795,	9.315843
1.56089,	24.838148
1.560984,	-6.208513
1.561079,	3.103744
1.561174,	18.619394
1.561268,	21.719042
1.561363,	15.511042
1.561458,	18.61018
1.561553,	6.20237
1.561647,	24.805386
1.561742,	18.600969
1.561837,	6.1993
1.561932,	18.594831
1.562027,	15.493135
1.562121,	21.68681
1.562216,	0
1.562311,	-3.097093
1.562406,	12.386328
1.562501,	9.288213
1.562596,	0
1.562691,	-3.095049
1.562786,	12.378153
1.562881,	21.658192
1.562976,	3.093517
1.563071,	18.558035
1.563166,	15.462477
1.563261,	21.643894
1.563356,	12.365897
1.563451,	18.545784
1.563546,	9.27136
1.563641,	12.359774
1.563736,	21.626032
1.563831,	9.266769
1.563926,	18.530478
1.564022,	15.439515
1.564117,	6.174786
1.564212,	12.347533
1.564307,	15.431867
1.564402,	0
1.564498,	6.170708
1.564593,	9.254534
1.564688,	15.421675
1.564783,	3.083826
1.564879,	0
1.564974,	9.248421
1.565069,	27.740679
1.565165,	3.081789
1.56526,	21.568956
1.565356,	3.08077
1.565451,	3.080261
1.565546,	-3.079752
1.565642,	-12.316975
1.565737,	27.708614
1.565833,	6.156452
1.565928,	9.233152
1.566024,	0
1.566119,	18.460203
1.566215,	18.457153
1.56631,	24.605471
1.566406,	9.225527
1.566501,	27.672005
1.566597,	21.519114
1.566692,	15.368255
1.566788,	-3.073143
1.566884,	0
1.566979,	15.360636
1.567075,	9.214858
1.567171,	3.071112
1.567266,	12.282415
1.567362,	24.56077
1.567458,	18.417532
1.567554,	12.276325
1.567649,	15.34287
1.567745,	12.272266
1.567841,	15.337796
1.567937,	12.268209
1.568033,	15.332725
1.568128,	-3.066038
1.568224,	15.327655
1.56832,	12.260096
1.568416,	9.193551
1.568512,	21.448072
1.568608,	21.444525
1.568704,	-3.062997
1.5688,	-6.124981
1.568896,	-3.061984
1.568992,	9.184432
1.569088,	15.304855
1.569184,	12.241858
1.56928,	6.119917
1.569376,	0
1.569472,	12.235785
1.569568,	15.2922
1.569664,	6.115868
1.56976,	3.057428
1.569856,	-3.056922
1.569952,	6.112833
1.570049,	21.391376
1.570145,	24.443241
1.570241,	9.164699
1.570337,	15.271971
1.570433,	18.323332
1.57053,	0
1.570626,	9.158634
1.570722,	18.314236
1.570818,	15.259337
1.570915,	9.154087
1.571011,	-6.101715
1.571107,	6.100705
1.571204,	0
1.5713,	9.148028
1.571396,	27.439541
1.571493,	-3.048333
1.571589,	18.286972
1.571686,	12.189296
1.571782,	18.280916
1.571879,	18.277891
1.571975,	6.091621
1.572071,	30.453064
1.572168,	15.22401
1.572265,	6.088596
1.572361,	9.131382
1.572458,	18.259739
1.572554,	27.385073
1.572651,	15.21141
1.572747,	9.125335
1.572844,	21.288921
1.572941,	12.163083
1.573037,	27.362404
1.573134,	21.278345
1.573231,	27.35334
1.573327,	9.11627
1.573424,	9.114759
1.573521,	15.188749
1.573617,	18.22348
1.573714,	9.11023
1.573811,	24.289923
1.573908,	21.250162
1.574005,	15.176172
1.574101,	21.24312
1.574198,	12.136915
1.574295,	9.101178
1.574392,	9.099669
1.574489,	24.261765
1.574586,	12.128872
1.574683,	33.348873
1.57478,	24.249704
1.574877,	3.030711
1.574974,	9.090626
1.575071,	27.267357
1.575168,	18.175224
1.575265,	3.028702
1.575362,	24.225599
1.575459,	-3.027698
1.575556,	6.054392
1.575653,	3.026694
1.57575,	0
1.575847,	6.051382
1.575944,	12.100757
1.576041,	30.246876
1.576139,	9.072558
1.576236,	12.094739
1.576333,	12.092733
1.57643,	0
1.576527,	-6.044362
1.576625,	12.086719
1.576722,	18.127071
1.576819,	6.041355
1.576917,	-3.020177
1.577014,	30.196756
1.577111,	0
1.577209,	3.018674
1.577306,	9.054521
1.577403,	9.053019
1.577501,	6.034345
1.577598,	9.050015
1.577695,	12.064685
1.577793,	9.047013
1.57789,	15.075853
1.577988,	9.044011
1.578085,	6.02834
1.578183,	18.082022
1.57828,	9.039511
1.578378,	-6.02534
1.578475,	9.03651
1.578573,	9.035011
1.578671,	6.022341
1.578768,	21.074697
1.578866,	3.010171
1.578963,	18.058031
1.579061,	6.018344
1.579159,	18.052036
1.579256,	6.016347
1.579354,	6.015348
1.579452,	24.0574
1.57955,	21.04673
1.579647,	15.030883
1.579745,	-3.005677
1.579843,	3.005179
1.579941,	12.018719
1.580038,	21.029266
1.580136,	-6.007364
1.580234,	6.006367
1.580332,	21.018793
1.58043,	12.008744
1.580528,	6.003375
1.580626,	9.003568
1.580724,	15.003454
1.580822,	33.002117
1.580919,	29.996943
1.581017,	2.999196
1.581115,	20.990885
1.581213,	26.983799
1.581311,	5.995404
1.58141,	8.991611
1.581507,	14.983531
1.581606,	14.981042
1.581704,	8.987132
1.581802,	14.976065
1.5819,	5.989431
1.581998,	11.976871
1.582096,	2.99372
1.582194,	23.945784
1.582293,	11.970902
1.582391,	-2.992229
1.582489,	-2.991731
1.582587,	5.982468
1.582685,	5.981474
1.582784,	8.97072
1.582882,	14.948715
1.58298,	0
1.583079,	14.943748
1.583177,	14.941263
1.583275,	11.951024
1.583374,	8.961779
1.583472,	17.920578
1.58357,	5.972533
1.583669,	23.88616
1.583767,	2.985274
1.583866,	26.862997
1.583964,	8.952844
1.584063,	20.886496
1.584161,	8.949867
1.58426,	17.896757
1.584358,	11.929188
1.584457,	11.927204
1.584555,	20.869137
1.584654,	11.923238
1.584753,	11.921255
1.584851,	14.899091
1.58495,	20.855259
1.585048,	8.936481
1.585147,	17.869991
1.585246,	2.977836
1.585345,	8.932023
1.585443,	14.88423
1.585542,	5.952702
1.585641,	14.879278
1.585739,	5.950721
1.585838,	8.924597
1.585937,	14.871854
1.586036,	20.817131
1.586135,	0
1.586233,	11.891545
1.586332,	11.889567
1.586431,	20.80328
1.58653,	2.971403
1.586629,	8.912724
1.586728,	8.911242
1.586827,	2.969919
1.586926,	14.847126
1.587025,	2.968931
1.587124,	14.842185
1.587223,	26.711487
1.587322,	0
1.587421,	23.73564
1.58752,	2.966461
1.587619,	11.86387
1.587718,	20.758316
1.587817,	2.96498
1.587916,	17.786919
1.588015,	8.891978
1.588115,	11.853997
1.588214,	17.778036
1.588313,	8.887538
1.588412,	8.886058
1.588511,	11.846105
1.588611,	20.72723
1.58871,	8.881619
1.588809,	14.800235
1.588908,	32.555092
1.589008,	14.795305
1.589107,	17.75141
1.589206,	23.664604
1.589306,	11.830331
1.589405,	17.74254
1.589504,	2.956598
1.589604,	5.91221
1.589703,	0
1.589803,	8.865361
1.589902,	2.954628
1.590002,	11.816544
1.590101,	11.814574
1.590201,	8.859454
1.5903,	8.857979
1.5904,	11.80867
1.590499,	11.806703
1.590599,	23.60947
1.590698,	11.802768
1.590798,	17.7012
1.590898,	14.748543
1.590997,	8.847651
1.591097,	17.692352
1.591197,	17.689404
1.591296,	0
1.591396,	20.630758
1.591496,	5.89352
1.591595,	29.462688
1.591695,	8.837333
1.591795,	2.945287
1.591895,	8.834387
1.591995,	17.665829
1.592094,	11.775255
1.592194,	8.829968
1.592294,	5.885664
1.592394,	20.596392
1.592494,	5.883702
1.592594,	14.706801
1.592694,	0
1.592793,	17.642277
1.592893,	17.639334
1.592993,	8.818196
1.593093,	0
1.593193,	23.507347
1.593293,	17.627569
1.593393,	17.62463
1.593493,	2.936948
1.593594,	2.936458
1.593694,	14.679843
1.593794,	17.612873
1.593894,	8.804967
1.593994,	8.803498
1.594094,	17.604059
1.594194,	49.869843
1.594295,	2.933031
1.594395,	8.797624
1.594495,	14.66026
1.594595,	14.657814
1.594695,	20.517515
1.594796,	5.861169
1.594896,	11.720382
1.594996,	5.859213
1.595097,	5.858235
1.595197,	14.643143
1.595297,	17.568838
1.595398,	11.710604
1.595498,	0
1.595598,	20.486715
1.595699,	5.85237
1.595799,	2.925697
1.5959,	20.476458
1.596,	5.84944
1.596101,	20.46962
1.596201,	23.389946
1.596302,	2.923255
1.596402,	20.459368
1.596503,	0
1.596603,	11.687163
1.596704,	8.763908
1.596805,	5.84163
1.596905,	26.282946
1.597006,	26.278557
1.597106,	5.838704
1.597207,	0
1.597308,	8.75513
1.597409,	0
1.597509,	20.421812
1.59761,	11.667658
1.597711,	8.749282
1.597812,	11.66376
1.597912,	17.492718
1.598013,	26.234692
1.598114,	17.486872
1.598215,	5.827983
1.598316,	11.654019
1.598417,	8.739054
1.598517,	34.950375
1.598618,	11.648178
1.598719,	29.11558
1.59882,	0
1.598921,	2.910585
1.599022,	2.910098
1.599123,	-2.909612
1.599224,	11.636502
1.599325,	17.451836
1.599426,	23.265224
1.599527,	11.630668
1.599628,	17.443085
1.599729,	14.533475
1.599831,	2.906209
1.599932,	5.811446
1.600033,	23.241898
1.600134,	8.714254
1.600235,	8.712797
1.600336,	14.518901
1.600438,	11.613178
1.600539,	-2.902809
1.60064,	20.316265
1.600741,	5.803677
1.600842,	14.506765
1.600944,	20.306074
1.601045,	14.501913
1.601147,	31.898872
1.601248,	8.698237
1.601349,	23.19142
1.601451,	5.796885
1.601552,	5.795915
1.601653,	23.179783
1.601755,	2.896988
1.601856,	2.896503
1.601958,	2.896019
1.602059,	2.895534
1.602161,	2.89505
1.602262,	14.472827
1.602364,	28.940809
1.602465,	14.467983
1.602567,	11.57245
1.602669,	2.892628
1.60277,	11.568577
1.602872,	14.458301
1.602973,	11.564705
1.603075,	5.781384
1.603177,	2.890208
1.603278,	20.228071
1.60338,	20.224686
1.603482,	8.666271
1.603583,	8.664821
1.603685,	20.214531
1.603787,	14.436533
1.603889,	17.320938
1.603991,	5.77268
1.604092,	14.429282
1.604194,	5.770747
1.604296,	14.424451
1.604398,	14.422035
1.6045,	-2.883924
1.604602,	8.650323
1.604704,	23.063665
1.604806,	-14.412376
1.604908,	17.291956
1.60501,	14.407549
1.605112,	25.929245
1.605214,	8.641634
1.605316,	11.520248
1.605418,	14.397898
1.60552,	8.637291
1.605622,	11.51446
1.605724,	17.268795
1.605826,	31.654154
1.605928,	17.263008
1.60603,	25.890175
1.606132,	8.628613
1.606235,	17.254332
1.606337,	25.877161
1.606439,	17.24855
1.606541,	14.371383
1.606644,	20.116564
1.606746,	-2.873313
1.606848,	17.23699
1.60695,	8.61705
1.607053,	11.487474
1.607155,	22.971098
1.607257,	14.354529
1.60736,	17.222548
1.607462,	14.349717
1.607565,	8.608387
1.607667,	17.213886
1.607769,	20.0795
1.607872,	11.472076
1.607974,	11.470153
1.608077,	17.202345
1.608179,	8.59973
1.608282,	8.598288
1.608384,	14.328076
1.608487,	11.460539
1.60859,	28.646542
1.608692,	14.320868
1.608795,	34.364319
1.608897,	20.042492
1.609,	0
1.609103,	14.311263
1.609205,	20.032408
1.609308,	22.890339
1.609411,	20.025686
1.609513,	11.44133
1.609616,	14.299262
1.609719,	5.718745
1.609822,	17.153357
1.609925,	14.292066
1.610027,	17.147602
1.61013,	14.28727
1.610233,	22.855795
1.610336,	8.569485
1.610439,	19.992109
1.610542,	0
1.610645,	17.130342
1.610748,	17.127466
1.610851,	8.562296
1.610954,	8.560859
1.611056,	25.678265
1.61116,	0
1.611263,	5.704365
1.611366,	11.406816
1.611469,	14.256125
1.611572,	5.701493
1.611675,	8.550803
1.611778,	17.098734
1.611881,	25.643795
1.611984,	22.790657
1.612087,	14.241769
1.61219,	17.087252
1.612294,	5.694794
1.612397,	19.928432
1.6125,	11.385763
1.612603,	8.537888
1.612707,	11.381939
1.61281,	0
1.612913,	0
1.613017,	25.596458
1.61312,	11.374292
1.613223,	5.686191
1.613327,	22.740942
1.61343,	8.526421
1.613533,	17.049976
1.613637,	5.68237
1.61374,	17.044247
1.613844,	5.680461
1.613947,	19.878271
1.614051,	5.678552
1.614154,	22.71039
1.614258,	28.383217
1.614361,	14.189223
1.614465,	14.186838
1.614568,	19.858234
1.614672,	8.509242
1.614776,	31.195309
1.614879,	14.177302
1.614983,	19.844887
1.615087,	14.172536
1.61519,	22.672245
1.615294,	17.001326
1.615398,	25.4977
1.615502,	31.158615
1.615605,	5.66425
1.615709,	5.663298
1.615813,	11.324691
1.615917,	14.153482
1.61602,	16.981323
1.616124,	14.148723
1.616228,	25.463417
1.616332,	19.80155
1.616436,	19.79822
1.61654,	16.967047
1.616644,	19.791559
1.616748,	22.61512
1.616852,	16.958487
1.616956,	14.129695
1.61706,	22.603708
1.617164,	11.299953
1.617268,	11.298051
1.617372,	19.768263
1.617476,	28.235624
1.61758,	19.76161
1.617684,	25.403509
1.617788,	19.754961
1.617892,	22.573298
1.617996,	8.463562
1.618101,	14.103563
1.618205,	11.280951
1.618309,	19.738342
1.618413,	25.373596
1.618518,	19.731697
1.618622,	19.728376
1.618726,	19.725056
1.61883,	16.904345
1.618935,	14.084581
1.619039,	22.531536
1.619143,	36.607582
1.619248,	11.261975
1.619352,	25.335176
1.619457,	5.629091
1.619561,	25.326645
1.619665,	22.508783
1.61977,	14.06562
1.619874,	11.250601
1.619979,	2.812176
1.620083,	28.117029
1.620188,	22.489834
1.620292,	11.243023
1.620397,	2.810282
1.620501,	2.809809
1.620606,	28.093355
1.620711,	28.088623
1.620815,	30.892281
1.62092,	30.887075
1.621025,	14.037214
1.621129,	0
1.621234,	14.032484
1.621339,	30.866262
1.621443,	25.24996
1.621548,	25.245705
1.621653,	25.241449
1.621758,	16.824797
1.621863,	14.018302
1.621967,	33.638252
1.622072,	19.619007
1.622177,	16.813457
1.622282,	2.80177
1.622387,	25.211683
1.622492,	25.207434
1.622597,	5.600708
1.622702,	13.999409
1.622807,	22.395277
1.622912,	19.592564
1.623017,	19.58926
1.623122,	27.979939
1.623227,	27.97522
1.623332,	8.39115
1.623437,	5.593157
1.623542,	27.961069
1.623647,	16.773813
1.623752,	27.951639
1.623857,	27.946924
1.623962,	27.942211
1.624068,	22.349998
1.624173,	8.379835
1.624278,	33.513687
1.624383,	13.961681
1.624488,	13.959326
1.624594,	36.288124
1.624699,	25.118309
1.624804,	2.790452
1.62491,	16.739889
1.625015,	25.105597
1.62512,	30.67944
1.625226,	19.519985
1.625331,	19.516691
1.625437,	25.088654
1.625542,	27.871576
1.625647,	30.653561
1.625753,	16.717302
1.625858,	25.07172
1.625964,	22.282211
1.626069,	16.708838
1.626175,	36.196369
1.626281,	30.622528
1.626386,	16.700377
1.626492,	36.17804
1.626597,	19.477194
1.626703,	25.037878
1.626809,	25.033651
1.626914,	22.248377
1.62702,	5.561155
1.627126,	30.581188
1.627231,	13.898192
1.627337,	27.791691
1.627443,	22.229597
1.627548,	8.334691
1.627654,	22.222088
1.62776,	19.441044
1.627866,	30.54505
1.627972,	13.881768
1.628078,	24.982962
1.628183,	0
1.628289,	24.974522
1.628395,	19.421347
1.628501,	30.514101
1.628607,	13.867702
1.628713,	24.957647
1.628819,	19.408222
1.628925,	24.949213
1.629031,	16.629997
1.629137,	27.711979
1.629243,	8.312188
1.629349,	19.391829
1.629455,	33.237514
1.629562,	19.385273
1.629668,	22.150854
1.629774,	24.915499
1.62988,	24.911285
1.629986,	22.139622
1.630092,	19.368895
1.630198,	13.832585
1.630305,	24.894444
1.630411,	33.186981
1.630517,	33.18137
1.630623,	24.881819
1.63073,	30.405968
1.630836,	11.054846
1.630942,	22.105953
1.631049,	16.57666
1.631155,	22.098476
1.631262,	24.856581
1.631368,	19.329626
1.631474,	22.087265
1.631581,	30.364851
1.631687,	22.079792
1.631794,	33.114086
1.6319,	8.277122
1.632007,	24.827162
1.632113,	27.581068
1.63222,	22.061121
1.632327,	19.300215
1.632433,	24.810364
1.63254,	30.318647
1.632646,	16.534645
1.632753,	33.063694
1.63286,	22.038733
1.632966,	13.771876
1.633073,	27.539091
1.63318,	13.767215
1.633286,	33.035725
1.633393,	19.267576
1.6335,	13.760224
1.633607,	8.254737
1.633714,	27.511133
1.63382,	19.254532
1.633927,	30.251999
1.634034,	19.248013
1.634141,	32.991005
1.634248,	19.241495
1.634355,	35.728153
1.634462,	16.487125
1.634569,	24.7265
1.634676,	41.203854
1.634783,	49.436249
1.63489,	27.459932
1.634997,	30.200809
1.635104,	16.470379
1.635211,	38.424374
1.635318,	65.859192
1.635425,	32.924019
1.635532,	35.661644
1.635639,	27.427387
1.635746,	46.61866
1.635854,	54.836189
1.635961,	52.085552
1.636068,	38.372326
1.636175,	43.846653
1.636282,	54.79903
1.63639,	32.873848
1.636497,	46.563389
1.636604,	54.771175
1.636712,	57.499985
1.636819,	46.539719
1.636926,	68.429161
1.637034,	73.890968
1.637141,	73.878441
1.637249,	62.922817
1.637356,	51.970909
1.637463,	84.780266
1.637571,	84.765892
1.637678,	73.815834
1.637786,	71.069862
1.637893,	81.989784
1.638001,	95.638527
1.638108,	71.033714
1.638216,	81.948082
1.638324,	84.665321
1.638431,	90.11232
1.638539,	84.636612
1.638646,	133.757751
1.638754,	95.525047
1.638862,	111.88179
1.63897,	114.591171
1.639077,	114.571732
1.639185,	130.916916
1.639293,	152.71048
1.6394,	122.692963
1.639508,	133.57634
1.639616,	139.004837
1.639724,	166.232483
1.639832,	158.030289
1.63994,	158.003479
1.640048,	215.17511
1.640155,	217.861862
1.640263,	176.982727
1.640371,	193.286774
1.640479,	182.366425
1.640587,	195.942596
1.640695,	214.95607
1.640803,	228.522095
1.640911,	231.203339
1.641019,	203.968307
1.641127,	220.248383
1.641235,	228.366943
1.641344,	220.173599
1.641452,	231.007141
1.64156,	225.533371
1.641668,	182.026138
1.641776,	143.966385
1.641884,	184.680206
1.641993,	160.210022
1.642101,	138.46312
1.642209,	152.012115
1.642317,	73.279106
1.642426,	105.829613
1.642534,	100.385399
1.642642,	86.805054
1.642751,	94.926903
1.642859,	105.757721
1.642967,	113.873581
1.643076,	89.456902
1.643184,	62.338154
1.643293,	73.167137
1.643401,	89.411308
1.643509,	89.396111
1.643618,	54.170254
1.643727,	70.409363
1.643835,	67.689804
1.643944,	56.849773
1.644052,	70.373474
1.644161,	75.773933
1.644269,	62.232292
1.644378,	56.811131
1.644487,	37.867649
1.644595,	54.087444
1.644704,	73.005638
1.644813,	59.47596
1.644921,	37.841904
1.64503,	67.563339
1.645139,	45.935257
1.645248,	40.52422
1.645356,	45.91964
1.645465,	48.612526
1.645574,	37.80331
1.645683,	37.796883
1.645792,	43.189091
1.6459,	45.880604
1.646009,	43.1744
1.646118,	51.26088
1.646227,	48.554676
1.646336,	37.758324
1.646445,	67.414108
1.646554,	53.922112
1.646663,	40.434704
1.646772,	51.208576
1.646881,	29.642027
1.64699,	43.108337
1.647099,	48.488628
1.647209,	32.320251
1.647318,	35.007645
1.647427,	35.00169
1.647536,	48.455627
1.647645,	43.064339
1.647754,	34.983818
1.647863,	37.668468
1.647973,	26.90147
1.648082,	53.793781
1.648191,	34.960007
1.648301,	53.775467
1.64841,	56.454628
1.648519,	37.630009
1.648628,	48.373203
1.648738,	42.991081
1.648847,	42.983761
1.648957,	21.488222
1.649066,	37.597984
1.649175,	34.906467
1.649285,	34.900524
1.649394,	40.262974
1.649504,	37.572376
1.649613,	45.615829
1.649723,	29.511097
1.649832,	24.141331
1.649942,	45.592522
1.650052,	42.903297
1.650161,	34.852993
1.650271,	50.930309
1.65038,	37.521202
1.65049,	45.553696
1.6506,	29.470898
1.65071,	40.18074
1.650819,	24.104336
1.650929,	29.455835
1.651039,	24.096121
1.651148,	34.799576
1.651258,	37.470081
1.651368,	40.139671
1.651478,	37.457306
1.651588,	32.100792
1.651698,	26.746098
1.651807,	34.764
1.651917,	24.063282
1.652027,	34.752148
1.652137,	45.43737
1.652247,	34.740299
1.652357,	21.375
1.652467,	26.714193
1.652577,	40.064457
1.652687,	37.387115
1.652797,	34.71069
1.652907,	34.704769
1.653017,	40.037132
1.653128,	32.024242
1.653238,	18.677622
1.653348,	29.345543
1.653458,	26.673216
1.653568,	32.002399
1.653678,	18.664881
1.653789,	23.99361
1.653899,	37.317024
1.654009,	26.650471
1.654119,	26.645924
1.65423,	29.305513
1.65434,	29.300512
1.65445,	31.958742
1.654561,	42.604382
1.654671,	31.947834
1.654781,	26.61865
1.654892,	18.629875
1.655002,	23.948608
1.655113,	31.926027
1.655223,	34.580627
1.655334,	23.936346
1.655444,	18.613979
1.655555,	34.56292
1.655665,	45.189945
1.655776,	23.920004
1.655886,	34.545219
1.655997,	50.480545
1.656108,	29.220587
1.656218,	15.935781
1.656329,	26.555098
1.65644,	26.550562
1.65655,	26.546028
1.656661,	45.120541
1.656772,	21.229568
1.656882,	29.185671
1.656993,	45.097424
1.657104,	31.828037
1.657215,	47.733898
1.657326,	55.680035
1.657436,	37.113682
1.657547,	31.806292
1.657658,	29.150785
1.657769,	31.795424
1.65788,	23.842493
1.657991,	47.676834
1.658102,	31.779125
1.658213,	29.125887
1.658324,	18.531487
1.658435,	31.762835
1.658546,	47.636108
1.658657,	42.335968
1.658768,	39.683186
1.658879,	26.450935
1.65899,	44.958904
1.659101,	39.662838
1.659213,	34.368584
1.659324,	47.579132
1.659435,	34.356831
1.659546,	44.920483
1.659657,	29.061224
1.659769,	23.773298
1.65988,	36.974361
1.659991,	34.327465
1.660102,	36.961716
1.660214,	26.396711
1.660325,	42.227512
1.660436,	39.58152
1.660548,	63.319603
1.660659,	26.378654
1.660771,	31.64897
1.660882,	47.465332
1.660993,	36.911163
1.661105,	28.996668
1.661216,	36.898533
1.661328,	39.527378
1.661439,	39.520615
1.661551,	26.342569
1.661663,	36.873283
1.661774,	34.23362
1.661886,	34.22776
1.661997,	28.956993
1.662109,	42.112053
1.662221,	34.210186
1.662332,	26.311024
1.662444,	23.675867
1.662556,	18.411411
1.662668,	31.557016
1.662779,	36.810215
1.662891,	49.948166
1.663003,	39.42601
1.663115,	26.279507
1.663227,	28.902508
1.663338,	13.135254
1.66345,	23.639408
1.663562,	34.139965
1.663674,	26.257013
1.663786,	42.004025
1.663898,	23.623217
1.66401,	28.867874
1.664122,	23.615124
1.664234,	20.987625
1.664346,	10.492015
1.664458,	20.980434
1.66457,	20.976841
1.664682,	20.973248
1.664794,	26.212067
1.664906,	26.207575
1.665019,	26.203083
1.665131,	23.578733
1.665243,	23.574694
1.665355,	28.808577
1.665467,	13.092563
1.66558,	13.090319
1.665692,	23.558535
1.665804,	26.171663
1.665916,	34.01733
1.666029,	20.930153
1.666141,	18.310743
1.666253,	7.846117
1.666366,	18.304466
1.666478,	13.072377
1.66659,	23.526243
1.666703,	23.522209
1.666815,	18.291914
1.666928,	23.514143
1.66704,	26.122345
1.667153,	26.117865
1.667265,	41.781414
1.667378,	36.552467
1.66749,	15.662657
1.667603,	18.269964
1.667716,	33.924114
1.667828,	36.527393
1.667941,	33.912476
1.668054,	31.298452
1.668166,	33.900841
1.668279,	15.643857
1.668392,	36.496071
1.668504,	28.670563
1.668617,	26.059675
1.66873,	31.266243
1.668843,	15.630439
1.668956,	36.464764
1.669068,	28.645969
1.669181,	23.433588
1.669294,	36.445992
1.669407,	23.425543
1.66952,	33.831089
1.669633,	23.417501
1.669746,	28.616476
1.669859,	26.010513
1.669972,	13.003023
1.670085,	31.201897
1.670198,	28.596828
1.670311,	18.194857
1.670424,	23.38937
1.670537,	18.188608
1.67065,	18.185484
1.670763,	12.987401
1.670877,	12.985169
1.67099,	28.562468
1.671103,	12.980709
1.671216,	23.361263
1.671329,	33.738251
1.671442,	18.16363
1.671556,	25.943583
1.671669,	20.751301
1.671782,	12.967335
1.671896,	20.744171
1.672009,	12.962878
1.672122,	28.513432
1.672236,	15.550109
1.672349,	31.094872
1.672462,	20.726353
1.672576,	25.903486
1.672689,	20.719227
1.672803,	12.947291
1.672916,	28.479145
1.67303,	7.765704
1.673143,	20.704985
1.673257,	15.526069
1.673371,	10.348933
1.673484,	25.867884
1.673598,	20.690748
1.673711,	7.757697
1.673825,	25.854542
1.673939,	5.170019
1.674052,	23.261086
1.674166,	2.584121
1.67428,	15.502057
1.674394,	10.332927
1.674507,	2.582788
1.674621,	18.076403
1.674735,	12.909494
1.674849,	15.488729
1.674963,	15.486064
1.675077,	7.7417
1.67519,	12.900613
1.675304,	12.898394
1.675418,	5.15847
1.675532,	28.366701
1.675646,	0
1.67576,	15.467421
1.675874,	5.15492
1.675988,	5.154032
1.676102,	2.576573
1.676216,	5.152258
1.67633,	20.605486
1.676445,	0
1.676559,	7.724397
1.676673,	0
1.676787,	7.721738
1.676901,	5.146939
1.677015,	2.573026
1.67713,	20.580666
1.677244,	23.149263
1.677358,	12.858487
1.677472,	7.713764
1.677587,	15.42487
1.677701,	5.140738
1.677815,	15.419558
1.67793,	7.708451
1.678044,	17.983288
1.678158,	2.568599
1.678273,	5.136312
1.678387,	10.270854
1.678502,	5.134542
1.678616,	-5.133658
1.678731,	7.69916
1.678845,	5.131889
1.67896,	0
1.679074,	5.13012
1.679189,	7.693855
1.679303,	20.513411
1.679418,	5.127469
1.679533,	7.689878
1.679647,	10.251403
1.679762,	5.124818
1.679877,	20.495737
1.679991,	10.246102
1.680106,	17.927588
1.680221,	17.924498
1.680336,	10.240804
1.680451,	15.358558
1.680565,	5.118637
1.68068,	10.235508
1.680795,	-2.558436
1.68091,	23.02195
1.681025,	15.34532
1.68114,	5.114224
1.681255,	15.340027
1.68137,	10.224921
1.681485,	12.778947
1.6816,	-7.666045
1.681715,	12.774538
1.68183,	10.217868
1.681945,	10.216105
1.68206,	5.107171
1.682175,	20.425159
1.68229,	10.210818
1.682405,	0
1.68252,	5.103647
1.682635,	28.065216
1.682751,	5.101886
1.682866,	7.651508
1.682981,	12.750313
1.683096,	12.748112
1.683212,	17.844276
1.683327,	12.743711
1.683442,	28.031326
1.683557,	10.191449
1.683673,	7.642268
1.683788,	12.734914
1.683904,	12.732715
1.684019,	22.91493
1.684134,	30.547964
1.68425,	12.72612
1.684365,	10.179138
1.684481,	17.810415
1.684596,	2.543906
1.684712,	12.717332
1.684827,	15.258162
1.684943,	7.627763
1.685059,	5.084297
1.685174,	20.333675
1.68529,	30.495245
1.685405,	17.78582
1.685521,	17.782747
1.685637,	15.239721
1.685753,	17.776602
1.685868,	7.617228
1.685984,	17.77046
1.6861,	15.22919
1.686216,	17.764318
1.686331,	10.149284
1.686447,	-2.536883
1.686563,	7.609333
1.686679,	20.288046
1.686795,	12.677837
1.686911,	2.535129
1.687027,	10.138763
1.687143,	5.068505
1.687259,	15.202887
1.687375,	15.200258
1.687491,	17.730568
1.687607,	0
1.687723,	15.192375
1.687839,	7.594874
1.687955,	5.062374
1.688071,	10.122996
1.688187,	2.530311
1.688303,	12.649368
1.688419,	2.529436
1.688535,	12.644993
1.688652,	7.585683
1.688768,	2.528124
1.688884,	7.583059
1.689,	20.217993
1.689117,	7.580435
1.689233,	5.052749
1.689349,	2.525938
1.689466,	15.153003
1.689582,	5.050127
1.689699,	10.098505
1.689815,	5.048379
1.689931,	2.523753
1.690048,	17.66321
1.690164,	2.522879
1.690281,	15.134654
1.690397,	17.654039
1.690514,	15.129415
1.69063,	20.16906
1.690747,	7.562088
1.690864,	5.040519
1.69098,	17.638763
1.691097,	2.519387
1.691213,	-2.518951
1.69133,	17.629601
1.691447,	7.554235
1.691564,	10.070569
1.69168,	5.034412
1.691797,	5.03354
1.691914,	22.647009
1.692031,	5.031797
1.692147,	10.061851
1.692264,	10.060107
1.692381,	2.514591
1.692498,	12.570777
1.692615,	0
1.692732,	15.079705
1.692849,	5.025698
1.692966,	20.099306
1.693083,	-2.511978
1.6932,	7.534628
1.693317,	7.533322
1.693434,	2.510672
1.693551,	2.510237
1.693668,	10.039207
1.693785,	12.546834
1.693902,	0
1.694019,	25.084969
1.694136,	0
1.694254,	-5.015254
1.694371,	-5.014385
1.694488,	7.520273
1.694605,	12.531614
1.694723,	12.529442
1.69484,	2.505454
1.694957,	12.525096
1.695074,	17.532093
1.695192,	15.024902
1.695309,	12.51858
1.695426,	12.516409
1.695544,	17.519932
1.695661,	10.009653
1.695779,	7.505938
1.695896,	10.006181
1.696014,	10.004444
1.696131,	10.002708
1.696249,	10.000973
1.696366,	-4.999619
1.696484,	9.997502
1.696601,	14.993651
1.696719,	9.994033
1.696837,	22.48267
1.696954,	2.497641
1.697072,	7.491622
1.69719,	14.980643
1.697307,	-4.992681
1.697425,	2.495907
1.697543,	0
1.697661,	4.990081
1.697778,	9.97843
1.697896,	7.482523
1.698014,	2.493741
1.698132,	-4.986616
1.69825,	7.478626
1.698368,	12.462212
1.698486,	7.476028
1.698604,	2.491577
1.698722,	2.491144
1.698839,	2.490711
1.698957,	12.451392
1.699075,	4.979692
1.699193,	19.915306
1.699311,	4.977962
1.69943,	4.977097
1.699548,	7.464348
1.699666,	9.950735
1.699784,	12.436257
1.699902,	12.434096
1.70002,	12.431935
1.700139,	14.91573
1.700257,	12.427614
1.700375,	9.940364
1.700493,	-9.938636
1.700612,	4.968454
1.70073,	-2.483795
1.700848,	19.866907
1.700967,	12.414659
1.701085,	12.4125
1.701203,	-2.482068
1.701322,	4.963274
1.70144,	17.368437
1.701559,	22.326965
1.701677,	2.480342
1.701796,	4.959822
1.701914,	0
1.702033,	2.479048
1.702151,	22.307556
1.70227,	0
1.702388,	-2.477755
1.702507,	9.909297
1.702626,	9.907573
1.702744,	9.905849
1.702863,	12.380157
1.702982,	7.426802
1.7031,	0
1.703219,	14.848434
1.703338,	7.422925
1.703457,	0
1.703575,	14.840684
1.703694,	4.946034
1.703813,	9.890346
1.703932,	0
1.704051,	24.717258
1.70417,	17.299068
1.704289,	9.883461
1.704407,	2.470435
1.704527,	4.94001
1.704646,	12.347875
1.704764,	4.93829
1.704884,	-4.93743
1.705003,	-4.93657
1.705122,	2.467855
1.705241,	12.337128
1.70536,	17.26897
1.705479,	9.866264
1.705598,	12.330683
1.705717,	2.465707
1.705837,	0
1.705956,	22.183632
1.706075,	7.393256
1.706194,	4.927979
1.706313,	7.39068
1.706433,	-7.389392
1.706552,	4.925403
1.706671,	17.235907
1.706791,	9.847373
1.70691,	0
1.70703,	9.843942
1.707149,	9.842226
1.707268,	9.84051
1.707388,	7.379096
1.707507,	7.37781
1.707627,	7.376524
1.707746,	0
1.707866,	9.831936
1.707986,	22.118
1.708105,	0
1.708225,	14.740191
1.708344,	0
1.708464,	0
1.708584,	0
1.708703,	7.364956
1.708823,	9.818229
1.708943,	14.724774
1.709063,	14.722206
1.709182,	7.359819
1.709302,	9.81138
1.709422,	2.452417
1.709542,	22.067904
1.709662,	19.612492
1.709782,	4.902267
1.709901,	9.802825
1.710021,	-2.450279
1.710141,	9.799404
1.710261,	12.247117
1.710381,	12.24498
1.710501,	19.588549
1.710621,	9.792564
1.710741,	-9.790855
1.710861,	0
1.710981,	17.128016
1.711102,	19.571459
1.711222,	4.89201
1.711342,	9.782312
1.711462,	4.890302
1.711582,	14.668345
1.711702,	4.888595
1.711823,	0
1.711943,	7.330331
1.712063,	7.329051
1.712184,	-2.44259
1.712304,	7.326491
1.712424,	-7.325212
1.712545,	2.441311
1.712665,	-2.440884
1.712785,	12.20229
1.712906,	9.760126
1.713026,	4.87921
1.713147,	7.317537
1.713267,	17.07127
1.713388,	4.876653
1.713508,	0
1.713629,	19.499796
1.713749,	12.185243
1.71387,	12.183113
1.713991,	14.617181
1.714111,	0
1.714232,	4.87069
1.714353,	0
1.714473,	2.434494
1.714594,	14.60441
1.714715,	7.300928
1.714836,	2.433217
1.714956,	7.298376
1.715077,	12.161832
1.715198,	7.295824
1.715319,	4.863032
1.71544,	14.586544
1.715561,	12.153327
1.715681,	0
1.715802,	12.149076
1.715923,	7.288171
1.716044,	-19.431723
1.716165,	14.571242
1.716286,	9.712462
1.716407,	9.710763
1.716528,	4.854532
1.716649,	0
1.716771,	12.132084
1.716892,	12.129961
1.717013,	12.127838
1.717134,	12.125715
1.717255,	2.424719
1.717376,	2.424294
1.717498,	9.69548
1.717619,	4.846891
1.71774,	7.269064
1.717861,	2.422597
1.717983,	9.688693
1.718104,	14.530496
1.718226,	14.527951
1.718347,	16.946308
1.718468,	-2.420477
1.71859,	2.420053
1.718711,	2.41963
1.718833,	7.257618
1.718954,	12.093911
1.719076,	16.928511
1.719197,	7.253805
1.719319,	12.087558
1.71944,	7.251265
1.719562,	9.666658
1.719683,	14.497448
1.719805,	9.663272
1.719927,	21.738552
1.720048,	2.414972
1.72017,	7.243645
1.720292,	19.313004
1.720414,	16.895916
1.720535,	12.066397
1.720657,	2.412856
1.720779,	12.062167
1.720901,	4.824021
1.721023,	9.646352
1.721144,	7.233495
1.721266,	0
1.721388,	9.641279
1.72151,	14.459384
1.721632,	9.637899
1.721754,	7.227157
1.721876,	0
1.721998,	2.408207
1.72212,	7.223356
1.722242,	9.629452
1.722364,	4.813881
1.722486,	7.219556
1.722608,	14.436579
1.722731,	7.217023
1.722853,	4.810505
1.722975,	14.428984
1.723097,	14.426452
1.723219,	9.615948
1.723342,	21.632086
1.723464,	2.403143
1.723586,	21.624495
1.723709,	9.6092
1.723831,	9.607513
1.723953,	14.408742
1.724076,	24.010355
1.724198,	9.602456
1.724321,	21.601734
1.724443,	4.799543
1.724566,	19.194801
1.724688,	7.196787
1.72481,	23.985079
1.724933,	7.19426
1.725055,	0
1.725178,	2.397245
1.725301,	11.984118
1.725423,	4.792806
1.725546,	21.563839
1.725669,	4.791122
1.725791,	7.185422
1.725914,	14.36832
1.726037,	16.760096
1.726159,	11.969394
1.726282,	19.147665
1.726405,	23.930378
1.726528,	16.748322
1.726651,	16.745378
1.726774,	11.958883
1.726896,	7.174069
1.727019,	7.172809
1.727142,	28.686193
1.727265,	21.510864
1.727388,	23.896759
1.727511,	7.167768
1.727634,	23.888361
1.727757,	7.165248
1.72788,	21.491966
1.728003,	4.775153
1.728126,	28.645882
1.72825,	19.093897
1.728373,	16.704222
1.728496,	0
1.728619,	16.698349
1.728742,	11.925295
1.728865,	14.307837
1.728989,	26.226421
1.729112,	19.070408
1.729235,	28.60058
1.729359,	14.297774
1.729482,	11.912716
1.729605,	-2.382124
1.729729,	16.671936
1.729852,	9.525145
1.729975,	4.761734
1.730099,	26.184931
1.730222,	14.280177
1.730346,	7.138832
1.730469,	11.89596
1.730593,	11.893867
1.730716,	14.270128
1.73084,	19.023489
1.730964,	9.51007
1.731087,	4.754198
1.731211,	9.506722
1.731334,	-7.128787
1.731458,	-2.375844
1.731582,	7.126277
1.731706,	2.375008
1.731829,	4.749179
1.731953,	-4.748343
1.732077,	11.868766
1.732201,	11.866676
1.732324,	7.118752
1.732448,	4.744999
1.732572,	7.116244
1.732696,	14.229982
1.73282,	4.742492
1.732944,	2.370828
1.733068,	2.370411
1.733192,	11.849965
1.733316,	14.217453
1.73344,	4.738316
1.733564,	2.368741
1.733688,	9.473293
1.733812,	7.103718
1.733936,	9.469954
1.73406,	7.101214
1.734185,	-7.099963
1.734309,	2.366237
1.734433,	14.194921
1.734557,	4.730806
1.734681,	2.364986
1.734806,	0
1.73493,	7.092457
1.735054,	7.091207
1.735179,	9.453276
1.735303,	11.81451
1.735427,	0
1.735552,	-2.362069
1.735676,	9.446609
1.735801,	7.083707
1.735925,	2.360819
1.73605,	11.802015
1.736174,	2.359987
1.736299,	11.797852
1.736423,	9.436617
1.736548,	7.076214
1.736672,	11.79161
1.736797,	-7.073718
1.736922,	9.429959
1.737046,	11.785369
1.737171,	11.783289
1.737296,	0
1.73742,	9.423305
1.737545,	9.421641
1.73767,	11.774974
1.737795,	7.063737
1.73792,	4.708327
1.738045,	14.122487
1.738169,	-7.059997
1.738294,	11.764585
1.738419,	7.057505
1.738544,	18.816689
1.738669,	2.351671
1.738794,	7.053767
1.738919,	2.35084
1.739044,	14.102551
1.739169,	7.050031
1.739294,	7.048786
1.739419,	9.396721
1.739544,	11.743826
1.739669,	11.741752
1.739795,	7.043807
1.73992,	14.085125
1.740045,	7.041318
1.74017,	11.733457
1.740295,	28.155321
1.740421,	4.691724
1.740546,	4.690895
1.740671,	-2.345033
1.740796,	9.378475
1.740922,	2.344204
1.741047,	2.34379
1.741173,	9.373503
1.741298,	11.714808
1.741424,	11.712737
1.741549,	7.0264
1.741674,	7.025158
1.7418,	9.365221
1.741925,	2.340891
1.742051,	-4.680955
1.742177,	14.040381
1.742302,	9.358599
1.742428,	7.017708
1.742553,	-4.677645
1.742679,	16.36886
1.742805,	9.35198
1.742931,	0
1.743056,	11.68584
1.743182,	11.683773
1.743308,	2.336341
1.743433,	4.671856
1.743559,	7.006544
1.743685,	9.340405
1.743811,	0
1.743937,	9.3371
1.744063,	7.001586
1.744189,	14.000693
1.744315,	2.333036
1.744441,	0
1.744567,	0
1.744693,	0
1.744819,	2.331385
1.744945,	23.309719
1.745071,	-9.322237
1.745197,	11.650733
1.745323,	9.318936
1.745449,	2.329321
1.745576,	16.302362
1.745702,	4.656993
1.745828,	13.968506
1.745954,	9.310688
1.74608,	0
1.746207,	9.30739
1.746333,	9.305741
1.746459,	9.304093
1.746586,	11.628056
1.746712,	11.625996
1.746838,	-2.324787
1.746965,	16.270628
1.747091,	11.619818
1.747218,	13.94131
1.747344,	4.64628
1.747471,	16.259098
1.747597,	20.90085
1.747724,	2.321905
1.74785,	-2.321493
1.747977,	23.210819
1.748104,	4.641341
1.74823,	-2.320259
1.748357,	16.238935
1.748484,	6.95831
1.74861,	4.638051
1.748737,	6.955842
1.748864,	4.636406
1.748991,	16.224543
1.749117,	2.317381
1.749244,	9.267879
1.749371,	2.316559
1.749498,	6.948444
1.749625,	4.631474
1.749752,	4.630653
1.749879,	4.629832
1.750005,	2.314505
1.750133,	6.942284
1.75026,	11.568419
1.750387,	6.93982
1.750514,	6.938589
1.750641,	2.312453
1.750768,	6.936127
1.750895,	4.623264
1.751022,	9.244886
1.751149,	9.243246
1.751276,	9.241605
1.751404,	6.929974
1.751531,	6.928743
1.751658,	11.545856
1.751785,	6.926283
1.751913,	9.233405
1.75204,	0
1.752167,	2.307532
1.752295,	2.307122
1.752422,	16.146984
1.75255,	4.612605
1.752677,	9.223572
1.752804,	13.8329
1.752932,	4.610147
1.753059,	4.609329
1.753187,	0
1.753314,	18.430765
1.753442,	13.820619
1.75357,	6.909081
1.753697,	11.51309
1.753825,	11.511044
1.753953,	11.508999
1.75408,	9.205563
1.754208,	-2.300982
1.754336,	9.202291
1.754463,	2.300164
1.754591,	2.299755
1.754719,	-2.299346
1.754847,	6.896812
1.754975,	2.298529
1.755103,	0
1.75523,	9.190846
1.755358,	6.891909
1.755486,	-2.296895
1.755614,	13.778917
1.755742,	4.592155
1.75587,	-2.29567
1.755998,	-6.885784
1.756126,	0
1.756254,	6.883335
1.756382,	2.294037
1.75651,	2.293629
1.756639,	13.759323
1.756767,	4.585625
1.756895,	-2.292405
1.757023,	-4.583993
1.757151,	0
1.75728,	-2.291181
1.757408,	0
1.757536,	6.871098
1.757665,	6.869874
1.757793,	11.447753
1.757921,	16.024002
1.758049,	4.577471
1.758178,	20.594954
1.758306,	-6.863763
1.758435,	9.150054
1.758563,	13.722638
1.758692,	6.860097
1.75882,	11.431459
1.758949,	9.143539
1.759078,	0
1.759206,	9.140284
1.759335,	20.561974
1.759463,	13.705542
1.759592,	0
1.759721,	13.70066
1.759849,	9.132146
1.759978,	9.130519
1.760107,	6.846669
1.760236,	11.409082
1.760364,	4.56282
1.760493,	4.562007
1.760622,	2.280597
1.760751,	6.840572
1.76088,	15.958489
1.761009,	4.558756
1.761138,	6.836915
1.761267,	4.557131
1.761396,	15.947115
1.761525,	6.83326
1.761654,	6.832042
1.761783,	9.107765
1.761912,	9.106141
1.762041,	9.104517
1.76217,	6.82717
1.762299,	13.651906
1.762428,	15.924384
1.762558,	4.549013
1.762687,	6.822302
1.762816,	9.09478
1.762945,	4.546579
1.763075,	0
1.763204,	6.817436
1.763333,	9.088292
1.763463,	6.815003
1.763592,	4.542525
1.763721,	2.270857
1.763851,	9.081808
1.76398,	0
1.76411,	4.539284
1.764239,	13.61542
1.764369,	11.344159
1.764498,	6.805281
1.764628,	0
1.764757,	6.802851
1.764887,	6.801637
1.765017,	4.533615
1.765146,	11.332014
1.765276,	13.595989
1.765406,	11.327969
1.765535,	-2.265189
1.765665,	9.059138
1.765795,	0
1.765925,	9.055903
1.766054,	15.845
1.766184,	2.263167
1.766314,	9.051052
1.766444,	13.574152
1.766574,	-4.523909
1.766704,	11.307753
1.766834,	0
1.766964,	4.521485
1.767094,	6.781015
1.767224,	6.779804
1.767354,	0
1.767484,	11.295635
1.767614,	6.77617
1.767744,	9.033278
1.767874,	4.515832
1.768004,	6.772537
1.768135,	9.028436
1.768265,	11.283526
1.768395,	18.050415
1.768525,	15.791289
1.768656,	13.532971
1.768786,	24.806011
1.768916,	2.254689
1.769047,	2.254285
1.769177,	-4.507765
1.769307,	4.506958
1.769438,	0
1.769568,	2.252673
1.769699,	11.261352
1.769829,	15.763072
1.76996,	13.508787
1.77009,	13.506371
1.770221,	11.253295
1.770351,	6.750769
1.770482,	2.249854
1.770613,	15.746158
1.770743,	15.74334
1.770874,	2.248646
1.771005,	8.992974
1.771135,	4.495683
1.771266,	4.494878
1.771397,	17.976294
1.771528,	20.219709
1.771658,	8.984929
1.771789,	15.72081
1.77192,	8.981711
1.772051,	11.22513
1.772182,	8.978496
1.772313,	20.197998
1.772444,	0
1.772575,	20.190763
1.772706,	11.215082
1.772837,	6.727844
1.772968,	11.211065
1.773099,	8.967246
1.77323,	17.931278
1.773361,	8.964033
1.773492,	6.72182
1.773624,	13.441232
1.773755,	6.719412
1.773886,	8.95761
1.774017,	8.956005
1.774148,	24.624601
1.77428,	2.238199
1.774411,	11.188989
1.774542,	13.42438
1.774674,	6.710987
1.774805,	6.709784
1.774936,	8.944775
1.775068,	11.178964
1.775199,	13.412352
1.775331,	8.939964
1.775462,	6.703771
1.775594,	11.170948
1.775725,	-4.467578
1.775857,	6.700165
1.775989,	0
1.77612,	8.930349
1.776252,	8.928748
1.776384,	6.69536
1.776515,	6.694159
1.776647,	4.461972
1.776779,	2.230586
1.77691,	6.690557
1.777042,	8.919141
1.777174,	15.605697
1.777306,	13.373911
1.777438,	6.685755
1.77757,	11.140926
1.777701,	11.138927
1.777833,	2.227386
1.777965,	4.453971
1.778097,	13.359515
1.778229,	2.226186
1.778361,	2.225786
1.778493,	13.352322
1.778625,	2.224987
1.778757,	15.572115
1.77889,	8.896753
1.779022,	4.447578
1.779154,	6.670169
1.779286,	8.891961
1.779418,	4.445182
1.779551,	11.110959
1.779683,	4.443585
1.779815,	4.442787
1.779947,	0
1.78008,	6.661787
1.780212,	4.440393
1.780344,	4.439595
1.780477,	4.438797
1.780609,	4.438
1.780742,	4.437202
1.780874,	2.218203
1.781007,	-2.217804
1.781139,	2.217405
1.781272,	8.868027
1.781404,	15.516257
1.781537,	11.081048
1.781669,	15.510679
1.781802,	2.215413
1.781935,	2.215014
1.782067,	15.502315
1.7822,	-2.214218
1.782333,	11.069099
1.782466,	19.920795
1.782598,	2.213024
1.782731,	6.637877
1.782864,	13.273366
1.782997,	8.84732
1.78313,	13.268592
1.783263,	6.633102
1.783396,	2.210636
1.783529,	11.051193
1.783661,	8.839364
1.783795,	6.62833
1.783928,	6.627137
1.784061,	4.417296
1.784194,	6.624752
1.784327,	6.62356
1.78446,	6.622367
1.784593,	8.828234
1.784726,	6.619984
1.784859,	15.443848
1.784993,	6.6176
1.785126,	13.232819
1.785259,	13.230435
1.785392,	0
1.785526,	2.204278
1.785659,	15.427172
1.785792,	19.831362
1.785926,	8.812351
1.786059,	13.216146
1.786193,	0
1.786326,	-2.201898
1.786459,	11.007505
1.786593,	4.402209
1.786726,	0
1.78686,	-2.200311
1.786994,	8.79966
1.787127,	10.997593
1.787261,	17.592978
1.787394,	8.794904
1.787528,	15.388308
1.787662,	4.395867
1.787796,	2.197537
1.787929,	19.774271
1.788063,	8.786981
1.788197,	4.392698
1.788331,	6.587859
1.788465,	4.391114
1.788598,	10.975807
1.788732,	6.584297
1.788866,	-4.38874
1.789,	6.581922
1.789134,	2.193578
1.789268,	10.965914
1.789402,	10.963936
1.789536,	8.769567
1.78967,	10.959981
1.789804,	13.149605
1.789938,	6.573617
1.790072,	13.14486
1.790206,	10.952074
1.790341,	6.570059
1.790475,	2.189625
1.790609,	15.324605
1.790743,	6.566503
1.790878,	-4.376878
1.791012,	10.940221
1.791146,	2.187649
1.791281,	-4.374509
1.791415,	2.18686
1.791549,	-4.37293
1.791684,	4.37214
1.791818,	-2.185675
1.791953,	2.185281
1.792087,	4.369772
1.792222,	4.368983
1.792356,	6.552291
1.792491,	0
1.792625,	6.549925
1.79276,	4.365828
1.792895,	8.730079
1.793029,	8.728501
1.793164,	-2.181731
1.793299,	6.544011
1.793433,	6.542829
1.793568,	0
1.793703,	6.540464
1.793838,	6.539283
1.793973,	8.717468
1.794107,	4.357946
1.794242,	2.178579
1.794377,	17.425484
1.794512,	2.177792
1.794647,	10.886991
1.794782,	2.177005
1.794917,	10.883055
1.795052,	13.057305
1.795187,	4.351648
1.795322,	10.877153
1.795457,	6.525112
1.795592,	4.349288
1.795727,	6.522752
1.795863,	-2.173857
1.795998,	6.520393
1.796133,	10.865355
1.796268,	4.345356
1.796404,	6.516855
1.796539,	10.85946
1.796674,	8.685996
1.79681,	8.684424
1.796945,	15.194993
1.79708,	8.681282
1.797216,	6.509783
1.797351,	-4.33907
1.797487,	8.67657
1.797622,	17.349998
1.797758,	13.010144
1.797893,	6.503894
1.798029,	13.005434
1.798164,	6.50154
1.7983,	6.500363
1.798436,	15.164767
1.798571,	10.830015
1.798707,	8.662443
1.798843,	6.495656
1.798979,	8.659307
1.799114,	12.986608
1.79925,	4.328085
1.799386,	-2.163651
1.799522,	12.979552
1.799658,	6.4886
1.799793,	8.6499
1.799929,	12.972499
1.800065,	15.131841
