1.53098129113823,	20.754446
1.53113694216787,	15.094142
1.53129285744476,	7.545405
1.5314485718364,	18.859348
1.5316044332987,	13.198628
1.53176032838165,	18.851019
1.53191636875681,	32.039658
1.53207232735045,	18.842693
1.53222831580911,	15.070826
1.53238422241238,	20.717808
1.53254038993204,	24.479273
1.53269647561649,	11.29563
1.53285259120325,	15.057511
1.53300874049137,	7.527092
1.53316491970046,	15.050857
1.5333212482888,	16.928471
1.53347749118269,	31.968933
1.53363376781842,	16.920988
1.53379019014091,	15.037553
1.53394653052067,	16.913507
1.53410290087749,	22.546356
1.53425941891756,	13.149132
1.5344158549745,	15.024256
1.53457243688311,	15.020933
1.53472893678165,	24.403616
1.53488558259791,	16.891073
1.53504214637714,	26.26919
1.53519885614017,	24.387423
1.53535548383921,	5.626621
1.53551225758818,	15.001003
1.53566906525832,	11.248262
1.5358257870203,	18.742954
1.53598254267645,	35.603729
1.53613944451493,	16.861191
1.53629638031537,	14.984406
1.53645334628121,	16.853724
1.53661034622944,	13.10555
1.53676726018382,	20.589874
1.53692432429544,	3.742784
1.53708130238461,	18.709776
1.53723854694832,	22.446756
1.53739558923536,	13.091041
1.53755278181557,	11.218406
1.53771012095752,	11.215919
1.53786726152232,	24.295774
1.53802454866781,	16.816423
1.53818186989811,	13.076541
1.53833922140734,	24.279621
1.53849660702192,	13.070745
1.53865402293441,	16.801517
1.53881158946021,	16.797791
1.53896895332809,	14.928059
1.53912646782985,	20.521528
1.53928401266753,	20.516977
1.5394417082551,	26.106724
1.53959920103195,	13.050467
1.53975696120987,	14.91151
1.53991475180958,	22.362301
1.54007234330858,	14.904893
1.54023019855742,	26.077774
1.54038797135679,	13.035994
1.54054589131845,	16.756842
1.54070372880346,	9.30729
1.54086171351773,	13.027314
1.54101961572817,	11.16379
1.54117754838897,	24.18284
1.5413355153407,	9.299027
1.54149362965575,	18.593924
1.54165166141257,	11.153876
1.54180984059982,	16.727098
1.54196793720162,	22.297844
1.54212606431121,	16.719667
1.54228434278769,	9.28664
1.54244265183916,	12.998407
1.5426008782507,	12.995519
1.54275936938014,	12.99263
1.54291754367064,	11.134065
1.54307609988029,	22.26318
1.54323445628556,	14.83882
1.5433929604575,	18.544401
1.54355149911383,	16.686251
1.54371006842216,	22.243387
1.54386855498143,	3.706407
1.5440271894422,	14.82233
1.5441858584291,	22.228548
1.54434456002997,	29.631472
1.5445032923311,	22.21866
1.54466205918971,	29.618288
1.54482085676791,	14.805849
1.54497968892452,	16.652874
1.54513843437278,	18.499075
1.54529744931496,	14.795965
1.54545637756815,	9.24542
1.54561534044166,	14.789379
1.54577433409285,	24.02739
1.54593336238533,	16.630644
1.54609242147489,	9.237189
1.54625151522673,	25.85837
1.54641063979507,	9.233075
1.54656991671167,	14.769629
1.54672899106358,	16.612131
1.54688833163956,	7.381525
1.54704758924117,	11.06982
1.54720699546984,	20.290148
1.54736631869672,	14.753183
1.54752567280819,	12.906158
1.54768517951138,	14.746608
1.54784448144916,	18.42915
1.54800417176638,	18.425043
1.54816365728913,	20.263027
1.54832317761107,	9.208413
1.54848284876608,	16.571447
1.54864243294204,	18.408613
1.54880216995378,	22.085409
1.54896181995739,	11.040242
1.54912162286661,	23.915188
1.5492813387386,	23.909853
1.5494412075861,	14.710473
1.54960098936725,	22.060785
1.54976092419383,	22.055862
1.54992077192494,	23.888519
1.55008077277147,	20.208851
1.5502408066557,	18.36758
1.55040087164937,	16.527132
1.55056085336627,	20.19532
1.55072098446091,	25.697395
1.55088115057311,	25.691656
1.55104134783412,	22.016502
1.55120158013399,	14.67439
1.55136184554329,	25.674446
1.55152214213097,	25.668711
1.55168247378951,	14.664557
1.55184283664616,	21.991922
1.55200311610184,	18.322506
1.55216354524408,	23.813936
1.55232400949989,	20.14575
1.55248462356003,	20.141247
1.55264503562172,	7.322453
1.55280559945206,	12.811428
1.55296631318999,	9.148974
1.55312682481442,	10.976314
1.55328760505565,	23.776695
1.55344830182055,	25.599947
1.55360902989242,	14.625269
1.55376991193733,	10.966498
1.55393070851788,	23.75543
1.55409153643516,	18.26932
1.55425239959461,	18.265232
1.55441341297217,	14.608916
1.55457434277649,	12.779942
1.55473542481742,	21.903568
1.55489641935869,	20.073776
1.5550574491959,	9.122401
1.55521851043948,	21.888863
1.55537972600985,	16.412971
1.55554085402186,	23.702316
1.55570213643157,	9.114235
1.55586333320572,	14.57951
1.55602468054415,	16.398275
1.55618594417063,	14.572979
1.55634735843077,	14.569715
1.55650880813334,	12.745645
1.55667017017467,	20.024382
1.55683156763063,	20.019896
1.55699311781418,	18.195826
1.55715469957344,	16.372574
1.55731631682931,	14.550137
1.55747784635033,	25.457031
1.55763953069552,	12.725662
1.55780136799382,	19.992987
1.55796299815766,	34.525597
1.55812478325259,	27.250938
1.55828659999356,	16.346895
1.55844845230717,	14.527315
1.55861021874182,	14.524056
1.5587721363321,	16.335897
1.55893420908156,	12.702848
1.55909607441964,	25.399996
1.5592580949387,	29.022053
1.5594202687639,	25.388597
1.55958223505886,	12.69145
1.55974435664209,	19.93923
1.55990650997218,	19.934755
1.5600688187119,	21.742123
1.56023092172592,	18.114368
1.5603931762451,	23.543392
1.56055558628144,	18.106234
1.56071790833744,	21.722601
1.56088026612978,	14.478482
1.56104277758255,	19.90344
1.56120520101059,	10.853984
1.56136766020785,	21.703091
1.56153015125324,	23.506399
1.56169279806714,	14.462225
1.56185535876434,	19.881092
1.56201795134014,	21.683588
1.56218069979238,	14.452477
1.56234336208467,	18.061535
1.56250605628608,	19.863222
1.56266890647194,	27.080122
1.56283166848489,	23.464161
1.56299458655438,	27.067945
1.56315741839182,	27.061857
1.56332040241688,	14.429745
1.56348342240419,	18.033123
1.56364647639385,	23.437786
1.5638094421215,	25.235014
1.56397256412229,	18.020954
1.56413559783133,	19.81859
1.5642987878858,	19.814129
1.56446201199585,	23.411428
1.56462526819791,	18.004738
1.56478843999719,	18.000685
1.56495164583377,	17.996632
1.56511500424661,	14.394064
1.56527839874343,	34.178204
1.56544182538354,	14.387583
1.56560540870913,	14.384342
1.5657687850171,	21.571653
1.56593231407851,	17.972328
1.56609587927943,	28.749249
1.56625947865343,	21.557077
1.56642311023245,	17.960184
1.56658665725384,	23.342978
1.56675035720613,	35.904182
1.56691409335356,	16.15324
1.56707798453389,	19.7384
1.56724178718981,	19.73395
1.56740562607432,	25.110273
1.56756949921773,	34.070545
1.56773340464868,	28.684515
1.56789746727432,	16.131401
1.56806132232588,	30.463552
1.56822545161184,	28.665112
1.5683894962355,	21.493984
1.5685535751826,	19.698374
1.56871768647935,	25.065001
1.56888195518978,	23.269392
1.56904613719682,	32.211887
1.56921047271986,	19.680601
1.56937472349579,	30.408607
1.56953912785923,	30.401745
1.56970344744727,	23.243145
1.5698678014451,	32.175549
1.57003230913778,	25.019777
1.5701967320126,	32.161022
1.57036118932966,	10.717919
1.57052580044903,	23.216913
1.57069044807189,	26.782696
1.57085500883107,	26.776646
1.57101972350015,	30.34001
1.57118435326635,	28.548851
1.57134901753982,	30.326302
1.57151383583086,	21.401962
1.57167869069309,	24.963314
1.57184358014614,	23.17498
1.57200838064037,	26.734318
1.5721733392818,	24.946388
1.57233845416537,	23.159267
1.57250335845186,	30.278347
1.57266842099605,	17.806765
1.5728333965012,	24.923834
1.57299864806855,	28.477938
1.57316381461371,	30.250965
1.5733288940759,	28.465055
1.57349412798766,	23.122625
1.57365939860652,	28.452177
1.57382470394714,	39.112892
1.57399004202253,	15.997108
1.57415541683909,	28.432865
1.57432082641026,	21.319822
1.5744862687478,	26.643745
1.57465174786065,	19.534323
1.57481726176098,	26.631683
1.57498280845933,	21.300522
1.5751485140209,	26.619623
1.57531401029539,	33.710552
1.5754797835584,	26.607567
1.5756454715857,	33.695282
1.5758111944664,	14.184274
1.57597707239069,	35.452648
1.57614286503646,	31.900156
1.57630869256865,	28.349268
1.57647455299401,	33.657127
1.57664045033164,	26.565393
1.57680650489957,	19.476873
1.57697259444951,	19.472458
1.57713859462419,	35.396442
1.5773047541451,	24.771891
1.57747082626726,	22.997255
1.57763693135688,	28.297895
1.577803073439,	30.059694
1.57796937300919,	31.820692
1.57813570563037,	19.441566
1.57830207533015,	31.806257
1.57846823497398,	19.432747
1.57863467278669,	33.558037
1.57880114771255,	22.955551
1.57896765775334,	30.011986
1.57913420292017,	21.180122
1.57930065851463,	37.056801
1.57946715121662,	22.934717
1.57963380177607,	24.693319
1.5798006082691,	24.687712
1.57996720640453,	38.786167
1.58013396250853,	31.726929
1.58030062894895,	26.433102
1.58046757832506,	21.141678
1.5806344400739,	36.989532
1.58080133706013,	24.654087
1.5809681443219,	31.690908
1.58113511179003,	26.40309
1.58130211452905,	29.916702
1.58146915053317,	31.669308
1.58163622384709,	36.939129
1.58180333246545,	28.137699
1.58197047438119,	29.889509
1.58213765364158,	36.91394
1.58230486824,	29.875919
1.58247211818766,	36.897156
1.58263952469322,	33.375549
1.58280684539861,	31.611748
1.58297420148689,	36.871983
1.58314159094804,	33.352776
1.58330901783534,	35.100197
1.58347648013922,	29.828381
1.58364410124481,	36.838436
1.58381150901872,	26.307182
1.5839793244916,	19.287542
1.58414680517378,	43.825344
1.58431456620908,	36.804909
1.58448224130002,	28.035452
1.58464995188632,	31.532701
1.58481782153611,	36.779774
1.5849857247302,	28.016304
1.58515354192217,	33.261784
1.58532151829003,	28.003544
1.58548940457324,	33.246632
1.58565732844635,	36.737907
1.58582528789386,	34.980511
1.58599340666728,	38.469795
1.58616155906122,	31.468113
1.5863297491445,	47.19141
1.58649785108098,	36.696064
1.58666611249367,	33.193634
1.58683428369905,	31.439432
1.58700261648609,	33.178501
1.58717098499071,	34.916775
1.58733938922427,	36.654251
1.58750770318909,	41.88102
1.58767617888791,	31.403601
1.5878446903498,	36.629177
1.58801311149685,	36.620819
1.58818169449227,	41.842819
1.58835043739322,	47.062431
1.58851896788624,	26.139828
1.58868765627217,	26.133863
1.58885638252457,	31.353477
1.58902514461984,	45.278019
1.58919394256942,	31.339165
1.58936277434757,	38.294678
1.58953164403961,	36.545666
1.58970054962025,	31.317703
1.58986949110093,	34.789501
1.59003846645422,	38.259712
1.5902074797689,	39.989655
1.59037652901798,	39.980518
1.5905457386645,	39.971386
1.59071485780261,	48.649696
1.59088401494971,	48.63858
1.59105320807709,	41.680687
1.59122243719623,	29.517071
1.59139182486029,	29.510324
1.59156112602349,	31.239084
1.59173046321294,	29.496834
1.59189983644012,	36.428936
1.59206924367246,	57.23238
1.59223881372589,	31.210524
1.59240841990472,	41.604511
1.59257793745067,	31.196247
1.59274748904611,	32.921841
1.59291720361679,	48.505299
1.59308682950948,	34.638714
1.5932566164083,	43.288486
1.59342643745424,	41.547436
1.59359617182421,	43.268677
1.59376594235878,	48.449825
1.59393587405221,	43.248871
1.594105714928,	50.157204
1.59427571908797,	32.854095
1.59444575951216,	41.490406
1.59461583621217,	53.579502
1.59478582203251,	43.199379
1.59495597129186,	51.827385
1.59512603169246,	32.81649
1.59529637875416,	37.989338
1.59546651175751,	44.886204
1.59563667899968,	53.505905
1.59580713515099,	39.688835
1.5959773771185,	43.13015
1.59614790607258,	67.267616
1.59631821870413,	43.110382
1.59648869512386,	48.27256
1.59665920795902,	70.668617
1.59682975722129,	48.250427
1.59700034292234,	37.902359
1.59717096301663,	41.338543
1.59734162162985,	46.495197
1.59751219117273,	43.041233
1.59768292271847,	37.867596
1.5978538143003,	46.463207
1.5980246188786,	41.291153
1.59819545997754,	46.441891
1.59836633760884,	73.946037
1.59853725178421,	36.104893
1.59870832618642,	65.317665
1.59887918775246,	72.176636
1.599050337416,	60.133392
1.59922152372439,	56.684181
1.59939261878655,	41.215393
1.59956362665893,	49.790497
1.59973492289119,	60.078178
1.59990612989467,	54.916004
1.60007749949561,	58.334854
1.60024877777225,	60.036789
1.60042022078858,	53.163223
1.60059157451538,	66.867401
1.6007629649391,	49.710487
1.60093439207153,	58.267868
1.60110597996672,	54.82774
1.60127748057853,	66.805954
1.60144914409814,	63.365433
1.60162084442778,	56.502125
1.60179258157926,	65.048096
1.60196422724997,	77.012924
1.60213591178124,	54.752151
1.60230775941477,	49.607727
1.60247964391755,	64.988274
1.60265143894822,	51.294731
1.60282339512619,	64.958374
1.60299539028038,	66.652473
1.60316729591673,	76.889
1.60333936488914,	63.205296
1.60351147080207,	68.314323
1.60368348507736,	58.05381
1.60385566487939,	68.282875
1.60402788165763,	56.320404
1.60420013542399,	83.608017
1.60437242619039,	66.529831
1.60454475189249,	47.754009
1.60471711669429,	73.319626
1.60488951853192,	75.007446
1.6050619574173,	83.51178
1.60523443336239,	78.380753
1.60540694430063,	74.95562
1.60557949440053,	71.532066
1.60575208159599,	74.921082
1.60592457902912,	57.880222
1.60609724042432,	85.098358
1.60627006587542,	71.466141
1.60644279949164,	78.254395
1.60661557234403,	90.141884
1.60678838236384,	73.117119
1.60696122956307,	78.200279
1.60713424101476,	90.079544
1.60730716055275,	69.668098
1.60748011938916,	86.640335
1.60765311545302,	91.71566
1.60782627592685,	79.808174
1.60799934650907,	89.975685
1.60817245435483,	84.863136
1.60834559739006,	84.843552
1.60851890707865,	72.948616
1.60869225412176,	101.765274
1.6088655111965,	91.567604
1.60903880559503,	91.546463
1.60921213524105,	88.135498
1.6093857591575,	89.809669
1.60955916565427,	103.341972
1.60973260952312,	103.318108
1.60990621827588,	94.827499
1.61007986447989,	106.656296
1.61025329094672,	111.709351
1.61042713961636,	111.68354
1.61060077060908,	99.815247
1.61077456668381,	108.249146
1.61094827260557,	108.224129
1.61112214368865,	118.342781
1.61129592249417,	121.695862
1.61146999638128,	108.149094
1.61164385233377,	114.881844
1.61181787360646,	101.342888
1.61199193246398,	133.403946
1.61216602891849,	118.178696
1.61234003509664,	96.208961
1.61251433257031,	118.124031
1.61268841394767,	114.722511
1.61286266088396,	106.262436
1.61303694547821,	128.159943
1.61321126774262,	129.816208
1.61338549963797,	107.874222
1.61356002323115,	111.219543
1.61373445857892,	133.095596
1.61390893164574,	149.908432
1.61408344244386,	139.769882
1.6142579909855,	136.370346
1.61443257728293,	122.873207
1.61460732959383,	119.479141
1.61478186109128,	122.816299
1.61495656072912,	141.290131
1.61513142650049,	131.167587
1.615306201788,	149.630905
1.61548101490489,	126.06424
1.61565599427553,	147.881104
1.61583075467594,	166.327682
1.61600580771636,	151.171936
1.616180772301,	171.288483
1.61635590329987,	135.991669
1.61653081515517,	151.066818
1.61670602202837,	166.134979
1.61688113827817,	152.674515
1.6170564211029,	140.897644
1.61723161116395,	139.187988
1.61740696998916,	142.50885
1.61758223812884,	150.85672
1.61775767300442,	130.712158
1.61793301716339,	150.786728
1.61810839933658,	160.801865
1.61828394836654,	140.668976
1.61845953337893,	169.098434
1.61863502972446,	164.037628
1.61881069304777,	158.979156
1.61898639450315,	165.634552
1.61916200513299,	173.959518
1.61933778286176,	143.817749
1.61951346973384,	180.566391
1.61968932378569,	155.451599
1.61986521391563,	157.086624
1.62004114436785,	158.720886
1.62021711303916,	192.091171
1.62039299077581,	193.716507
1.6205690358946,	190.332336
1.62074511926985,	180.272934
1.62092124091403,	191.912674
1.62109727156112,	171.847046
1.62127346763272,	135.110443
1.62144983346475,	168.43187
1.62162597894618,	140.049393
1.6218022920937,	158.352356
1.62197877300422,	129.985382
1.62215503343286,	148.28215
1.62233146164953,	133.256332
1.6225079282476,	154.874451
1.62268443111615,	169.822784
1.62286097451417,	138.156967
1.6230375563312,	161.422989
1.62321430619615,	131.437607
1.62339096491704,	139.723923
1.62356766209459,	131.376434
1.62374439774137,	156.284927
1.62392117186992,	137.964142
1.62409798449283,	147.903015
1.62427496328084,	144.545685
1.62445185295799,	159.461533
1.62462891100963,	129.532318
1.6248057479212,	162.707825
1.62498288313141,	169.309525
1.62515992704086,	170.929581
1.62533713948843,	146.002899
1.62551426060384,	165.873718
1.625691420327,	182.418579
1.62586874871118,	170.770309
1.62604598358381,	192.279022
1.6262232592339,	188.919815
1.62640070366804,	162.366882
1.62657805667575,	192.144562
1.6267555785496,	211.972153
1.62693313917653,	210.267075
1.62711073856924,	208.562775
1.62728824647258,	205.204376
1.62746579311023,	205.156509
1.62764350881953,	213.37915
1.62782126120848,	208.368225
1.62799905456318,	213.279587
1.62817675634979,	221.494537
1.62835462737276,	221.442841
1.62853240679611,	226.347672
1.62871048603386,	257.678802
1.62888834317335,	226.242004
1.62906636971414,	237.746292
1.62924430459222,	249.245193
1.62942253956388,	250.837234
1.62960055226006,	268.927094
1.62977873238066,	258.967438
1.6299569536124,	255.608765
1.63013521382647,	235.764603
1.63031351303565,	258.78598
1.63049185125274,	266.965179
1.63067022849055,	275.140533
1.63084864476188,	299.783661
1.63102710007955,	283.245819
1.63120559445637,	283.179596
1.6313842588296,	307.803528
1.63156270043879,	286.33844
1.63174131207006,	294.497681
1.63192009382225,	310.87735
1.63209878156784,	296.004425
1.63227751059735,	269.629822
1.63245627877592,	290.934845
1.63263508611641,	272.790314
1.63281393263169,	295.727539
1.63299294951738,	297.300873
1.63317187444963,	346.496155
1.63335083859532,	302.087067
1.63352984196734,	338.127014
1.63370901587643,	303.58667
1.63388809776862,	313.359344
1.63406721892586,	319.846954
1.63424651074532,	285.335052
1.63442570834593,	322.976105
1.63460507884611,	316.344116
1.63478435725,	312.992584
1.63496367498359,	314.557587
1.63514316358828,	332.501221
1.63532269160632,	340.611084
1.63550212746447,	315.973724
1.63568173431925,	338.814667
1.63586124898233,	350.190063
1.6360408030529,	348.471985
1.63622052824575,	363.110992
1.63640029292991,	403.907166
1.63658009711839,	362.940765
1.63675994082421,	385.738434
1.63693969224277,	398.720795
1.63711961499341,	387.191254
1.63729957730048,	403.433777
1.63747944511009,	395.174377
1.63765948653971,	442.426147
1.63783956756492,	465.172943
1.63801968819878,	442.218567
1.63819971643371,	442.114777
1.63837991629504,	445.273102
1.63856015580424,	445.168579
1.63874043497439,	458.106232
1.63892075381859,	485.706787
1.63910111234993,	454.632141
1.63928151058152,	480.59137
1.63946194852647,	529.340698
1.63964242619789,	514.561157
1.63982281132651,	573.047424
1.64000350077263,	618.485413
1.64018409770222,	559.760498
1.6403647344108,	558.002136
1.64054541091152,	513.95697
1.64072612721752,	499.20163
1.64090688117053,	442.185455
1.6410876771261,	419.327301
1.64126864544218,	375.355957
1.64144952112967,	420.7547
1.6416304366883,	371.931183
1.64181152473466,	365.348633
1.64199252010435,	371.756256
1.64217355538476,	386.275909
1.64235463058908,	340.751495
1.64253587845098,	374.738464
1.64271703357204,	353.566101
1.64289822865668,	371.319183
1.64307959652643,	343.673126
1.64326087160719,	345.212952
1.64344218669123,	356.47406
1.64362367468808,	340.190613
1.64380506984772,	377.360718
1.6439865050504,	377.271881
1.64416811329373,	406.321655
1.64434976166536,	411.081268
1.64453131713546,	444.96347
1.64471304577422,	459.417694
1.64489481458119,	467.395905
1.64507649043834,	476.987213
1.64525833959228,	505.97229
1.64544009576419,	573.73114
1.64562202531839,	588.137756
1.64580386185832,	571.845337
1.64598587186611,	576.555603
1.64616792213544,	587.722046
1.64634987934214,	608.568604
1.64653201014516,	664.910217
1.64671418124981,	630.870361
1.64689639266949,	635.560852
1.64707850877417,	630.572815
1.64726093431915,	699.754639
1.64744313324903,	714.097168
1.64762550603263,	754.21814
1.64780791919822,	807.209717
1.64799037275921,	800.575989
1.64817286672902,	808.439209
1.64835540112108,	864.600403
1.64853797594882,	883.712463
1.64872059122567,	896.378235
1.64890324696509,	831.809937
1.64908594318052,	823.570862
1.64926867988541,	754.225647
1.64945145709323,	704.206421
1.64963427481744,	696.003113
1.64981726697128,	686.196655
1.65000003186895,	692.46106
1.65018310518237,	697.116272
1.6503659511478,	727.463257
1.65054910567479,	791.511353
1.65073216681026,	773.667969
1.65091526855656,	784.718323
1.65109854503505,	784.532837
1.65128172807336,	750.663757
1.65146495176309,	729.639465
1.65164821611776,	615.638
1.65183165537787,	668.386353
1.65201500113288,	599.322205
1.65219838759348,	613.599243
1.65238194908962,	581.419983
1.65256541703193,	560.465149
1.6527490600966,	605.15918
1.65293260957493,	632.225708
1.65311633426252,	606.473022
1.65329996533123,	684.720337
1.6534836372006,	642.972961
1.65366748440968,	626.8302
1.65385137250645,	684.234253
1.65403516691922,	663.294373
1.65421913680233,	751.022949
1.65440301296888,	720.491821
1.65458706469292,	760.250305
1.65477115737289,	718.553772
1.65495515628739,	729.558411
1.65513933089025,	726.193542
1.65532341169503,	815.377991
1.65550780310052,	754.564392
1.65569196588025,	800.637573
1.65587630452306,	773.341003
1.65606068421761,	814.605347
1.65624497003244,	825.568604
1.6564295690295,	869.98761
1.65661393474358,	810.840149
1.65679848096592,	926.909729
1.65698306609542,	837.523865
1.65716769235903,	875.530212
1.65735222464485,	967.629272
1.6575370683436,	954.670837
1.65772168290617,	976.714722
1.65790647381366,	944.67572
1.65809144117026,	977.841248
1.65827617925118,	1063.44812
1.65846109380878,	1109.283325
1.65864618494738,	1186.873901
1.65883118203754,	1250.131226
1.6590162203996,	1335.591797
1.65920130004738,	1328.923828
1.65938642099469,	1430.198364
1.65957171874315,	1428.271851
1.65975678684321,	1413.65332
1.65994216732039,	1354.627563
1.6601274536344,	1433.597656
1.66031278131716,	1409.475098
1.66049815038249,	1436.08667
1.6606836965137,	1465.854858
1.66086914841611,	1505.114868
1.66105477747277,	1609.298096
1.66124017650741,	1613.666382
1.66142588851479,	1692.442871
1.66161150622766,	1768.016113
1.66179730127174,	1878.367188
1.66198300198843,	1825.712036
1.66216874421272,	1706.650635
1.66235466390111,	1731.545898
1.66254048921276,	1788.047974
1.66272649207719,	1534.731689
1.66291240053196,	1398.470093
1.66309848885882,	1358.641846
1.66328448051303,	1396.225098
1.66347064989758,	1357.995361
1.66365672480658,	1288.209839
1.66384297753482,	1259.49353
1.66402927197113,	1173.985107
1.66421547188243,	1176.860718
1.66440184974642,	1255.439819
1.66458826936053,	1177.877075
1.6647747307388,	1201.243042
1.66496123389525,	1191.50061
1.66514764244415,	1028.921387
1.66533422916855,	919.97998
1.66552072125235,	870.937866
1.66570752809237,	787.278809
1.66589410379782,	747.736633
1.66608085785729,	698.770386
1.66626765379337,	734.792786
1.66645435500618,	715.740967
1.66664137135166,	699.843506
1.66682815856741,	731.122742
1.66701525882655,	763.958984
1.66720212762097,	845.497803
1.66738931184975,	895.573975
1.6675764013173,	967.617493
1.66776339594566,	998.795349
1.66795070623495,	2000
1.66813778482323,	2200
1.6683251792236,	2330
1.66851234182836,	2360
1.66869982039649,	2400
1.66888720408744,	2600
1.66907462986695,	2400
1.66926209774921,	2249
1.66944960774841,	2500
1.66963729701502,	2300
1.66982489357014,	2400
1.67001253003667,	2340
1.67020020867697,	2146.391357
1.67038806676489,	2283.615479
1.67057582982624,	2104.68042
1.67076363510405,	1910.186523
1.67095161996482,	1700.144653
1.67113950974915,	1324.45105
1.67132744179268,	1084.946045
1.67151555355467,	939.332458
1.67170357019031,	837.540527
1.67189176663484,	727.986084
1.67207986791971,	632.540527
1.67226814910397,	598.037231
1.672456337351,	529.206604
1.67264456570197,	447.923218
1.67283297408818,	455.617737
1.67302128723143,	444.588989
1.67320991822436,	358.705292
1.67339831624821,	400.718262
1.6735868944887,	366.32782
1.67377537741951,	349.096985
1.67396404065776,	364.594391
1.67415274643199,	376.968903
1.67434135684643,	319.256714
1.67453014770466,	322.29422
1.67471898340387,	273.962311
1.67490772143184,	245.884537
1.6750966400401,	283.16626
1.67528546320501,	265.988068
1.67547460513813,	295.471497
1.67566365165677,	321.831299
1.67585260268187,	340.406616
1.6760417345151,	352.756989
1.67623090904288,	363.547821
1.67642012627967,	382.09967
1.67660938623994,	321.445831
1.67679855062293,	304.291199
1.67698803665676,	301.113983
1.67717742487482,	283.972382
1.67736671746531,	297.866791
1.67755632966964,	313.305542
1.6777458462754,	314.781036
1.67793526720326,	319.356354
1.67812486944205,	291.3815
1.6783145145348,	266.519104
1.67850434109277,	291.241669
1.67869407196833,	308.208435
1.67888384574146,	240.004227
1.67907366470032,	261.619202
1.67926352431275,	221.316971
1.67945356561997,	227.453033
1.67964351116082,	250.602341
1.67983363848844,	239.716263
1.6800235311683,	245.84343
1.68021374454328,	264.334137
1.68040386208466,	298.270386
1.68059402265482,	305.924072
1.68078422854662,	344.468079
1.68097461422368,	311.954407
1.68116504303633,	324.23111
1.68135537593124,	392.070984
1.68154589102755,	404.322479
1.68173631017243,	404.225281
1.68192677244851,	405.670563
1.68211741706454,	363.936249
1.68230796567856,	386.974731
1.6824985574678,	514.814636
1.68268933401908,	508.526855
1.68288001223486,	565.407471
1.68307087302182,	653.065674
1.68326177710596,	745.30127
1.68345272450199,	768.2146
1.6836435757779,	874.230225
1.68383447033192,	977.117249
1.68402554768884,	1124.568115
1.68421667070421,	1261.181885
1.6844078348182,	1390.041382
1.68459904233262,	1571.106445
1.68479015362547,	1713.661377
1.6849814479534,	1956.022949
1.68517264602592,	2158.327148
1.68536402722649,	2331.353271
1.68555545190145,	2662.445801
1.68574692235733,	2856.757812
1.68593843402604,	3271.972168
1.6861299892136,	3676.24585
1.68632158793484,	3350.161133
1.68651323020462,	3260.405762
1.68670477608345,	3765.581543
1.68689664544917,	3294.0896
1.68708827843568,	2372.276123
1.68728009731219,	2030.043823
1.68747209759783,	1640.492554
1.68766400147138,	1318.509277
1.68785594899755,	1122.223267
1.68804780001393,	950.521912
1.68823983485812,	807.97821
1.68843191339963,	720.579407
1.68862417592638,	570.512268
1.68881634423928,	556.612183
1.68900855399472,	460.164368
1.68920094787604,	431.013397
1.68939324519245,	429.381317
1.68958544586301,	391.085693
1.68977797120103,	374.190857
1.68997039992313,	371.046631
1.69016287478081,	439.652771
1.69035553174287,	396.812897
1.69054809203795,	372.30368
1.69074069620982,	404.248535
1.69093334427349,	422.452057
1.69112617693296,	384.23175
1.6913189128573,	315.542664
1.69151183577909,	324.610352
1.69170465962477,	306.248413
1.69189766825474,	290.941833
1.69209058008139,	300.00882
1.69228353590504,	307.548889
1.69247667665455,	316.607422
1.69266972054953,	276.964508
1.69286295177594,	251.033478
1.6930562248134,	234.241241
1.69324940094509,	214.415756
1.69344262116424,	217.404495
1.69363602659286,	182.393204
1.69382947620359,	144.35968
1.69402282884017,	151.920776
1.6942163691431,	145.808655
1.69440995135928,	116.922386
1.69460343654999,	122.966499
1.69479710723446,	109.277092
1.69499082219197,	107.733261
1.69518444007264,	94.054153
1.69537838730483,	84.931564
1.69557209374338,	78.845924
1.69576598591313,	72.763222
1.69595992243188,	87.900925
1.69615390331486,	72.727974
1.69634778701814,	69.680748
1.69654199823442,	65.120567
1.69673611462317,	87.815758
1.69693013145955,	87.794472
1.69712447604909,	77.179878
1.69731872343794,	69.596344
1.69751287354406,	71.092072
1.69770720985762,	62.001446
1.69790159299757,	72.569458
1.69809601832993,	90.689819
1.69829048819436,	66.489738
1.69848500260618,	93.667358
1.69867956158067,	70.98867
1.69887416513316,	81.541664
1.69906895762073,	72.46389
1.69926365040828,	81.50209
1.69945838781982,	61.866199
1.69965316987071,	67.885445
1.69984799657629,	70.885361
1.70004286795192,	64.836823
1.7002379285534,	55.776276
1.70043288934839,	69.326637
1.70062789485955,	64.789597
1.70082294510227,	72.305702
1.70101818243165,	66.26413
1.70121346692269,	67.753662
1.70140865151837,	75.263557
1.70160388090725,	61.701122
1.7017992975752,	63.190666
1.70199461662946,	58.662788
1.70218998052321,	70.678993
1.70238553417772,	67.65493
1.70258098783008,	66.135399
1.70277662900242,	69.124741
1.70297217247472,	63.098549
1.70316790356351,	66.087166
1.70336353691768,	58.563011
1.70355936032533,	66.055023
1.70375522642201,	58.534523
1.70395099473217,	66.022881
1.70414695090042,	58.506042
1.70434280924753,	49.493065
1.70453871496308,	61.476418
1.70473480633932,	70.455811
1.70493094283774,	59.9478
1.70512698144573,	52.441551
1.70532320820233,	43.440994
1.70551948247365,	55.411217
1.70571579958422,	46.41431
1.705912018735,	53.88736
1.70610842622846,	56.867245
1.70630487895327,	52.364967
1.70650137692504,	47.864876
1.70669792250847,	64.302757
1.70689451102163,	49.336601
1.70709100147081,	59.787365
1.70728768055438,	64.255753
1.7074845483871,	61.252178
1.70768132052154,	55.262878
1.70787799217125,	41.81036
1.70807499617336,	62.700249
1.70827190207332,	38.804974
1.70846870978756,	50.73259
1.70866570883185,	53.703754
1.70886275095724,	58.164875
1.7090598385334,	53.677555
1.70925711529793,	64.099213
1.70945415010091,	47.690102
1.70965152026915,	61.088028
1.70984864601802,	38.729294
1.71004610493918,	43.187515
1.71024346558418,	53.598999
1.71044087179019,	53.585911
1.71063832593291,	43.155888
1.71083582330886,	55.047516
1.71103351031395,	49.084442
1.7112310989557,	47.585407
1.71142887968688,	46.087101
1.71162655965828,	46.075844
1.71182442945527,	43.092678
1.71202205663183,	28.226234
1.71222001788624,	41.586388
1.71241802729131,	40.091358
1.71261579155925,	38.597057
1.71281389015265,	35.619343
1.71301189022551,	26.707975
1.71321008046843,	32.635098
1.71340831894422,	31.144068
1.71360631202573,	28.171074
1.71380478433373,	29.646509
1.71400301357945,	42.976921
1.71420128868732,	35.558407
1.71439975663155,	23.699804
1.71459826816698,	37.021881
1.7147966810243,	23.688206
1.7149951398075,	29.60301
1.71519379162701,	29.595764
1.7153924870994,	34.026798
1.71559122861261,	29.581274
1.71578987136002,	36.967541
1.71598870496933,	23.653431
1.71618744215298,	26.603594
1.71638651284629,	32.507538
1.71658533981383,	23.636055
1.71678435784164,	26.584047
1.71698342439987,	32.48365
1.71718253475026,	29.523355
1.71738154619431,	28.040316
1.71758074889731,	22.131664
1.71778000019721,	32.45182
1.71797929535134,	38.342747
1.71817863675489,	29.48719
1.71837802442397,	30.953957
1.71857745837468,	35.367275
1.71877694100555,	35.358601
1.71897646756843,	39.768669
1.71917589506654,	32.396152
1.71937565970035,	29.443823
1.7195753276863,	41.211239
1.71977503966661,	27.957907
1.71997479804153,	30.893261
1.72017460282722,	36.768665
1.72037445642671,	26.46694
1.72057435408303,	39.690666
1.72077429819868,	32.3326
1.72097428878985,	38.201874
1.72117432826182,	32.316723
1.7213745576201,	46.994598
1.72157468776956,	29.36441
1.72177486445942,	48.439377
1.72197523596584,	49.894974
1.72217550581972,	44.01416
1.72237582226274,	36.669453
1.72257633128166,	46.925365
1.72277674098573,	38.117489
1.72297719972183,	36.642422
1.72317770271866,	46.89077
1.72337839849247,	52.739147
1.72357899488068,	60.049263
1.72377964036833,	55.641727
1.72398047638825,	68.803108
1.72418121296944,	68.786179
1.72438214257944,	52.674328
1.72458297511381,	78.99205
1.72478399837988,	62.885601
1.72498492213633,	48.249168
1.7251858927103,	68.701599
1.72538705896618,	58.455055
1.7255882697404,	71.589821
1.72578952744959,	70.111534
1.72599068556042,	68.63398
1.72619203955766,	74.456833
1.7263934381367,	80.27681
1.7265947370641,	67.124069
1.72679608294022,	74.401833
1.72699762490752,	81.676003
1.72719921152019,	72.907036
1.72740069841011,	68.515732
1.72760238154502,	88.902756
1.72780410937307,	94.709099
1.72800588431712,	97.599167
1.72820755946725,	87.380692
1.72840943106773,	91.727112
1.72861149442026,	93.160126
1.72881331096463,	100.41349
1.72901532170274,	103.298546
1.72921738206747,	126.545876
1.72941948725304,	106.155983
1.72962163968689,	110.491295
1.72982383938561,	91.568871
1.73002608877947,	133.68663
1.73022823578798,	111.862282
1.73043072465157,	123.453865
1.73063311599154,	129.231552
1.7308354048909,	130.651337
1.73103803590193,	124.813789
1.73124056692041,	117.528152
1.73144314775426,	116.048523
1.73164577358536,	124.721359
1.73184844684745,	142.089233
1.7320513151379,	144.953201
1.73225393815116,	143.468216
1.73245675380676,	140.535141
1.73265976464444,	152.088089
1.73286267776827,	134.673309
1.7330656360021,	146.221954
1.73326878957195,	137.501511
1.73347184295264,	156.27887
1.73367494633843,	166.366913
1.73387824279103,	164.879471
1.73408143900074,	156.162979
1.73428468284188,	161.906738
1.73448797675735,	154.640503
1.73469146394312,	182.054993
1.73489485081431,	169.009247
1.73509828781187,	150.193283
1.73530191823255,	168.925629
1.73550544828485,	165.996918
1.73570917429073,	157.297272
1.73591280232248,	177.456665
1.73611662398144,	165.873703
1.7363203452002,	171.600723
1.73652426501092,	170.116577
1.73672808191421,	184.487534
1.73693209508098,	187.323761
1.73713615861775,	169.990219
1.73734011919142,	169.94812
1.73754412766555,	158.386963
1.73774833261015,	168.424393
1.73795258799466,	151.11264
1.73815674034181,	175.534988
1.73836108931493,	166.860764
1.73856548878046,	175.447998
1.73876993388076,	191.219666
1.73897427830695,	160.987167
1.73917881956671,	166.695358
1.73938341138903,	160.907333
1.7395880489117,	142.195328
1.73979258568813,	139.288132
1.73999747088561,	146.431595
1.74020225292983,	136.348541
1.74040693417366,	136.314713
1.74061181505851,	123.370071
1.74081674174234,	119.036911
1.74102156757159,	119.00737
1.74122659075488,	101.776222
1.74143181386025,	87.41983
1.74163693368205,	80.234352
1.74184210183086,	83.079231
1.74204732077112,	74.466331
1.74225258562578,	74.447838
1.74245774949927,	71.566681
1.74266311354148,	67.255966
1.74286867297753,	58.655525
1.74307398198344,	55.780418
1.74327963836631,	42.89735
1.74348519619937,	50.034473
1.74369080006263,	45.734432
1.74389645242408,	55.724987
1.7441023053955,	54.282642
1.7443080548407,	31.41898
1.7445138528356,	44.261192
1.74471970185228,	38.540485
1.74492574678157,	41.38504
1.74513169056469,	38.521317
1.74533768542293,	32.80629
1.74554372646088,	35.650143
1.74574981615178,	35.64127
1.745956106931,	34.207108
1.74616229401553,	31.348711
1.74636867983541,	27.067148
1.74657496438205,	31.333107
1.74678130012862,	28.477552
1.74698783230864,	18.5058
1.74719426316091,	24.193867
1.74740089547475,	27.03347
1.74760742396262,	27.026737
1.74781415155531,	27.020006
1.74802093052632,	24.169773
1.74822760561499,	25.585148
1.74843432958139,	19.894602
1.74864125533015,	17.048267
1.74884822759718,	19.884687
1.74905509837261,	7.099904
1.74926202056288,	15.615895
1.74946913981444,	19.869822
1.74967630811921,	18.445948
1.74988337732888,	22.697044
1.75009064375728,	22.691383
1.75029795929119,	17.014294
1.75050517567701,	22.680067
1.75071258943918,	11.337204
1.75092005235923,	26.919142
1.75112756692759,	22.663095
1.75133512821645,	21.24135
1.75154258779467,	11.325892
1.75175024996063,	15.569216
1.75195795889783,	18.39539
1.75216571709788,	21.22015
1.75237337599062,	19.800528
1.75258138383377,	15.553673
1.75278913879235,	19.79064
1.75299724783391,	16.959169
1.75320510140495,	9.890377
1.75341315551586,	19.775814
1.75362126149249,	24.007488
1.75382941439302,	16.942228
1.75403761671446,	16.937994
1.75424587095616,	9.878027
1.75445417217281,	16.929527
1.75466267432231,	16.925297
1.75487107702356,	21.151331
1.75507937521982,	19.736305
1.75528787443782,	18.321987
1.7554965772885,	25.36256
1.75570517564938,	14.086787
1.75591382358989,	19.716568
1.7561225236148,	9.855818
1.75633142251557,	14.076218
1.75654021933779,	15.479964
1.75674906829928,	14.069173
1.75695796444064,	15.472218
1.75716691275789,	18.280771
1.75737606021718,	12.65275
1.75758510550604,	15.4606
1.75779420302578,	14.051572
1.75800349984755,	14.048053
1.75821269444368,	21.066803
1.75842194132579,	15.445119
1.75863138767008,	14.037499
1.75884073173352,	18.244177
1.75905012813808,	18.239607
1.75925972416519,	16.83234
1.75946937014622,	14.023436
1.75967891626984,	21.029881
1.75988850981395,	26.63117
1.7600983056919,	21.019339
1.76030815409418,	11.207503
1.76051789756976,	21.008799
1.76072784604195,	19.603294
1.76093768954932,	20.998262
1.76114773566168,	15.394863
1.76135783439088,	16.790182
1.76156782809807,	16.785971
1.7617780245732,	23.774158
1.76198812099438,	15.379418
1.76219841778912,	25.160004
1.76240876478853,	16.769127
1.7626190116803,	16.764917
1.76282945910711,	20.950884
1.76303980639048,	13.96375
1.76325050726193,	13.960243
1.76346110551926,	25.122126
1.76367160357936,	25.115816
1.76388230244411,	13.949726
1.76409305165758,	11.156978
1.76430385374814,	23.70262
1.76451470371383,	26.484507
1.76472545088113,	19.509996
1.76493640414618,	19.505093
1.7651474053388,	13.928707
1.76535845950185,	18.102766
1.76556956162746,	15.313874
1.76578071424642,	11.134562
1.76599191989196,	19.480585
1.76620317355261,	16.693445
1.76641447776098,	20.861557
1.76662583505216,	18.075468
1.76683724041105,	18.070921
1.76704869889026,	22.235537
1.76726020547233,	9.725599
1.76747176269295,	12.501195
1.76768352680554,	13.886721
1.76789518539523,	19.436516
1.76810674088913,	18.043648
1.76831865719403,	22.201977
1.76853046791843,	18.034563
1.76874248581314,	22.190796
1.76895439808891,	18.02548
1.769166361149,	12.476035
1.76937837753642,	18.016399
1.76959044222054,	11.084222
1.76980256026975,	11.081429
1.77001488077204,	9.693807
1.77022709806595,	9.691363
1.77043936878165,	19.377842
1.77065184211449,	12.454043
1.77086421471199,	13.834337
1.7710767900361,	23.512444
1.77128926205852,	12.444625
1.77150194197757,	12.441486
