1.55010229706347,	99.181969
1.5502623353924,	80.814934
1.55042240677064,	99.159828
1.55058250926949,	111.988869
1.55074252847591,	91.773659
1.55090257877377,	115.608994
1.55106278240202,	89.898026
1.55122301719024,	113.723114
1.55138340542798,	99.027039
1.5515435880483,	86.170944
1.55170392413947,	87.984711
1.55186429337224,	111.788918
1.55202469381432,	87.945396
1.55218512936072,	89.75753
1.55234559613619,	91.568848
1.55250609803737,	111.689026
1.5526666311874,	89.697357
1.55282719948452,	118.959694
1.55298791963886,	91.487
1.55314843378458,	96.954529
1.5533091017531,	98.761772
1.55346991973725,	98.739685
1.55363065422937,	78.608459
1.55379142003971,	102.350914
1.55395222107218,	131.56459
1.55411305539052,	84.036354
1.55427403989704,	100.455765
1.55443494084232,	96.781166
1.55459599204492,	89.456902
1.55475695965857,	118.640762
1.55491795866002,	91.241699
1.55507899295884,	87.572426
1.55524017960395,	102.144958
1.55540139771606,	91.180435
1.55556253216988,	83.867218
1.55572369806132,	78.380058
1.55588501839069,	76.540123
1.55604637217965,	129.360275
1.55620763834951,	105.650925
1.5563690590638,	85.594498
1.55653051131506,	118.348854
1.55669187981082,	105.579933
1.55685327981414,	101.916405
1.55701483450404,	101.893562
1.55717642272648,	125.519287
1.55733804253602,	107.304031
1.55749957852052,	92.733543
1.55766126542138,	119.981209
1.55782298785286,	127.224266
1.55798462446082,	121.744492
1.55814641208962,	105.367119
1.55830823528164,	107.15976
1.5584700901311,	96.24057
1.5586321000731,	119.819862
1.55879390463713,	99.827484
1.55895586039638,	90.731895
1.55911785177329,	103.411156
1.55927987485803,	105.201775
1.55944193358224,	87.043999
1.55960402599604,	146.85379
1.55976626982951,	119.631783
1.5599283099721,	110.543945
1.56009050155455,	99.648399
1.56025272883106,	123.173996
1.56041498984975,	114.091461
1.56057740246316,	117.686974
1.56073973102232,	97.748764
1.5609020913904,	110.395096
1.56106460738812,	106.751602
1.56122691741898,	79.593483
1.56138949910082,	124.789009
1.5615519966585,	115.720322
1.56171464802345,	106.655693
1.56187721130245,	137.356125
1.56203981039603,	108.414673
1.56220244137974,	108.390305
1.56236522828071,	75.856155
1.56252804911112,	130.009888
1.56269078178147,	108.317223
1.56285367047717,	81.21965
1.56301647098312,	93.83271
1.56317930738064,	88.399399
1.56334217771056,	119.041801
1.5635052002681,	106.39222
1.56366825880041,	108.171135
1.56383135134714,	93.727226
1.56399447594629,	104.518379
1.56415751619698,	99.089958
1.56432070885185,	102.67012
1.56448393753678,	122.456078
1.56464707985764,	149.434814
1.56481037468875,	147.601151
1.56497358510113,	145.768311
1.56513695007006,	125.94426
1.56530034717339,	89.939926
1.56546378037329,	127.685936
1.56562724572815,	109.677292
1.56579074720177,	120.438095
1.56595428282851,	122.208145
1.56611785064107,	116.790291
1.56628145460574,	93.411179
1.56644497204697,	77.226456
1.56660876312226,	116.711365
1.56677246967437,	125.660835
1.56693621044388,	109.479759
1.56709986265141,	116.632462
1.56726367186223,	78.933411
1.56742751334132,	102.23159
1.56759151194707,	120.139862
1.56775542396376,	136.24733
1.56791936827972,	120.085686
1.56808346983173,	112.890923
1.56824736376448,	120.031525
1.56841141098886,	93.137779
1.56857561555875,	109.233131
1.5687397334524,	134.272736
1.56890400479537,	94.864655
1.56906819141762,	123.475166
1.56923253354655,	141.338211
1.56939678695472,	132.362869
1.56956107673839,	137.697845
1.56972539893536,	126.939484
1.56988987877043,	126.910828
1.57005439307835,	126.882172
1.57021881859059,	85.760124
1.57038340185087,	142.90126
1.57054789827469,	132.153809
1.57071242717424,	82.131111
1.57087711393187,	124.953896
1.57104171380927,	130.279617
1.57120658908088,	124.897438
1.57137125801537,	128.436905
1.57153608296401,	135.541656
1.57170081898186,	144.426224
1.57186571307828,	153.306763
1.57203064177786,	106.934029
1.57219548150156,	119.382668
1.57236047941423,	138.951385
1.57252551196276,	151.387146
1.5726905771634,	119.301704
1.57285555731727,	108.593407
1.57302081553708,	113.908295
1.57318598474183,	172.60321
1.57335106885713,	119.193802
1.57351630942358,	115.609619
1.57368158270517,	120.918083
1.57384689270674,	133.335358
1.57401223744248,	154.634003
1.57417761492493,	147.491013
1.57434302916145,	159.893814
1.57450847816501,	110.124138
1.5746739599469,	159.821426
1.574839478517,	118.951233
1.57500503188704,	129.574234
1.57517061806706,	147.290771
1.57533636315235,	120.64463
1.57550202101334,	154.319199
1.57566771171599,	161.377762
1.5758334392753,	140.065445
1.57599932388612,	164.849808
1.57616512121389,	132.913269
1.57633095142565,	138.198486
1.5764969408026,	134.62442
1.57666284285239,	134.593903
1.57682877781798,	157.580811
1.57699487206034,	138.073227
1.57716087893141,	152.200073
1.57732704114171,	152.165558
1.57749311795728,	157.437958
1.577659229749,	127.336655
1.57782537452023,	123.771446
1.57799167879175,	120.207848
1.57815789560362,	114.878494
1.57832426797333,	164.327316
1.5784906774347,	148.391006
1.57865712199028,	143.058853
1.57882347902722,	171.278519
1.57898999176804,	178.301071
1.57915641897093,	142.961472
1.57932300396227,	144.693573
1.57948962209145,	135.839951
1.57965627739302,	149.919159
1.57982284508737,	146.358398
1.579989568705,	186.873108
1.58015632952969,	172.73024
1.58032312555982,	174.453156
1.58048995680652,	174.413528
1.58065669835718,	146.192276
1.58082372297898,	163.768585
1.58099053698114,	130.280869
1.58115750716319,	153.133255
1.58132451463339,	165.416718
1.58149155738715,	142.507538
1.58165863341822,	167.100479
1.58182574677225,	174.09671
1.58199289544342,	142.410385
1.58216007944291,	161.713287
1.58232729676278,	181.007401
1.58249455145212,	165.153656
1.5826618415034,	154.576767
1.58282928815439,	115.906204
1.58299664898886,	159.773712
1.58316404521896,	168.514145
1.58333160018111,	135.131638
1.58349906524007,	164.92836
1.58366644437269,	161.382507
1.58383410570068,	210.451019
1.58400167707966,	170.075867
1.58416940940049,	178.801956
1.58433693028413,	159.483078
1.58450485712522,	203.250824
1.58467257047423,	154.155167
1.58484032135613,	171.633713
1.585008231344,	159.33786
1.58517605127578,	161.052139
1.5853440324145,	183.767639
1.5855119254938,	197.723923
1.58567985413771,	180.185181
1.5858479400469,	188.888977
1.58601593987972,	166.114487
1.58618409908106,	190.551086
1.58635216811907,	160.795456
1.58652039862973,	178.232574
1.58668866482542,	186.926849
1.58685696671748,	179.897903
1.58702530228612,	167.633606
1.58719355167701,	164.103821
1.58736196069966,	151.848679
1.58753040546415,	139.599121
1.58769875994248,	179.692886
1.58786727619803,	186.628662
1.58803582822957,	177.867111
1.58820429196302,	203.977493
1.58837303763156,	196.958954
1.58854157292083,	198.656616
1.58871026814349,	196.869064
1.58887912339007,	189.856903
1.58904776406287,	210.71048
1.58921656681835,	165.396088
1.58938540544109,	214.095505
1.58955427790487,	196.644455
1.58972318829601,	170.502274
1.58989213458872,	175.681595
1.59006124117024,	212.160995
1.59023025728751,	184.294495
1.59039931137967,	236.399292
1.59056840141924,	238.083115
1.59073752741768,	194.592819
1.59090668734534,	225.815063
1.59107600983009,	215.343597
1.59124511923897,	182.305725
1.5914145137748,	227.396118
1.59158381772299,	201.312363
1.59175328438201,	215.146774
1.59192266246621,	168.261826
1.59209207660121,	241.062317
1.59226165151877,	201.128311
1.59243113577143,	234.018204
1.59260065815404,	211.434753
1.59277034143348,	200.990326
1.59293993604796,	200.944351
1.59310956473562,	230.340378
1.59327935648084,	199.120926
1.59344918442233,	233.697159
1.59361892363868,	244.027832
1.59378869697267,	252.623474
1.5939586335187,	231.806824
1.59412860630732,	273.261902
1.59429849031055,	261.095581
1.59446853354218,	236.833786
1.59463849000811,	224.681335
1.59480873294883,	247.092865
1.59497876195096,	285.04184
1.59514895033288,	278.068054
1.59531905189051,	284.911285
1.59548931495659,	265.856262
1.59565961436976,	262.343475
1.59582982280801,	270.911102
1.59600019492311,	277.749634
1.59617060342022,	286.309753
1.59634117367118,	296.590302
1.59651152960714,	291.350403
1.59668217067803,	313.690063
1.59685259940566,	334.296265
1.59702318998737,	294.595612
1.59719381702109,	320.363861
1.59736447846081,	325.45636
1.59753517843321,	280.620209
1.59770591489271,	296.046661
1.597876687851,	320.070038
1.59804762294811,	328.598633
1.59821846690605,	299.282959
1.5983893494574,	335.326355
1.59856014284548,	306.022522
1.59873109847298,	321.421783
1.59890221643229,	340.250824
1.59907324317451,	352.199005
1.59924430857099,	360.70639
1.59941541057179,	340.01651
1.5995866750591,	326.203552
1.59975784826686,	312.396912
1.59992918610201,	356.943024
1.60010043469116,	325.978851
1.60027171994345,	332.765076
1.60044316787591,	354.982208
1.6006145244507,	353.186157
1.60078604584889,	389.101135
1.60095747792513,	351.31012
1.60112907283673,	382.069031
1.60130057839597,	424.80423
1.60147211863259,	369.905731
1.60164382388898,	431.457458
1.60181556596881,	405.682159
1.60198721863541,	379.918701
1.60215890809501,	359.299896
1.60233075859154,	425.929047
1.60250264802901,	429.251404
1.60267457434918,	446.250397
1.60284641117996,	410.250763
1.60301841127405,	463.134918
1.60319044621371,	461.319763
1.60336239369054,	469.754578
1.6035346310402,	508.925995
1.60370665235884,	459.293884
1.6038788371359,	491.621521
1.60405105681578,	435.189697
1.60422318895874,	472.626617
1.60439561130571,	482.752838
1.60456781740948,	535.510559
1.60474018716711,	554.142822
1.60491259188495,	548.901184
1.60508503572892,	553.887573
1.60525751663418,	570.798706
1.6054300346127,	621.771729
1.60560258967642,	686.345947
1.60577517975786,	568.701538
1.60594780902742,	600.914307
1.60612047541809,	610.987305
1.60629317894182,	632.966248
1.60646604656602,	626.015808
1.60663882441916,	629.272949
1.6068116373592,	612.12439
1.60698436252459,	654.482056
1.60715737895775,	715.515381
1.60733043265064,	783.317078
1.60750326937645,	805.22052
1.6076763954858,	757.47998
1.60784943380075,	774.285156
1.60802250936882,	750.340088
1.60819574943099,	736.589233
1.6083688995688,	714.360596
1.60854221427962,	585.267273
1.60871543694831,	617.356873
1.60888869901696,	547.692932
1.60906212577708,	584.862061
1.60923546253605,	586.421875
1.60940896406554,	587.980896
1.60958237556313,	601.397766
1.60975594982059,	575.853577
1.6099294361047,	628.212708
1.61010308731762,	567.123047
1.61027677599552,	573.762085
1.61045037456459,	573.629517
1.61062413818133,	585.33905
1.61079780956595,	576.74707
1.61097164816958,	554.63147
1.61114539660276,	568.02771
1.61131931024228,	561.135742
1.61149326143176,	608.319763
1.61166725018336,	598.042786
1.61184127441405,	692.488281
1.61201521049192,	624.783936
1.61218943983647,	597.627991
1.61236345106856,	656.563599
1.61253762778528,	649.661987
1.6127118421372,	663.008057
1.61288609203861,	629.121582
1.61306025369725,	644.152344
1.61323470902734,	638.945679
1.61340907404163,	685.991333
1.61358347675217,	684.147461
1.61375778906063,	692.412598
1.61393226717263,	712.46405
1.61410678091648,	729.138306
1.61428146269981,	693.615295
1.6144560540746,	705.236633
1.61463068321907,	684.88031
1.61480535014548,	683.039307
1.61498005486608,	666.06134
1.61515479739315,	716.354553
1.6153295756347,	677.521118
1.61550439381107,	675.683289
1.61567924983074,	724.258789
1.61585427214962,	710.650696
1.61602933239202,	779.351074
1.616204302071,	738.868469
1.61637930964249,	762.201233
1.61655435301135,	780.487671
1.61672956498714,	756.813538
1.61690468633744,	736.505798
1.61707984562954,	696.079773
1.61725504287577,	731.133484
1.61743040678276,	757.788208
1.61760580872436,	690.567078
1.61778111785215,	772.518372
1.61795659587172,	727.104492
1.61813211196304,	775.509827
1.61830753730455,	797.099365
1.6184830006867,	803.611084
1.61865863101168,	781.665161
1.618834299458,	783.157104
1.61900987497839,	749.514771
1.61918561967614,	740.9776
1.61936127353069,	806.023132
1.61953709453,	740.633484
1.61971295371274,	780.576721
1.61988872200551,	805.46167
1.62006478667825,	785.226196
1.62024063134401,	776.692261
1.6204166412393,	833.289001
1.62059269149735,	888.189819
1.62076878001353,	886.31427
1.62094477754613,	821.026917
1.62112107187019,	902.585999
1.62129727523564,	812.305359
1.62147338757064,	858.809021
1.62164966753658,	853.607727
1.62182598583556,	896.746399
1.6220023403584,	894.87146
1.62217873536053,	949.642578
1.62235516873323,	1007.719543
1.62253164048902,	972.514526
1.62270815064044,	1052.202393
1.62288469920002,	1020.332275
1.62306128618028,	1055.041016
1.62323804121394,	1051.468018
1.62341470297606,	1019.620056
1.62359127564485,	996.101562
1.62376814613774,	1019.145447
1.62394492543751,	1002.286499
1.62412174323331,	1093.45105
1.62429859953774,	1108.148926
1.62447562418124,	1119.517944
1.62465255756894,	1187.342529
1.62482952950301,	1148.880615
1.6250066677693,	1141.973633
1.62518371686179,	1246.253418
1.62536093449791,	1285.780762
1.62553806079977,	1220.79248
1.62571522571107,	1260.307129
1.62589242924445,	1226.855103
1.62606980148533,	1266.349731
1.62624721243031,	1335.654419
1.62642453196247,	1277.356689
1.62660202032524,	1354.908081
1.62677941510954,	1395.991699
1.62695685072555,	1460.234253
1.62713458553858,	1492.997925
1.62731209864537,	1416.527832
1.62748965048816,	1416.197388
1.62766737140813,	1485.337036
1.62784513114639,	1465.146484
1.62802292971565,	1500
1.62820063671469,	1200
1.62837851295563,	1255
1.62855642806575,	1300
1.62873424941903,	1585.666016
1.62891224227676,	1705.84436
1.62909014348543,	1644.360352
1.62926834472722,	1713.300659
1.6294463237319,	1764.056519
1.62962447226731,	1672.905151
1.62980265976118,	1654.370728
1.62998088622631,	1655.633301
1.63015915167548,	1658.543823
1.63033745612149,	1640.025269
1.63051579957712,	1697.317993
1.63069417991071,	1743.051147
1.63087260142355,	1796.998413
1.63105106198445,	1870.681152
1.63122956160623,	1860.365723
1.63140810030171,	1925.769043
1.63158667808372,	1903.926392
1.63176529496511,	1924.868652
1.63194408197299,	1993.500122
1.63212277712035,	1892.724487
1.63230151140563,	1984.347534
1.63248028484169,	2003.607178
1.6326590974414,	2129.669678
1.63283794921764,	2150.528809
1.63301696921928,	2182.875488
1.63319589941546,	2144.596191
1.63337486882683,	2114.542969
1.63355400873917,	2066.449219
1.63373305664834,	2011.813843
1.6339121438114,	2045.794922
1.63409140160055,	2037.11499
1.63427056733891,	1912.012817
1.63444977236992,	1859.103516
1.63462914815225,	1937.341919
1.63480843183616,	1938.526733
1.63498788635497,	2141.218018
1.63516724874357,	2168.560303
1.63534678205072,	2145.127197
1.63552622319585,	2108.60791
1.63570583318555,	2049.191406
1.63588535313862,	2115.801514
1.63606491250091,	2069.498535
1.63624464299112,	1998.683228
1.63642441297438,	2027.648315
1.63660422246371,	1965.049805
1.63678407147213,	1928.63147
1.63696382819115,	1879.157715
1.63714362439738,	1988.172607
1.63732359198331,	2000.772583
1.63750373104895,	2090.112793
1.63768364588191,	2047.17688
1.63786373222069,	2151.153076
1.63804372617437,	2150.648438
1.63822389171799,	2137.092773
1.63840409689815,	2113.757324
1.63858434172794,	2181.746582
1.63876462405467,	2160.041504
1.63894494822249,	2188.871338
1.63912517990936,	2273.089111
1.63930571563795,	2329.572754
1.63948615891179,	2394.17334
1.63966664191387,	2501.079346
1.63984716465731,	2505.375488
1.64002772715522,	2604.067139
1.64020832942075,	2675.050293
1.64038897146704,	2711.837646
1.64056965330723,	2855.949463
1.64075050738655,	2964.221191
1.64093126888317,	2901.750488
1.64111207021318,	3131.85376
1.64129277887008,	3155.490479
1.64147379242601,	3299.327637
1.64165471333519,	3534.046631
1.64183567413045,	3585.174805
1.642016674825,	3675.238525
1.64219784809784,	3994.09668
1.6423789286598,	4023.986084
1.64256004916066,	4125.237305
1.64274134236728,	4200.492188
1.64292254281487,	4264.36084
1.64310391605329,	4271.462891
1.64328519432283,	4639.969727
1.64346651477466,	4804.146484
1.64364800814503,	5177.213379
1.64382954160563,	5307.17627
1.64401084925186,	5419.266602
1.64419259586236,	5427.703125
1.64437411662631,	5398.912598
1.6445556774749,	5213.188965
1.64473727842139,	5284.753906
1.64491905258494,	5553.587402
1.64510086693181,	5537.727539
1.64528258831059,	5492.777832
1.64546448303462,	5219.97998
1.64564641798196,	5305.998535
1.64582839316594,	5364.515137
1.64601027531737,	5314.802246
1.64619233098521,	5475.006348
1.64637442692976,	5575.409668
1.64655656316437,	5506.314941
1.6467386063019,	5680.880371
1.64692082312726,	5537.592285
1.6471030802828,	5489.519043
1.64728537778194,	5612.370605
1.64746758211941,	5762.565918
1.64764996031635,	5696.745117
1.64783237889708,	5735.679688
1.64801483787501,	5731.10498
1.64819733726356,	5720.089844
1.64837987707617,	5535.199219
1.64856245732625,	5578.962402
1.64874507802725,	5530.977539
1.64892773919261,	5330.172363
1.64911044083579,	5230.795898
1.64929318297024,	4986.736816
1.64947596560942,	4802.27832
1.6496587887668,	4614.691895
1.64984165245585,	4568.606934
1.6500246906235,	4524.149902
1.65020763544605,	4678.883301
1.65039062084075,	4788.580078
1.65057364682109,	4938.360352
1.65075684745289,	4895.461426
1.65093982059272,	4754.696777
1.65112310252284,	4536.990723
1.65130629101061,	4295.328613
1.65148952015161,	3862.95752
1.65167278995938,	3509.345947
1.65185623467838,	3415.554199
1.65203958589011,	3366.673828
1.65222311209982,	3343.449219
1.65240654476976,	3339.455078
1.65259001817424,	3236.183105
1.65277353232684,	3249.825684
1.65295735606101,	3268.262939
1.65314081737049,	3425.903564
1.65332458834848,	3445.889648
1.65350840018871,	3478.661133
1.65369225290483,	3436.263672
1.65387601195105,	3408.273438
1.65405981184059,	3532.130127
1.6542437872063,	3465.781006
1.65442780350246,	3658.256836
1.65461186074273,	3804.324951
1.65479582423163,	4025.370117
1.65497996337113,	3982.911377
1.65516400872666,	4106.454102
1.65534822982006,	4175.6875
1.65553249192595,	4195.436035
1.65571666019891,	4314.055176
1.65590113922994,	4311.438477
1.6560853895363,	4275.34668
1.65626981579907,	4403.423828
1.65645428314287,	4528.25293
1.65663865657207,	4662.580566
1.656823206089,	4835.065918
1.65700793179764,	4975.625488
1.65719242850323,	5028.567383
1.65737710142802,	4912.790527
1.65756181551628,	4797.068359
1.65774657078177,	4711.623535
1.65793136723825,	4503.765137
1.65811606964927,	4197.428711
1.65830108377933,	4177.35791
1.6584860038915,	4090.550781
1.6586709652498,	4110.234375
1.65885596786806,	4018.718262
1.65904101176006,	4268.67627
1.65922623237102,	4193.041992
1.65941122342058,	4147.602051
1.65959652670859,	4271.983398
1.65978160034196,	4258.276367
1.65996698636239,	4109.751953
1.66015227821747,	4096.089355
1.66033774705603,	4137.922363
1.66052312169643,	3992.700928
1.66070853995929,	4013.937256
1.66089399741069,	4051.006104
1.66107949628815,	4159.333008
1.66126517236999,	4250.188477
1.66145075417156,	4407.493652
1.661636513266,	4577.385254
1.6618221780473,	4607.944824
1.66200802021003,	4616.341309
1.66219376802672,	4687.999023
1.6623795573668,	4573.032715
1.66256552422127,	4665.217773
1.66275153268782,	4690.976562
1.66293731070459,	4637.71582
1.66312353844469,	4668.20752
1.66330953570206,	4872.41748
1.6634955745665,	4924.944336
1.6636817912117,	4769.06543
1.66386791336264,	4998.356445
1.66405421338326,	5017.679199
1.66424055512784,	4937.608887
1.6644269386104,	4731.405762
1.66461336384498,	4898.992188
1.66479969450281,	4863.14502
1.66498620325295,	5085.779785
1.66517261739333,	5355.577148
1.66535921195181,	5455.118164
1.66554584609636,	5677.45166
1.66573238558158,	5926.445312
1.66591923990833,	6170.597656
1.66610586304709,	6244.66748
1.66629280117797,	6358.035645
1.66647950802654,	6139.445312
1.66666639336922,	6336.132812
1.66685332063266,	6762.276367
1.66704028983098,	7260.521973
1.6672271642376,	8324.272461
1.66741435408869,	8996.302734
1.66760144917632,	9149.661133
1.66778858625532,	7566.103516
1.66797576533982,	6597.17334
1.66816284954975,	6124.709473
1.6683502495819,	5936.505859
1.66853755701297,	5895.867188
1.66872490426148,	5979.159668
1.66891243060353,	5571.585449
1.66909986204957,	5145.39209
1.66928733560027,	5189.617676
1.66947485126982,	5075.553711
1.66966240907241,	5025.775879
1.66985000902224,	4850.720215
1.67003765113353,	4855.825195
1.67022533542048,	4724.727539
1.67041319916109,	4601.517578
1.67060096787291,	4800.708496
1.67078877880309,	4916.891113
1.67097676932228,	5090.88623
1.67116466476279,	5186.615723
1.67135260471718,	5274.482422
1.67154072214382,	5421.696777
1.67172874444188,	5351.649414
1.67191694655489,	5411.293945
1.672105191048,	5442.797363
1.67229334036258,	5811.548828
1.67248166962788,	6123.92627
1.67266990368131,	6679.616211
1.67285818011016,	6737.309082
1.67304663662564,	6486.111328
1.67323499787925,	5890.375488
1.67342353931019,	5070.404297
1.67361212323592,	4448.791504
1.67380061410908,	4083.056885
1.67398928303691,	3826.560059
1.67417799450264,	3548.378418
1.67436661060635,	3298.36084
1.67455540715994,	3144.992188
1.67474424629459,	2951.226318
1.6749329900171,	2852.480225
1.67512191432597,	2635.539551
1.67531101932905,	2669.12793
1.67549989083105,	2680.928955
1.67568894305611,	2559.020752
1.67587803794876,	2586.385254
1.67606703959438,	2624.614014
1.67625621983488,	2603.788574
1.67644544278633,	2634.228516
1.67663470846319,	2756.270508
1.67682401687994,	2847.20459
1.67701336805104,	2733.219971
1.677202761991,	2568.083008
1.67739219871429,	2286.674805
1.67758167823542,	2165.150879
1.67777120056889,	2127.417236
1.67796090423624,	2091.251709
1.67815037600204,	2081.450928
1.67834016542979,	2091.797852
1.67852972058869,	2068.059082
1.6787194572022,	2036.588135
1.67890937537887,	1966.422974
1.67909919783731,	1887.003296
1.67928906322437,	2039.764771
1.67947897155464,	2212.567139
1.67966906163183,	2109.941895
1.6798590559236,	1823.331421
1.68004909547857,	1643.541748
1.68023917575932,	1589.045288
1.6804292990562,	1551.574219
1.6806196043301,	1526.481079
1.6808098137345,	1624.971924
1.6810002052081,	1799.084961
1.68119050077853,	2104.346436
1.6813808394382,	2394.025635
1.68157136030544,	2820.906982
1.68176192663514,	3358.664307
1.6819523947139,	3968.656738
1.68214290594051,	4709.430176
1.68233359955946,	5033.592285
1.68252433641871,	3817.828613
1.68271497723996,	2745.956543
1.68290566126777,	1954.983521
1.68309652787299,	1466.269897
1.68328743777735,	1156.411499
1.68347825386176,	894.425354
1.68366925037752,	729.52771
1.68386015075399,	701.655212
1.68405123393958,	610.723877
1.68424236049805,	689.013672
1.68443339086651,	694.99823
1.68462460418335,	687.144714
1.68481586091739,	788.412415
1.68500702141067,	780.5401
1.68519836728197,	792.641113
1.68538975432513,	821.629578
1.68558118484466,	809.14856
1.68577265885538,	838.118958
1.6859640365407,	859.402039
1.68615559754651,	951.251587
1.686347202088,	1015.446411
1.68653885018,	1216.095093
1.68673054413177,	1369.118652
1.68692227936987,	1549.658813
1.68711405820307,	1940.054443
1.68730588064622,	2264.383301
1.6874977467142,	2681.988281
1.6876896564219,	2848.255371
1.6878816097842,	2976.168457
1.68807360681601,	2779.536133
1.6882656498308,	2641.146484
1.68845773424686,	2438.569824
1.68864986237715,	2257.503662
1.6888420342366,	1931.259399
1.68903439018131,	1596.000244
1.68922664957583,	1286.884888
1.68941895274434,	1097.102539
1.68961144244111,	953.240479
1.68980383323496,	870.538269
1.68999626784768,	793.983521
1.69018874629424,	761.734802
1.69038126858962,	767.655457
1.69057397534594,	749.160583
1.69076658541597,	681.861267
1.69095924168573,	651.195557
1.69115208025221,	582.427673
1.69134482208129,	515.217224
1.69153760784923,	481.565948
1.69173057836064,	449.454498
1.69192345208349,	414.312103
1.69211651064413,	354.821259
1.6923094746917,	395.842163
1.69250262136239,	333.340271
1.69269567117626,	314.998871
1.6928889060168,	296.66629
1.69308204396636,	319.409515
1.69327536703713,	290.440277
1.69346859318276,	246.282425
1.69366200685751,	262.94165
1.69385532126015,	275.034241
1.69404882097331,	180.779861
1.69424236490088,	227.818619
1.69443595305804,	186.766052
1.69462958545993,	207.973618
1.69482312081693,	185.157944
1.69501684403852,	160.835983
1.69521060923389,	212.373444
1.69540427733299,	181.990295
1.69559813112213,	188.011093
1.69579202924712,	198.576508
1.69598597172316,	171.249695
1.69617996088565,	216.661697
1.69637385054648,	202.976456
1.69656806773107,	278.646393
1.69676204613581,	227.102341
1.69695621056365,	287.593231
1.69715041943396,	307.196198
1.69734467508536,	344.94458
1.69753897288691,	329.735474
1.69773331517671,	406.776764
1.69792770197007,	379.465454
1.69812213328225,	382.396301
1.69831660912857,	368.703827
1.69851113185088,	336.889374
1.69870583876486,	374.566345
1.69890044833846,	308.036255
1.69909496048942,	289.84613
1.69928965923658,	310.905273
1.69948454469293,	288.196564
1.69967933506987,	310.754364
1.69987416777434,	259.401794
1.70006904515092,	286.478943
1.70026396721497,	256.261017
1.70045907622802,	259.212891
1.70065408774579,	283.256897
1.70084914633017,	251.555389
1.70104438967521,	222.881165
1.70123953547325,	225.838196
1.70143472605114,	212.236313
1.70163010386642,	222.718735
1.70182538408295,	210.628693
1.70202071146179,	210.577499
1.7022162238868,	195.488708
1.7024117812343,	201.454773
1.70260724091398,	189.381561
1.7028027454816,	169.800903
1.70299843996279,	184.782578
1.70319417709008,	202.760818
1.70338981648042,	162.169205
1.70358550082062,	154.623749
1.70378137292869,	178.599518
1.70397729008326,	145.5457
1.70417311177379,	162.011444
1.7043691190357,	151.473831
1.70456517139076,	182.923859
1.70476126885453,	157.396149
1.70495726844286,	127.384911
1.70515345848266,	101.883118
1.7053495482681,	140.804138
1.70554582625716,	139.272293
1.70574200630145,	140.735565
1.70593851781073,	139.204468
1.70613479055663,	127.198891
1.70633124935337,	125.671814
1.70652775339917,	109.188179
1.70672430270967,	130.096664
1.70692075397123,	115.114975
1.70711739382505,	118.076187
1.70731408134124,	115.058861
1.70751081183453,	101.585655
1.70770758767079,	95.586716
1.7079044088657,	82.124809
1.70810127543495,	117.93232
1.70829818974768,	102.979057
1.70849514711323,	83.556824
1.70869214990021,	98.453667
1.70888934178438,	117.817307
1.70908629180133,	102.878616
1.7092834333031,	114.778557
1.70948076169307,	89.416008
1.70967799185679,	104.293221
1.70987526753636,	102.778221
1.71007259110587,	90.839729
1.71026995786493,	86.351112
1.71046737018714,	87.818481
1.71066482808826,	117.558739
1.71086233158407,	96.701927
1.7110600270767,	98.165665
1.71125762184312,	93.680702
1.71145540634347,	81.764763
1.71165294831813,	109.983894
1.71185082421676,	104.013397
1.71204860404369,	87.647011
1.7122464272128,	102.477386
1.71244444036158,	96.513069
1.71264249931423,	106.880653
1.71284045976147,	102.402252
1.71303861270264,	80.1213
1.71323666473746,	81.585068
1.71343476257292,	115.674171
1.71363305068366,	105.267403
1.71383124257025,	128.958084
1.71402962246261,	84.469109
1.71422790372709,	102.227066
1.71442637546427,	97.758484
1.71462474853853,	94.772911
1.71482331455579,	113.99575
1.71502177950416,	99.166832
1.71522043512299,	106.541252
1.71541913676877,	110.9533
1.7156178868312,	85.782875
1.71581653575236,	100.548401
1.71601537554205,	88.697449
1.71621426142274,	107.888802
1.71641304848261,	113.772644
1.71661202893619,	109.313156
1.71681105315299,	124.05481
1.71701012352492,	137.312744
1.71720909500576,	110.708946
1.71740840517706,	126.915146
1.71760761411134,	151.965775
1.71780672410174,	140.12825
1.71800602545724,	140.093887
1.71820537306432,	147.431107
1.71840476932046,	145.921005
1.71860420947958,	114.939865
1.7188036959386,	128.170715
1.71900322871366,	153.177994
1.71920266480517,	167.865448
1.71940243566056,	160.463547
1.71960210748111,	166.31131
1.71980182568226,	147.142029
1.72000159266599,	138.279572
1.72020140367741,	150.011215
1.72040126111795,	133.800674
1.72060116500379,	169.047256
1.72080111773915,	144.022293
1.7210012602684,	160.148727
1.72120130362177,	154.233826
1.72140139348526,	157.133011
1.7216015298751,	146.817215
1.72180171519833,	193.751114
1.72200209056331,	146.745087
1.7222023666641,	171.649567
1.72240268935623,	142.272797
1.72260320702401,	156.90152
1.72280362298211,	167.125015
1.72300408558034,	150.961807
1.723204594835,	174.369308
1.72340529926866,	186.045853
1.72360590191962,	140.598511
1.72380655127592,	150.813385
1.72400739356699,	134.673981
1.72420813881444,	175.6185
1.72440907470053,	166.796524
1.72460991111007,	169.68103
1.72481094065607,	175.488907
1.72501201947337,	152.052963
1.72521299636174,	169.555801
1.72541416653806,	216.276566
1.72561523714915,	185.542999
1.72581635703107,	213.248886
1.72601766795114,	219.037384
1.72621902584123,	224.822998
1.72642043071778,	243.741531
1.72662173834453,	262.650726
1.72682309051854,	344
1.72702463638527,	300
1.72722623171017,	333
1.72742787169849,	322
1.72762955877205,	357.056641
1.72783129294735,	351.140594
1.72803292975226,	377.273865
1.72823475814679,	356.792694
1.72843663369258,	432.413513
1.72863840940642,	423.573425
1.72884038168033,	455.483826
1.72904239874525,	485.923553
1.72924461013037,	517.802795
1.72944657454382,	532.216492
1.72964873572323,	558.253296
1.72985094175764,	595.904663
1.7300531950757,	653.88031
1.73025549569402,	678.415039
1.73045784604408,	724.722839
1.73066024131324,	747.775818
1.73086268393246,	792.591858
1.73106517633495,	716.929871
1.73126771370471,	760.280396
1.7314702984744,	718.026428
1.73167293066066,	730.90094
1.73187561269901,	649.529236
1.73207833976894,	662.414185
1.73228126192533,	663.699646
1.73248408397959,	640.355408
1.7326869559549,	575.018738
1.73289002074992,	589.357178
1.73309283763088,	609.479248
1.73329600000125,	554.329834
1.7334990597578,	575.897461
1.73370231495999,	546.822693
1.73390546993481,	520.654724
1.73410867495165,	494.499695
1.73431192517761,	527.625
1.73451522305399,	461.015747
1.73471871905997,	479.68454
1.73492211232274,	439.120575
1.73512570139133,	408.685455
1.73532919010708,	385.484161
1.73553287716083,	407.039825
1.73573646139733,	378.078156
1.73594024164593,	321.719696
1.73614392390069,	357.698364
1.73634779984059,	304.256714
1.7365515753199,	315.714325
1.73675554701794,	299.782288
1.73695942065254,	296.826233
1.73716348817676,	270.822876
1.7373674551685,	241.951981
1.7375716210207,	241.892044
1.73777568387019,	254.787415
1.73797994324893,	197.15947
1.73818425065089,	254.661148
1.73838860853011,	201.376984
1.73859286333232,	234.402222
1.73879731487122,	205.59024
1.73900181693995,	194.040573
1.73920636467843,	168.126801
1.73941081170432,	178.141479
1.73961545811522,	183.842377
1.73982015024509,	136.411667
1.74002474160826,	165.088959
1.74022953007194,	106.204803
1.74043451820118,	142.049545
1.74063940313744,	123.365959
1.74084418723478,	108.994026
1.74104917108558,	127.606064
1.74125420077049,	118.973869
1.74145927875057,	88.849983
1.74166440748915,	81.664383
1.74186958211133,	90.238228
1.74207480507988,	87.351822
1.74228007641191,	78.74028
1.7424853985731,	113.071587
1.74269076668394,	88.717682
1.74289618320958,	94.417938
1.74310165061746,	85.813164
1.74330716402463,	77.212654
1.74351272589798,	88.629539
1.74371833870672,	72.886826
1.74392414717538,	84.299095
1.74412985458607,	91.420349
1.74433561298538,	82.829094
1.74454141748349,	99.941292
1.74474727055079,	82.78791
1.74495332199204,	87.048386
1.7451592747408,	41.373367
1.74536527365484,	55.626202
1.74557132120693,	55.612366
1.74577756980123,	85.536194
1.74598371471708,	62.710934
1.74619005832264,	56.995754
1.74639630313028,	79.774193
1.7466025942032,	78.330154
1.74680908412399,	75.46299
1.74701547519411,	78.291153
1.7472220627569,	62.617329
1.7474285489713,	82.52047
1.74763523670786,	59.741318
1.74784182059715,	51.194092
1.74804860365123,	52.603043
1.74825528774898,	62.539383
1.74846216865308,	52.576832
1.74866894809958,	44.039883
1.74887592938916,	49.710056
1.74908280671871,	53.957466
1.74928988353073,	49.68528
1.74949701184923,	51.092117
1.74970403615123,	76.619064
1.74991126009486,	63.833302
1.75011838245325,	83.671677
1.75032570703013,	46.787743
1.75053307826222,	60.950638
1.75074049863707,	69.438049
1.7509479706446,	59.503483
1.75115533850374,	43.908276
1.75136290637657,	72.21817
1.75157052593628,	45.302055
1.75177819225258,	73.597466
1.75198575681923,	63.674213
1.75219367512175,	59.414429
1.75240148923431,	62.228146
1.75260920154233,	63.62653
1.75281711671488,	74.919197
1.75302507874567,	36.743633
1.75323309012941,	59.340275
1.75344115336314,	60.737961
1.75364911222185,	60.722786
1.75385727173454,	50.824978
1.75406563450777,	63.515347
1.75427389292111,	59.266174
1.75448220327536,	56.429867
1.75469056062387,	71.930092
1.75489896746613,	77.552277
1.75510742630396,	60.616619
1.7553159321872,	56.373451
1.75552448761712,	56.359356
1.75573324674133,	77.474731
1.75594190135423,	97.171257
1.75615060556683,	67.580482
1.75635936188456,	61.933277
1.75656816535023,	60.510559
1.75677717029305,	37.985493
1.75698607560763,	64.699829
1.75719502812153,	53.434303
1.7574040303414,	53.420929
1.75761323674517,	66.056709
1.75782233846695,	33.722641
1.75803148994795,	67.428391
1.75824084577646,	40.727783
1.758450096866,	56.162182
1.75865939776808,	65.97403
1.75886875099536,	56.134045
1.75907830379887,	56.11998
1.75928775677826,	42.079437
1.75949740944088,	63.103336
1.75970695974647,	49.068069
1.75991671483682,	60.268517
1.76012651743985,	71.463348
1.7603362176305,	58.83741
1.76054612277029,	57.422119
1.76075592296177,	79.81073
1.76096592571124,	46.194622
1.76117582847589,	44.78355
1.7613859314063,	50.368855
1.76159593181354,	79.730675
1.76180613749919,	88.101265
1.76201639085339,	71.302177
1.76222654413335,	65.693352
1.76243689784789,	58.689964
1.76264730178749,	58.675232
1.76285775847632,	58.6605
1.76306826292061,	79.590691
1.76327866469375,	68.402885
1.76348927218562,	61.407574
1.76369977446191,	80.926018
1.76391048005804,	62.771652
1.76412123851509,	64.150459
1.76433204483216,	80.865036
1.76454290404746,	48.785606
1.76475381115771,	54.347443
1.76496476869135,	65.479172
1.76517577917927,	64.069893
1.76538683761458,	87.72583
1.76559779317476,	55.684937
1.76580910845094,	48.71207
1.76602016494805,	68.179749
1.76623158134537,	54.251865
1.76644289235148,	84.834137
1.76665410038956,	43.101585
1.76686551503132,	50.040859
1.76707713137059,	86.159798
1.76728849111292,	69.466225
1.76750021130893,	59.725914
1.76771182599867,	69.431259
1.76792349388641,	63.860676
1.76813520994972,	62.456673
1.76834697672684,	66.603676
1.768558950626,	61.037998
1.76877081892287,	29.124435
1.76898274051189,	70.712959
1.76919471036463,	38.813019
1.76940688503759,	66.519844
1.76961895908102,	42.949909
1.76983108144118,	36.013428
1.77004325466121,	62.315224
1.77025563544964,	63.683949
1.77046791048186,	58.131557
1.77068023895735,	58.116905
1.77089277011205,	59.485638
1.77110519798122,	35.958992
1.77131767935048,	38.715302
1.77153036356326,	52.528942
