#Wave,	
1.55010229706347,	23.87714
1.5502623353924,	7.346812
1.55042240677064,	25.708103
1.55058250926949,	14.687065
1.55074252847591,	18.354733
1.55090257877377,	7.340253
1.55106278240202,	18.346535
1.55122301719024,	14.67395
1.55138340542798,	22.006008
1.5515435880483,	11.000546
1.55170392413947,	9.165074
1.55186429337224,	18.326052
1.55202469381432,	27.482937
1.55218512936072,	18.317863
1.55234559613619,	14.651015
1.55250609803737,	27.464514
1.5526666311874,	21.9667
1.55282719948452,	31.112534
1.55298791963886,	18.2974
1.55314843378458,	25.610632
1.5533091017531,	14.631373
1.55346991973725,	27.427691
1.55363065422937,	20.10914
1.55379142003971,	36.553898
1.55395222107218,	27.40929
1.55411305539052,	21.922527
1.55427403989704,	10.958811
1.55443494084232,	16.434538
1.55459599204492,	10.953907
1.55475695965857,	27.378637
1.55491795866002,	21.898008
1.55507899295884,	16.41983
1.55524017960395,	18.240171
1.55540139771606,	21.883305
1.55556253216988,	23.701605
1.55572369806132,	14.582337
1.55588501839069,	30.980526
1.55604637217965,	25.50766
1.55620763834951,	30.96665
1.5563690590638,	21.853914
1.55653051131506,	16.386765
1.55669187981082,	14.562749
1.55685327981414,	23.659164
1.55701483450404,	27.292919
1.55717642272648,	27.286802
1.55733804253602,	27.280685
1.55749957852052,	12.728133
1.55766126542138,	16.361074
1.55782298785286,	14.539916
1.55798462446082,	7.268328
1.55814641208962,	16.350071
1.55830823528164,	12.71387
1.5584700901311,	21.790318
1.5586321000731,	19.969976
1.55879390463713,	19.965496
1.55895586039638,	30.848846
1.55911785177329,	29.027693
1.55927987485803,	18.138237
1.55944193358224,	19.947584
1.55960402599604,	9.065048
1.55976626982951,	7.250411
1.5599283099721,	28.995134
1.56009050155455,	14.494312
1.56025272883106,	14.491058
1.56041498984975,	19.920731
1.56057740246316,	19.916258
1.56073973102232,	16.29146
1.5609020913904,	14.478045
1.56106460738812,	18.093493
1.56122691741898,	12.6626
1.56138949910082,	25.31951
1.5615519966585,	18.081299
1.56171464802345,	19.88496
1.56187721130245,	7.22927
1.56203981039603,	19.876024
1.56220244137974,	10.83903
1.56236522828071,	21.673187
1.56252804911112,	19.862623
1.56269078178147,	23.468731
1.56285367047717,	12.634168
1.56301647098312,	14.435802
1.56317930738064,	21.648832
1.56334217771056,	14.429309
1.5635052002681,	19.835836
1.56366825880041,	10.817114
1.56383135134714,	16.222019
1.56399447594629,	16.21837
1.56415751619698,	7.206542
1.56432070885185,	21.614761
1.56448393753678,	12.605773
1.56464707985764,	34.20797
1.56481037468875,	19.800156
1.56497358510113,	17.996088
1.56513695007006,	17.992037
1.56530034717339,	12.59159
1.56546378037329,	25.177509
1.56562724572815,	19.777872
1.56579074720177,	21.571001
1.56595428282851,	21.566143
1.56611785064107,	12.577415
1.56628145460574,	14.370951
1.56644497204697,	17.959641
1.56660876312226,	23.342272
1.56677246967437,	12.566083
1.56693621044388,	16.152752
1.56709986265141,	14.354765
1.56726367186223,	12.557588
1.56742751334132,	14.348293
1.56759151194707,	16.138191
1.56775542396376,	10.756368
1.56791936827972,	16.130913
1.56808346983173,	-5.375758
1.56824736376448,	10.749091
1.56841141098886,	28.657778
1.56857561555875,	21.488485
1.5687397334524,	5.370909
1.56890400479537,	23.268688
1.56906819141762,	28.631922
1.56923253354655,	21.469095
1.56939678695472,	14.3095
1.56956107673839,	14.30627
1.56972539893536,	16.090919
1.56988987877043,	23.237194
1.57005439307835,	21.444874
1.57021881859059,	16.080023
1.57038340185087,	12.50386
1.57054789827469,	17.858624
1.57071242717424,	17.854589
1.57087711393187,	33.916058
1.57104171380927,	14.277219
1.57120658908088,	28.547985
1.57137125801537,	16.054613
1.57153608296401,	10.700657
1.57170081898186,	24.962557
1.57186571307828,	21.391642
1.57203064177786,	17.822338
1.57219548150156,	23.163801
1.57236047941423,	30.284277
1.57252551196276,	35.620506
1.5726905771634,	8.903112
1.57285555731727,	14.241758
1.57302081553708,	26.697258
1.57318598474183,	16.01473
1.57335106885713,	12.453084
1.57351630942358,	24.900534
1.57368158270517,	14.225657
1.57384689270674,	7.111219
1.57401223744248,	14.219219
1.57417761492493,	14.216002
1.57434302916145,	21.319176
1.57450847816501,	21.314348
1.5746739599469,	7.103175
1.574839478517,	30.181656
1.57500503188704,	23.074863
1.57517061806706,	7.098351
1.57533636315235,	19.516043
1.57550202101334,	15.964055
1.57566771171599,	5.320146
1.5758334392753,	23.048744
1.57599932388612,	17.725786
1.57616512121389,	23.038301
1.57633095142565,	23.033079
1.5764969408026,	21.256487
1.57666284285239,	17.709724
1.57682877781798,	33.640846
1.57699487206034,	15.931526
1.57716087893141,	10.618609
1.57732704114171,	15.924303
1.57749311795728,	17.689657
1.577659229749,	19.45421
1.57782537452023,	21.217962
1.57799167879175,	21.21315
1.57815789560362,	24.743059
1.57832426797333,	15.902644
1.5784906774347,	21.198715
1.57865712199028,	17.661587
1.57882347902722,	30.017885
1.57898999176804,	14.122857
1.57915641897093,	15.884608
1.57932300396227,	17.645559
1.57948962209145,	21.169863
1.57965627739302,	33.511341
1.57982284508737,	24.68696
1.579989568705,	17.629538
1.58015632952969,	31.725962
1.58032312555982,	21.145838
1.58048995680652,	29.949799
1.58065669835718,	21.136232
1.58082372297898,	12.326668
1.58099053698114,	12.323867
1.58115750716319,	21.121828
1.58132451463339,	29.915789
1.58149155738715,	21.112228
1.58165863341822,	19.348476
1.58182574677225,	5.275658
1.58199289544342,	14.065223
1.58216007944291,	26.366297
1.58232729676278,	12.301474
1.58249455145212,	19.32649
1.5826618415034,	17.565542
1.58282928815439,	19.317701
1.58299664898886,	22.824818
1.58316404521896,	22.819624
1.58333160018111,	26.324345
1.58349906524007,	17.54557
1.58366644437269,	14.033262
1.58383410570068,	8.768793
1.58400167707966,	22.793673
1.58416940940049,	19.282562
1.58433693028413,	14.02049
1.58450485712522,	21.025946
1.58467257047423,	31.531738
1.58484032135613,	12.25955
1.585008231344,	12.256759
1.58517605127578,	15.7551
1.5853440324145,	22.752184
1.5855119254938,	26.24654
1.58567985413771,	27.989931
1.5858479400469,	24.485609
1.58601593987972,	22.731457
1.58618409908106,	13.9854
1.58635216811907,	20.97332
1.58652039862973,	15.726404
1.58668866482542,	12.22886
1.58685696671748,	27.945307
1.58702530228612,	10.4771
1.58719355167701,	19.203638
1.58736196069966,	26.180807
1.58753040546415,	15.704902
1.58769875994248,	17.445911
1.58786727619803,	29.651283
1.58803582822957,	19.181747
1.58820429196302,	24.407564
1.58837303763156,	29.630993
1.58854157292083,	20.911222
1.58871026814349,	27.875267
1.58887912339007,	20.901678
1.58904776406287,	26.121134
1.58921656681835,	6.964046
1.58938540544109,	20.887367
1.58955427790487,	26.103247
1.58972318829601,	19.13801
1.58989213458872,	10.436531
1.59006124117024,	24.346342
1.59023025728751,	20.863527
1.59039931137967,	27.811682
1.59056840141924,	24.329662
1.59073752741768,	26.061539
1.59090668734534,	27.792624
1.59107600983009,	27.786272
1.59124511923897,	34.724899
1.5914145137748,	31.245268
1.59158381772299,	24.29632
1.59175328438201,	19.085602
1.59192266246621,	26.019869
1.59209207660121,	12.13983
1.59226165151877,	26.007971
1.59243113577143,	13.867745
1.59260065815404,	24.263004
1.59277034143348,	15.594077
1.59293993604796,	25.984182
1.59310956473562,	5.195648
1.59327935648084,	24.240808
1.59344918442233,	25.966351
1.59361892363868,	12.114857
1.59378869697267,	32.875656
1.5939586335187,	32.868134
1.59412860630732,	32.860607
1.59429849031055,	17.291098
1.59446853354218,	20.744566
1.59463849000811,	25.924768
1.59480873294883,	34.558441
1.59497876195096,	12.092685
1.59514895033288,	24.179829
1.59531905189051,	20.720821
1.59548931495659,	27.621431
1.59565961436976,	32.792934
1.59582982280801,	22.432129
1.59600019492311,	25.877295
1.59617060342022,	29.320879
1.59634117367118,	34.487244
1.59651152960714,	15.515702
1.59668217067803,	25.853577
1.59685259940566,	31.017178
1.59702318998737,	39.623974
1.59719381702109,	27.558182
1.59736447846081,	10.331948
1.59753517843321,	27.545542
1.59770591489271,	27.539223
1.597876687851,	17.208065
1.59804762294811,	18.92453
1.59821846690605,	34.400341
1.5983893494574,	29.23358
1.59856014284548,	24.069187
1.59873109847298,	20.625996
1.59890221643229,	29.213455
1.59907324317451,	32.642838
1.59924430857099,	20.611795
1.59941541057179,	29.193338
1.5995866750591,	30.903494
1.59975784826686,	25.746998
1.59992918610201,	24.025011
1.60010043469116,	30.882206
1.60027171994345,	18.868124
1.60044316787591,	32.582909
1.6006145244507,	18.859455
1.60078604584889,	15.426917
1.60095747792513,	32.560452
1.60112907283673,	27.413025
1.60130057839597,	23.980885
1.60147211863259,	29.112951
1.60164382388898,	29.106256
1.60181556596881,	32.523045
1.60198721863541,	27.381529
1.60215890809501,	20.531424
1.60233075859154,	30.790052
1.60250264802901,	20.52198
1.60267457434918,	22.22703
1.60284641117996,	22.221916
1.60301841127405,	30.761728
1.60319044621371,	18.794508
1.60336239369054,	42.704964
1.6035346310402,	23.909275
1.60370665235884,	17.074123
1.6038788371359,	20.48423
1.60405105681578,	22.186142
1.60422318895874,	32.418434
1.60439561130571,	23.881765
1.60456781740948,	22.170818
1.60474018716711,	34.101097
1.60491259188495,	28.979256
1.60508503572892,	25.564041
1.60525751663418,	25.558151
1.6054300346127,	45.994076
1.60560258967642,	13.624734
1.60577517975786,	28.945887
1.60594780902742,	45.962284
1.60612047541809,	32.336376
1.60629317894182,	44.239578
1.60646604656602,	22.114689
1.60663882441916,	27.211803
1.6068116373592,	28.905874
1.60698436252459,	33.999069
1.60715737895775,	37.39035
1.60733043265064,	20.390034
1.60750326937645,	25.481663
1.6076763954858,	35.666096
1.60784943380075,	33.959873
1.60802250936882,	30.556835
1.60819574943099,	30.549784
1.6083688995688,	23.755459
1.60854221427962,	23.749977
1.60871543694831,	27.136564
1.60888869901696,	44.086739
1.60906212577708,	22.03828
1.60923546253605,	30.507496
1.60940896406554,	42.361736
1.60958237556313,	32.187485
1.60975594982059,	33.873737
1.6099294361047,	27.092731
1.61010308731762,	45.708424
1.61027677599552,	40.620323
1.61045037456459,	47.379425
1.61062413818133,	28.759434
1.61079780956595,	30.444128
1.61097164816958,	37.20089
1.61114539660276,	35.501732
1.61131931024228,	15.211511
1.61149326143176,	49.003536
1.61166725018336,	27.030184
1.61184127441405,	32.090919
1.61201521049192,	32.0835
1.61218943983647,	45.581795
1.61236345106856,	32.068661
1.61253762778528,	32.061241
1.6127118421372,	37.114952
1.61288609203861,	33.733059
1.61306025369725,	40.470306
1.61323470902734,	33.717449
1.61340907404163,	47.193504
1.61358347675217,	45.49749
1.61375778906063,	55.595169
1.61393226717263,	48.845051
1.61410678091648,	45.465897
1.61428146269981,	55.556564
1.6144560540746,	45.444843
1.61463068321907,	53.848083
1.61480535014548,	31.964893
1.61498005486608,	50.459194
1.61515479739315,	45.402752
1.6153295756347,	42.029846
1.61550439381107,	53.785736
1.61567924983074,	48.732029
1.61585427214962,	31.920481
1.61602933239202,	43.670532
1.616204302071,	38.622673
1.61637930964249,	33.577145
1.61655435301135,	43.640171
1.61672956498714,	38.595814
1.61690468633744,	45.297623
1.61707984562954,	36.900616
1.61725504287577,	31.86132
1.61743040678276,	48.619156
1.61760580872436,	38.551075
1.61778111785215,	40.217876
1.61795659587172,	31.831764
1.61813211196304,	40.199211
1.61830753730455,	41.864464
1.6184830006867,	38.506367
1.61865863101168,	36.823627
1.618834299458,	40.161903
1.61900987497839,	65.24794
1.61918561967614,	45.161163
1.61936127353069,	35.117191
1.61953709453,	38.452755
1.61971295371274,	38.443821
1.61988872200551,	43.448139
1.62006478667825,	45.108742
1.62024063134401,	53.449791
1.6204166412393,	55.107288
1.62059269149735,	48.416363
1.62076878001353,	46.73597
1.62094477754613,	38.38134
1.62112107187019,	46.714245
1.62129727523564,	35.027538
1.62147338757064,	38.354576
1.62164966753658,	50.016079
1.62182598583556,	26.669039
1.6220023403584,	46.659962
1.62217873536053,	44.98307
1.62235516873323,	48.303913
1.62253164048902,	53.288467
1.62270815064044,	39.957054
1.62288469920002,	44.941227
1.62306128618028,	31.617949
1.62323804121394,	48.247742
1.62341470297606,	41.583202
1.62359127564485,	51.551167
1.62376814613774,	44.88895
1.62394492543751,	29.919001
1.62412174323331,	51.515171
1.62429859953774,	51.503174
1.62447562418124,	46.508163
1.62465255756894,	33.212379
1.62482952950301,	63.088821
1.6250066677693,	66.393814
1.62518371686179,	56.421593
1.62536093449791,	56.408447
1.62553806079977,	46.443192
1.62571522571107,	56.38216
1.62589242924445,	43.105721
1.62606980148533,	64.643509
1.62624721243031,	57.999882
1.62642453196247,	51.359348
1.62660202032524,	54.660107
1.62677941510954,	62.927265
1.62695685072555,	51.323429
1.62713458553858,	52.966667
1.62731209864537,	62.883244
1.62748965048816,	72.795189
1.62766737140813,	46.313404
1.62784513114639,	56.224586
1.62802292971565,	54.558186
1.62820063671469,	49.586777
1.62837851295563,	52.880219
1.62855642806575,	56.172115
1.62873424941903,	61.114208
1.62891224227676,	66.053993
1.62909014348543,	69.3405
1.62926834472722,	57.770252
1.6294463237319,	74.258698
1.62962447226731,	56.093464
1.62980265976118,	61.028629
1.62998088622631,	62.66341
1.63015915167548,	57.702816
1.63033745612149,	64.282402
1.63051579957712,	67.563141
1.63069417991071,	65.899857
1.63087260142355,	72.4729
1.63105106198445,	83.98304
1.63122956160623,	80.670731
1.63140810030171,	93.819519
1.63158667808372,	78.987442
1.63176529496511,	69.097847
1.63194408197299,	67.43689
1.63212277712035,	98.665047
1.63230151140563,	78.913574
1.63248028484169,	92.044296
1.6326590974414,	82.163185
1.63283794921764,	78.8582
1.63301696921928,	90.337212
1.63319589941546,	83.747627
1.63337486882683,	80.444572
1.63355400873917,	82.067085
1.63373305664834,	80.406914
1.6339121438114,	101.715546
1.63409140160055,	90.210403
1.63427056733891,	83.630058
1.63444977236992,	73.773949
1.63462914815225,	85.229927
1.63480843183616,	96.680542
1.63498788635497,	93.381355
1.63516724874357,	98.273132
1.63534678205072,	75.325081
1.63552622319585,	93.315727
1.63570583318555,	96.567329
1.63588535313862,	85.09024
1.63606491250091,	86.706261
1.63624464299112,	98.135025
1.63642441297438,	86.665611
1.63660422246371,	89.914925
1.63678407147213,	86.624977
1.63696382819115,	109.481361
1.63714362439738,	81.68335
1.63732359198331,	101.263588
1.63750373104895,	97.974037
1.63768364588191,	99.583565
1.63786373222069,	97.928062
1.63804372617437,	101.168587
1.63822389171799,	78.305687
1.63840409689815,	91.33519
1.63858434172794,	84.791344
1.63876462405467,	94.552757
1.63894494822249,	68.453163
1.63912517990936,	86.361092
1.63930571563795,	97.744316
1.63948615891179,	112.379562
1.63966664191387,	100.955025
1.63984716465731,	102.559235
1.64002772715522,	94.39743
1.64020832942075,	105.765366
1.64038897146704,	110.62085
1.64056965330723,	108.96846
1.64075050738655,	87.804688
1.64093126888317,	92.660942
1.64111207021318,	110.516891
1.64129277887008,	105.61631
1.64147379242601,	110.464935
1.64165471333519,	133.176392
1.64183567413045,	118.531593
1.642016674825,	105.517006
1.64219784809784,	123.344711
1.6423789286598,	111.957672
1.64256004916066,	116.797913
1.64274134236728,	123.257683
1.64292254281487,	139.442978
1.64310391605329,	139.410172
1.64328519432283,	129.653351
1.64346651477466,	155.547409
1.64364800814503,	153.890884
1.64382954160563,	150.615616
1.64401084925186,	153.818436
1.64419259586236,	169.969818
1.64437411662631,	173.16655
1.6445556774749,	176.361771
1.64473727842139,	203.819717
1.64491905258494,	205.388931
1.64510086693181,	257.079895
1.64528258831059,	266.71817
1.64546448303462,	324.834686
1.64564641798196,	405.543732
1.64582839316594,	478.138062
1.64601027531737,	570.077515
1.64619233098521,	1100
1.64637442692976,	800
1.64655656316437,	648.751099
1.6467386063019,	622.783264
1.64692082312726,	611.345032
1.6471030802828,	483.800171
1.64728537778194,	391.785706
1.64746758211941,	375.574219
1.64764996031635,	319.082184
1.64783237889708,	309.340027
1.64801483787501,	288.327087
1.64819733726356,	267.324036
1.64837987707617,	304.291077
1.64856245732625,	342.85025
1.64874507802725,	286.44574
1.64892773919261,	302.466766
1.64911044083579,	310.437775
1.64929318297024,	299.107727
1.64947596560942,	231.512589
1.6496587887668,	271.641571
1.64984165245585,	258.72168
1.6500246906235,	247.414444
1.65020763544605,	266.630493
1.65039062084075,	263.355835
1.65057364682109,	232.79007
1.65075684745289,	205.448883
1.65093982059272,	232.680054
1.65112310252284,	242.250916
1.65130629101061,	224.550415
1.65148952015161,	211.6689
1.65167278995938,	221.2379
1.65185623467838,	216.377197
1.65203958589011,	206.711533
1.65222311209982,	193.846359
1.65240654476976,	188.995529
1.65259001817424,	163.330368
1.65277353232684,	140.879135
1.65295735606101,	168.054657
1.65314081737049,	158.414032
1.65332458834848,	167.975128
1.65350840018871,	150.342148
1.65369225290483,	145.509537
1.65387601195105,	169.454498
1.65405981184059,	167.816132
1.6542437872063,	175.765747
1.65442780350246,	182.11409
1.65461186074273,	159.71138
1.65479582423163,	183.624573
1.65497996337113,	175.599289
1.65516400872666,	186.729553
1.65534822982006,	156.368896
1.65553249192595,	183.450623
1.65571666019891,	172.24324
1.65590113922994,	183.363693
1.6560853895363,	175.349777
1.65626981579907,	175.308212
1.65645428314287,	178.453323
1.65663865657207,	175.225098
1.656823206089,	157.665192
1.65700793179764,	163.996613
1.65719242850323,	140.080383
1.65737710142802,	163.918823
1.65756181551628,	146.378204
1.65774657078177,	122.483124
1.65793136723825,	143.128128
1.65811606964927,	128.784744
1.65830108377933,	131.933304
1.6584860038915,	136.669525
1.6586709652498,	146.169907
1.65885596786806,	149.312073
1.65904101176006,	138.160278
1.65922623237102,	142.890488
1.65941122342058,	171.427872
1.65959652670859,	131.714203
1.65978160034196,	120.577133
1.65996698636239,	125.306984
1.66015227821747,	136.377731
1.66033774705603,	144.272385
1.66052312169643,	134.727905
1.66070853995929,	118.849312
1.66089399741069,	148.922409
1.66107949628815,	134.631866
1.66126517236999,	152.018677
1.66145075417156,	129.81842
1.661636513266,	120.290901
1.6618221780473,	140.833481
1.66200802021003,	142.382019
1.66219376802672,	136.021561
1.6623795573668,	173.939697
1.66256552422127,	150.184906
1.66275153268782,	142.246597
1.66293731070459,	145.373032
1.66312353844469,	135.859848
1.66330953570206,	140.565689
1.6634955745665,	134.216187
1.6636817912117,	142.077423
1.66386791336264,	134.152298
1.66405421338326,	113.607834
1.66424055512784,	116.735802
1.6644269386104,	126.170822
1.66461336384498,	130.871048
1.66479969450281,	115.076042
1.66498620325295,	129.232712
1.66517261739333,	154.412064
1.66535921195181,	152.800018
1.66554584609636,	137.014786
1.66573238558158,	177.919327
1.66591923990833,	163.709732
1.66610586304709,	144.785629
1.66629280117797,	125.870544
1.66647950802654,	133.705566
1.66666639336922,	121.092636
1.66685332063266,	166.65921
1.66704028983098,	157.188187
1.6672271642376,	185.43782
1.66741435408869,	205.818314
1.66760144917632,	246.608902
1.66778858625532,	263.82428
1.66797576533982,	292.021484
1.66816284954975,	372.003113
1.6683502495819,	415.853577
1.66853755701297,	800
1.66872490426148,	990
1.66891243060353,	700
1.66909986204957,	335.500885
1.66928733560027,	297.803497
1.66947485126982,	239.752914
1.66966240907241,	197.396423
1.66985000902224,	172.289062
1.67003765113353,	165.984344
1.67022533542048,	133.068863
1.67041319916109,	145.558212
1.67060096787291,	129.875748
1.67078877880309,	123.587143
1.67097676932228,	134.505753
1.67116466476279,	154.80101
1.67135260471718,	157.890549
1.67154072214382,	146.912506
1.67172874444188,	159.377594
1.67191694655489,	173.398849
1.672105191048,	187.413391
1.67229334036258,	218.59668
1.67248166962788,	248.203979
1.67266990368131,	246.583954
1.67285818011016,	260.567535
1.67304663662564,	254.265549
1.67323499787925,	224.573486
1.67342353931019,	193.336456
1.67361212323592,	149.644012
1.67380061410908,	137.140839
1.67398928303691,	118.411469
1.67417799450264,	119.940796
1.67436661060635,	143.271576
1.67455540715994,	98.086395
1.67474424629459,	94.949799
1.6749329900171,	104.264145
1.67512191432597,	88.681084
1.67531101932905,	110.435944
1.67549989083105,	118.184799
1.67568894305611,	125.929939
1.67587803794876,	90.150452
1.67606703959438,	96.344627
1.67625621983488,	83.892952
1.67644544278633,	69.894035
1.67663470846319,	76.088593
1.67682401687994,	76.070351
1.67701336805104,	55.875023
1.677202761991,	62.068474
1.67739219871429,	55.848228
1.67758167823542,	75.997414
1.67777120056889,	63.574417
1.67796090423624,	68.209839
1.67815037600204,	72.843033
1.67834016542979,	83.671913
1.67852972058869,	68.160751
1.6787194572022,	96.021645
1.67890937537887,	88.256775
1.67909919783731,	108.359497
1.67928906322437,	117.619217
1.67947897155464,	108.30748
1.67966906163183,	106.734589
1.6798590559236,	98.976425
1.68004909547857,	92.76812
1.68023917575932,	94.291595
1.6804292990562,	125.176796
1.6806196043301,	114.331581
1.6808098137345,	149.831055
1.6810002052081,	165.237854
1.68119050077853,	192.98848
1.6813808394382,	202.203323
1.68157136030544,	268.510834
1.68176192663514,	294.673798
1.6819523947139,	390.233246
1.68214290594051,	431.774841
1.68233359955946,	423.962616
1.68252433641871,	291.307861
1.68271497723996,	195.699478
1.68290566126777,	107.839905
1.68309652787299,	84.710976
1.68328743777735,	86.230423
1.68347825386176,	47.723213
1.68366925037752,	49.250816
1.68386015075399,	46.16153
1.68405123393958,	49.227112
1.68424236049805,	29.221561
1.68443339086651,	55.35384
1.68462460418335,	56.87775
1.68481586091739,	66.085251
1.68500702141067,	59.923355
1.68519836728197,	64.517303
1.68538975432513,	58.358734
1.68558118484466,	44.526203
1.68577265885538,	38.375408
1.6859640365407,	53.712627
1.68615559754651,	53.699684
1.686347202088,	38.347675
1.68653885018,	36.804893
1.68673054413177,	44.461861
1.68692227936987,	35.254356
1.68711405820307,	33.713428
1.68730588064622,	52.090004
1.6874977467142,	50.545753
1.6876896564219,	44.408283
1.6878816097842,	42.866623
1.68807360681601,	52.039772
1.6882656498308,	62.738705
1.68845773424686,	58.134037
1.68864986237715,	74.944221
1.6888420342366,	56.576881
1.68903439018131,	45.862076
1.68922664957583,	41.265903
1.68941895274434,	47.367935
1.68961144244111,	54.994644
1.68980383323496,	41.236023
1.68999626784768,	36.645393
1.69018874629424,	42.742634
1.69038126858962,	41.206158
1.69057397534594,	30.515707
1.69076658541597,	45.762501
1.69095924168573,	42.701351
1.69115208025221,	25.919556
1.69134482208129,	30.486225
1.69153760784923,	38.098572
1.69173057836064,	38.089363
1.69192345208349,	35.033745
1.69211651064413,	30.45676
1.6923094746917,	27.404457
1.69250262136239,	30.442036
1.69269567117626,	30.434673
1.6928889060168,	44.119602
1.69308204396636,	24.335962
1.69327536703713,	18.247557
1.69346859318276,	27.364714
1.69366200685751,	22.79841
1.69385532126015,	15.195262
1.69404882097331,	31.902328
1.69424236490088,	30.375816
1.69443595305804,	22.776348
1.69462958545993,	27.325001
1.69482312081693,	10.623816
1.69501684403852,	18.207848
1.69521060923389,	15.169532
1.69540427733299,	18.19903
1.69559813112213,	19.71084
1.69579202924712,	27.285322
1.69598597172316,	10.608388
1.69617996088565,	9.090701
1.69637385054648,	12.117997
1.69656806773107,	10.600678
1.69676204613581,	21.196218
1.69695621056365,	12.109189
1.69715041943396,	31.778915
1.69734467508536,	27.232468
1.69753897288691,	36.301151
1.69773331517671,	30.243624
1.69792770197007,	16.629959
1.69812213328225,	13.60303
1.69831660912857,	13.59973
1.69851113185088,	19.63929
1.69870583876486,	16.613829
1.69890044833846,	18.11978
1.69909496048942,	4.528846
1.69928965923658,	16.601738
1.69948454469293,	22.633238
1.69967933506987,	22.627745
1.69987416777434,	19.605951
1.70006904515092,	12.062271
1.70026396721497,	16.581596
1.70045907622802,	15.070517
1.70065408774579,	3.013371
1.70084914633017,	10.544238
1.70104438967521,	13.553584
1.70123953547325,	24.089407
1.70143472605114,	6.020888
1.70163010386642,	10.533995
1.70182538408295,	19.558378
1.70202071146179,	16.545374
1.7022162238868,	18.045113
1.7024117812343,	9.020363
1.70260724091398,	12.024226
1.7028027454816,	19.534616
1.70299843996279,	21.032164
1.70319417709008,	4.505796
1.70338981648042,	16.517233
1.70358550082062,	15.012014
1.70378137292869,	16.509199
1.70397729008326,	7.502355
1.70417311177379,	15.00106
1.7043691190357,	20.996372
1.70456517139076,	5.997503
1.70476126885453,	16.48912
1.70495726844286,	17.983751
1.70515345848266,	16.481092
1.7053495482681,	13.481247
1.70554582625716,	14.975515
1.70574200630145,	22.457802
1.70593851781073,	1.496822
1.70613479055663,	17.957491
1.70633124935337,	5.984372
1.70652775339917,	22.435928
1.70672430270967,	4.486092
1.70692075397123,	5.979999
1.70711739382505,	16.440989
1.70731408134124,	14.94271
1.70751081183453,	13.44516
1.70770758767079,	17.92251
1.7079044088657,	11.945427
1.70810127543495,	11.942513
1.70829818974768,	16.416952
1.70849514711323,	14.920861
1.70869214990021,	13.4255
1.70888934178438,	5.965433
1.70908629180133,	8.945967
1.7092834333031,	11.925045
1.70948076169307,	1.490267
1.70967799185679,	1.489903
1.70987526753636,	13.405855
1.71007259110587,	13.402583
1.71026995786493,	8.932874
1.71046737018714,	8.930693
1.71066482808826,	5.952342
1.71086233158407,	2.975444
1.7110600270767,	23.797737
1.71125762184312,	20.817934
1.71145540634347,	11.893056
1.71165294831813,	13.376419
1.71185082421676,	10.40134
1.71204860404369,	19.312054
1.7122464272128,	16.336975
1.71244444036158,	14.848165
1.71264249931423,	16.328989
1.71284045976147,	11.872725
1.71303861270264,	20.772188
1.71323666473746,	14.83365
1.71343476257292,	23.728035
1.71363305068366,	10.378476
1.71383124257025,	13.340491
1.71402962246261,	14.819142
1.71422790372709,	8.88931
1.71442637546427,	8.887135
1.71462474853853,	19.250748
1.71482331455579,	-1.480464
1.71502177950416,	16.28112
1.71522043512299,	14.797396
1.71541913676877,	16.273151
1.7156178868312,	11.832121
1.71581653575236,	13.307877
1.71601537554205,	7.391454
1.71621426142274,	11.823431
1.71641304848261,	1.477567
1.71661202893619,	10.340434
1.71681105315299,	16.245272
1.71701012352492,	16.241291
1.71720909500576,	0
1.71740840517706,	22.136362
1.71760761411134,	14.753958
1.71780672410174,	13.275308
1.71800602545724,	10.322708
1.71820537306432,	13.268799
1.71840476932046,	5.895798
1.71860420947958,	16.209469
1.7188036959386,	8.839359
1.71900322871366,	17.674383
1.71920266480517,	23.560062
1.71940243566056,	14.721427
1.71960210748111,	13.246034
1.71980182568226,	-2.942841
1.72000159266599,	11.768474
1.72020140367741,	13.236283
1.72040126111795,	16.173708
1.72060116500379,	24.989595
1.72080111773915,	11.756923
1.7210012602684,	23.50807
1.72120130362177,	14.688936
1.72140139348526,	16.153862
1.7216015298751,	20.554411
1.72180171519833,	13.210303
1.72200209056331,	11.739607
1.7222023666641,	19.072174
1.72240268935623,	10.267109
1.72260320702401,	23.46191
1.72280362298211,	21.990133
1.72300408558034,	13.190837
1.723204594835,	17.58346
1.72340529926866,	24.903776
1.72360590191962,	23.433084
1.72380655127592,	10.249454
1.72400739356699,	23.42156
1.72420813881444,	17.56185
1.72440907470053,	13.168147
1.72460991111007,	16.090443
1.72481094065607,	11.699261
1.72501201947337,	24.854811
1.72521299636174,	26.310383
1.72541416653806,	11.690625
1.72561523714915,	13.148716
1.72581635703107,	13.145479
1.72601766795114,	11.681993
1.72621902584123,	11.679117
1.72642043071778,	26.271542
1.72662173834453,	20.428389
1.72682309051854,	18.964546
1.72702463638527,	17.501423
1.72722623171017,	30.619944
1.72742787169849,	24.781466
1.72762955877205,	13.116366
1.72783129294735,	21.855225
1.72803292975226,	16.023214
1.72823475814679,	18.931858
1.72843663369258,	14.559378
1.72863840940642,	30.567154
1.72884038168033,	20.373077
1.72904239874525,	14.54861
1.72924461013037,	20.363029
1.72944657454382,	17.44972
1.72964873572323,	7.268923
1.72985094175764,	23.254816
1.7300531950757,	14.530674
1.73025549569402,	21.790632
1.73045784604408,	34.856407
1.73066024131324,	18.875895
1.73086268393246,	21.774502
1.73106517633495,	24.671677
1.73126771370471,	21.763752
1.7314702984744,	36.263962
1.73167293066066,	27.553804
1.73187561269901,	31.896526
1.73207833976894,	17.393808
1.73228126192533,	23.186014
1.73248408397959,	21.731518
1.7326869559549,	21.726149
1.73289002074992,	13.032468
1.73309283763088,	28.953882
1.73329600000125,	20.262709
1.7334990597578,	20.2577
1.73370231495999,	23.145933
1.73390546993481,	10.123842
1.73410867495165,	14.459056
1.73431192517761,	26.019863
1.73451522305399,	15.897095
1.73471871905997,	20.227661
1.73492211232274,	15.889231
1.73512570139133,	23.10589
1.73532919010708,	23.100174
1.73553287716083,	14.434036
1.73573646139733,	23.088741
1.73594024164593,	14.426892
1.73614392390069,	17.307985
1.73634779984059,	18.745674
1.7365515753199,	12.974562
1.73675554701794,	17.295132
1.73695942065254,	23.054464
1.73716348817676,	25.92985
1.7373674551685,	21.602856
1.7375716210207,	1.439834
1.73777568387019,	25.910583
1.73797994324893,	14.391202
1.73818425065089,	11.510109
1.73838860853011,	17.260883
1.73859286333232,	20.132706
1.73879731487122,	14.37694
1.73900181693995,	21.560064
1.73920636467843,	25.865662
1.73941081170432,	12.929624
1.73961545811522,	12.926417
1.73982015024509,	12.923211
1.74002474160826,	12.920006
1.74022953007194,	22.963202
1.74043451820118,	20.087816
1.74063940313744,	18.648342
1.74084418723478,	14.341319
1.74104917108558,	21.506639
1.74125420077049,	4.300261
1.74145927875057,	8.598386
1.74166440748915,	17.192503
1.74186958211133,	22.917645
1.74207480507988,	21.479956
1.74228007641191,	11.453132
1.7424853985731,	11.450287
1.74269076668394,	4.292791
1.74289618320958,	20.028048
1.74310165061746,	5.720878
1.74330716402463,	10.009048
1.74351272589798,	12.865579
1.74371833870672,	15.720688
1.74392414717538,	7.143991
1.74412985458607,	17.141315
1.74433561298538,	9.996614
1.74454141748349,	8.566397
1.74474727055079,	8.564266
1.74495332199204,	19.978317
1.7451592747408,	8.560007
1.74536527365484,	7.131565
1.74557132120693,	15.685538
1.74577756980123,	8.553619
1.74598371471708,	8.551491
1.74619005832264,	15.673832
1.74639630313028,	7.122696
1.7466025942032,	14.241846
1.74680908412399,	11.39064
1.74701547519411,	9.964329
1.7472220627569,	0
1.7474285489713,	4.2683
1.74763523670786,	11.379299
1.74784182059715,	7.110291
1.74804860365123,	5.686815
1.74825528774898,	31.269691
1.74846216865308,	8.525972
1.74866894809958,	15.627055
1.74887592938916,	11.362299
1.74908280671871,	5.679733
1.74928988353073,	5.678318
1.74949701184923,	8.515353
1.74970403615123,	9.932101
1.74991126009486,	5.674071
1.75011838245325,	22.690624
1.75032570703013,	21.267155
1.75053307826222,	12.757111
1.75074049863707,	9.919722
1.7509479706446,	11.333997
1.75115533850374,	16.996752
1.75136290637657,	12.744383
1.75157052593628,	28.313784
1.75177819225258,	9.907351
1.75198575681923,	14.149825
1.75219367512175,	0
1.75240148923431,	-1.414276
1.75260920154233,	12.725307
1.75281711671488,	21.203547
1.75302507874567,	4.23965
1.75323309012941,	11.30291
1.75344115336314,	5.650043
1.75364911222185,	15.533736
1.75385727173454,	4.235415
1.75406563450777,	21.171782
1.75427389292111,	9.877696
1.75448220327536,	16.928961
1.75469056062387,	4.231182
1.75489896746613,	8.460248
1.75510742630396,	14.096889
1.7553159321872,	1.409336
1.75552448761712,	19.725775
1.75573324674133,	11.269052
1.75594190135423,	5.633116
1.75615060556683,	15.487194
1.75635936188456,	4.222723
1.75656816535023,	5.628889
1.75677717029305,	7.03435
1.75698607560763,	7.03259
1.75719502812153,	11.249327
1.7574040303414,	8.434883
1.75761323674517,	11.243695
1.75782233846695,	8.43066
1.75803148994795,	12.642823
1.75824084577646,	9.830844
1.758450096866,	1.404055
1.75865939776808,	5.614811
1.75886875099536,	21.050266
1.75907830379887,	15.432994
1.75928775677826,	4.207943
1.75949740944088,	7.011482
1.75970695974647,	9.813614
1.75991671483682,	11.212748
1.76012651743985,	15.413663
1.7603362176305,	11.207126
1.76054612277029,	18.207012
1.76075592296177,	18.202446
1.76096592571124,	15.398208
1.76117582847589,	9.796401
1.7613859314063,	20.987022
1.76159593181354,	13.987838
1.76180613749919,	13.984328
1.76201639085339,	19.573147
1.76222654413335,	8.386386
1.76243689784789,	9.781661
1.76264730178749,	22.352468
1.76285775847632,	12.570107
1.76306826292061,	1.396328
1.76327866469375,	20.939659
1.76348927218562,	9.769386
1.76369977446191,	12.557486
1.76391048005804,	4.184777
1.76412123851509,	8.367451
1.76433204483216,	12.548023
1.76454290404746,	9.757121
1.76475381115771,	15.328766
1.76496476869135,	19.504435
1.76517577917927,	2.785647
1.76538683761458,	8.354841
1.76559779317476,	11.136988
1.76580910845094,	12.525961
1.76602016494805,	18.088505
1.76623158134537,	9.737514
1.76644289235148,	11.125789
1.76665410038956,	6.951869
1.76686551503132,	8.340143
1.76707713137059,	18.065763
1.76728849111292,	5.557298
1.76750021130893,	12.500772
1.76771182599867,	6.943126
1.76792349388641,	11.106205
1.76813520994972,	-4.163778
1.76834697672684,	9.713037
1.768558950626,	6.936136
1.76877081892287,	12.481901
1.76898274051189,	5.546114
1.76919471036463,	12.475614
1.76940688503759,	16.629961
1.76961895908102,	16.625771
1.76983108144118,	5.540527
1.77004325466121,	8.308697
1.77025563544964,	1.384434
1.77046791048186,	12.456762
1.77068023895735,	8.302415
1.77089277011205,	9.683708
1.77110519798122,	15.213419
1.77131767935048,	11.061515
1.77153036356326,	11.058725
