#Wave,	
1.55010229706347,	29.387249
1.5502623353924,	62.447906
1.55042240677064,	34.889568
1.55058250926949,	44.061195
1.55074252847591,	31.203045
1.55090257877377,	53.216835
1.55106278240202,	25.68515
1.55122301719024,	38.519119
1.55138340542798,	47.679684
1.5515435880483,	38.501911
1.55170392413947,	36.660297
1.55186429337224,	51.312946
1.55202469381432,	60.46246
1.55218512936072,	47.626446
1.55234559613619,	40.290291
1.55250609803737,	47.605156
1.5526666311874,	27.458374
1.55282719948452,	47.583878
1.55298791963886,	38.424538
1.55314843378458,	31.098623
1.5533091017531,	47.551964
1.55346991973725,	29.256203
1.55363065422937,	53.015011
1.55379142003971,	40.209286
1.55395222107218,	40.200291
1.55411305539052,	56.633194
1.55427403989704,	27.397026
1.55443494084232,	56.607853
1.55459599204492,	40.164326
1.55475695965857,	40.155334
1.55491795866002,	32.847012
1.55507899295884,	38.312935
1.55524017960395,	45.600426
1.55540139771606,	47.413826
1.55556253216988,	18.232004
1.55572369806132,	40.101425
1.55588501839069,	45.559597
1.55604637217965,	29.151611
1.55620763834951,	56.468597
1.5563690590638,	32.780872
1.55653051131506,	40.056534
1.55669187981082,	49.149277
1.55685327981414,	45.498394
1.55701483450404,	43.668671
1.55717642272648,	27.286802
1.55733804253602,	38.192959
1.55749957852052,	63.640663
1.55766126542138,	29.086353
1.55782298785286,	59.977154
1.55798462446082,	30.890394
1.55814641208962,	23.616768
1.55830823528164,	47.222946
1.5584700901311,	34.501335
1.5586321000731,	45.386311
1.55879390463713,	34.485859
1.55895586039638,	32.663483
1.55911785177329,	56.241158
1.55927987485803,	72.552948
1.55944193358224,	43.521999
1.55960402599604,	30.821165
1.55976626982951,	36.252056
1.5599283099721,	39.868309
1.56009050155455,	39.85936
1.56025272883106,	54.341469
1.56041498984975,	21.731707
1.56057740246316,	43.453651
1.56073973102232,	47.06422
1.5609020913904,	56.102428
1.56106460738812,	39.805683
1.56122691741898,	37.987797
1.56138949910082,	30.745117
1.5615519966585,	41.58699
1.56171464802345,	52.423988
1.56187721130245,	34.339031
1.56203981039603,	39.752048
1.56220244137974,	28.904081
1.56236522828071,	39.734177
1.56252804911112,	16.251236
1.56269078178147,	45.132175
1.56285367047717,	21.658573
1.56301647098312,	16.240276
1.56317930738064,	19.844763
1.56334217771056,	27.054955
1.5635052002681,	21.639095
1.56366825880041,	36.057045
1.56383135134714,	39.653828
1.56399447594629,	27.030617
1.56415751619698,	41.437618
1.56432070885185,	30.620913
1.56448393753678,	37.817318
1.56464707985764,	23.405453
1.56481037468875,	43.200336
1.56497358510113,	34.19257
1.56513695007006,	35.984074
1.56530034717339,	32.378372
1.56546378037329,	46.758228
1.56562724572815,	39.555744
1.56579074720177,	50.332336
1.56595428282851,	44.929462
1.56611785064107,	14.374189
1.56628145460574,	28.741901
1.56644497204697,	41.307175
1.56660876312226,	35.911186
1.56677246967437,	34.107941
1.56693621044388,	26.921253
1.56709986265141,	25.120838
1.56726367186223,	53.818233
1.56742751334132,	26.903049
1.56759151194707,	39.44891
1.56775542396376,	41.232742
1.56791936827972,	28.677179
1.56808346983173,	43.006065
1.56824736376448,	34.038792
1.56841141098886,	51.942223
1.56857561555875,	32.232727
1.5687397334524,	51.918789
1.56890400479537,	34.008083
1.56906819141762,	50.105865
1.56923253354655,	32.203644
1.56939678695472,	33.985062
1.56956107673839,	21.459406
1.56972539893536,	48.272762
1.56988987877043,	23.237194
1.57005439307835,	16.083654
1.57021881859059,	32.160046
1.57038340185087,	32.152782
1.57054789827469,	53.575871
1.57071242717424,	32.13826
1.57087711393187,	57.12178
1.57104171380927,	24.985132
1.57120658908088,	60.664471
1.57137125801537,	48.163841
1.57153608296401,	51.719841
1.57170081898186,	19.613438
1.57186571307828,	33.870098
1.57203064177786,	23.169039
1.57219548150156,	39.200279
1.57236047941423,	49.879986
1.57252551196276,	48.087681
1.5726905771634,	33.831829
1.57285555731727,	40.945057
1.57302081553708,	40.935795
1.57318598474183,	62.27951
1.57335106885713,	39.138264
1.57351630942358,	33.793583
1.57368158270517,	40.898762
1.57384689270674,	49.778534
1.57401223744248,	49.767269
1.57417761492493,	44.425003
1.57434302916145,	37.308556
1.57450847816501,	49.733482
1.5746739599469,	55.049603
1.574839478517,	39.058613
1.57500503188704,	40.82476
1.57517061806706,	31.942577
1.57533636315235,	40.806271
1.57550202101334,	23.059191
1.57566771171599,	47.881317
1.5758334392753,	42.551529
1.57599932388612,	38.996731
1.57616512121389,	49.620956
1.57633095142565,	31.891956
1.5764969408026,	28.341982
1.57666284285239,	46.04528
1.57682877781798,	67.281693
1.57699487206034,	26.552544
1.57716087893141,	40.70467
1.57732704114171,	63.697212
1.57749311795728,	42.455177
1.577659229749,	51.288372
1.57782537452023,	33.595108
1.57799167879175,	33.587486
1.57815789560362,	47.718758
1.57832426797333,	26.504408
1.5784906774347,	51.230228
1.57865712199028,	33.557014
1.57882347902722,	44.143948
1.57898999176804,	49.43
1.57915641897093,	30.004261
1.57932300396227,	38.820229
1.57948962209145,	38.811417
1.57965627739302,	24.692566
1.57982284508737,	44.083855
1.579989568705,	63.466339
1.58015632952969,	26.438301
1.58032312555982,	42.291676
1.58048995680652,	52.852585
1.58065669835718,	35.227055
1.58082372297898,	45.784763
1.58099053698114,	29.92939
1.58115750716319,	52.804569
1.58132451463339,	47.513313
1.58149155738715,	45.74316
1.58165863341822,	56.28648
1.58182574677225,	38.688156
1.58199289544342,	45.711975
1.58216007944291,	33.397308
1.58232729676278,	47.44854
1.58249455145212,	54.465565
1.5826618415034,	21.07865
1.58282928815439,	36.879246
1.58299664898886,	33.359348
1.58316404521896,	49.14996
1.58333160018111,	56.158604
1.58349906524007,	47.373039
1.58366644437269,	15.78742
1.58383410570068,	50.858997
1.58400167707966,	47.340702
1.58416940940049,	45.576969
1.58433693028413,	38.556347
1.58450485712522,	56.069191
1.58467257047423,	49.04937
1.58484032135613,	40.28138
1.585008231344,	50.778
1.58517605127578,	52.517002
1.5853440324145,	50.754871
1.5855119254938,	31.495848
1.58567985413771,	43.734264
1.5858479400469,	68.209908
1.58601593987972,	50.708633
1.58618409908106,	45.452553
1.58635216811907,	38.451084
1.58652039862973,	59.410862
1.58668866482542,	50.662418
1.58685696671748,	47.157703
1.58702530228612,	55.877869
1.58719355167701,	43.64463
1.58736196069966,	45.380066
1.58753040546415,	43.624729
1.58769875994248,	45.359367
1.58786727619803,	47.093216
1.58803582822957,	41.851086
1.58820429196302,	47.071728
1.58837303763156,	50.546989
1.58854157292083,	43.565044
1.58871026814349,	54.008327
1.58887912339007,	50.51239
1.58904776406287,	38.310997
1.58921656681835,	40.043262
1.58938540544109,	45.255962
1.58955427790487,	52.206493
1.58972318829601,	48.714935
1.58989213458872,	29.570169
1.59006124117024,	67.821953
1.59023025728751,	62.590584
1.59039931137967,	45.193981
1.59056840141924,	46.92149
1.59073752741768,	33.011284
1.59090668734534,	55.585247
1.59107600983009,	64.255753
1.59124511923897,	55.559841
1.5914145137748,	29.50942
1.59158381772299,	78.095314
1.59175328438201,	46.846478
1.59192266246621,	55.509056
1.59209207660121,	46.825054
1.59226165151877,	50.282078
1.59243113577143,	53.737514
1.59260065815404,	76.255157
1.59277034143348,	58.910957
1.59293993604796,	64.094322
1.59310956473562,	60.615891
1.59327935648084,	65.796478
1.59344918442233,	41.546162
1.59361892363868,	65.766365
1.59378869697267,	31.145359
1.5939586335187,	62.276463
1.59412860630732,	34.590115
1.59429849031055,	62.247952
1.59446853354218,	50.132702
1.59463849000811,	65.676079
1.59480873294883,	60.477276
1.59497876195096,	74.283638
1.59514895033288,	51.813919
1.59531905189051,	63.889194
1.59548931495659,	37.979469
1.59565961436976,	50.052372
1.59582982280801,	69.021935
1.59600019492311,	46.579128
1.59617060342022,	58.641758
1.59634117367118,	55.179592
1.59651152960714,	41.375206
1.59668217067803,	58.60144
1.59685259940566,	46.525768
1.59702318998737,	56.851788
1.59719381702109,	37.892498
1.59736447846081,	49.937748
1.59753517843321,	72.307045
1.59770591489271,	75.732864
1.597876687851,	37.857746
1.59804762294811,	29.247
1.59821846690605,	44.720444
1.5983893494574,	30.953201
1.59856014284548,	63.611423
1.59873109847298,	55.002659
1.59890221643229,	54.990032
1.59907324317451,	60.131538
1.59924430857099,	60.117733
1.59941541057179,	46.365891
1.5995866750591,	56.656406
1.59975784826686,	41.195198
1.59992918610201,	30.889301
1.60010043469116,	61.764412
1.60027171994345,	70.326645
1.60044316787591,	60.021145
1.6006145244507,	73.72332
1.60078604584889,	46.28075
1.60095747792513,	53.124947
1.60112907283673,	70.24588
1.60130057839597,	78.794334
1.60147211863259,	37.675583
1.60164382388898,	78.75811
1.60181556596881,	41.081738
1.60198721863541,	63.319782
1.60215890809501,	54.750462
1.60233075859154,	61.580105
1.60250264802901,	35.913464
1.60267457434918,	59.842007
1.60284641117996,	80.340775
1.60301841127405,	59.814472
1.60319044621371,	54.674934
1.60336239369054,	58.078747
1.6035346310402,	56.357578
1.60370665235884,	64.881668
1.6038788371359,	73.401825
1.60405105681578,	46.078907
1.60422318895874,	58.011932
1.60439561130571,	76.762817
1.60456781740948,	63.101562
1.60474018716711,	59.676918
1.60491259188495,	68.186485
1.60508503572892,	51.128082
1.60525751663418,	66.451195
1.6054300346127,	71.546341
1.60560258967642,	57.905117
1.60577517975786,	68.107971
1.60594780902742,	68.09227
1.60612047541809,	47.653606
1.60629317894182,	66.359367
1.60646604656602,	59.539547
1.60663882441916,	62.927296
1.6068116373592,	52.710712
1.60698436252459,	66.298187
1.60715737895775,	54.385963
1.60733043265064,	67.966774
1.60750326937645,	59.457211
1.6076763954858,	57.74511
1.60784943380075,	84.899689
1.60802250936882,	54.323261
1.60819574943099,	79.768883
1.6083688995688,	76.356834
1.60854221427962,	83.124916
1.60871543694831,	71.233482
1.60888869901696,	55.956245
1.60906212577708,	57.63858
1.60923546253605,	64.404716
1.60940896406554,	76.251129
1.60958237556313,	74.539444
1.60975594982059,	96.540154
1.6099294361047,	74.505013
1.61010308731762,	66.023277
1.61027677599552,	64.315514
1.61045037456459,	72.761261
1.61062413818133,	86.278297
1.61079780956595,	55.814236
1.61097164816958,	74.401779
1.61114539660276,	82.837372
1.61131931024228,	108.170746
1.61149326143176,	101.386627
1.61166725018336,	87.848091
1.61184127441405,	92.894768
1.61201521049192,	87.807472
1.61218943983647,	86.098946
1.61236345106856,	97.893799
1.61253762778528,	79.309387
1.6127118421372,	82.665123
1.61288609203861,	87.705956
1.61306025369725,	94.43071
1.61323470902734,	74.178391
1.61340907404163,	109.556351
1.61358347675217,	92.680069
1.61375778906063,	109.505638
1.61393226717263,	111.164597
1.61410678091648,	79.144341
1.61428146269981,	94.277802
1.6144560540746,	116.136826
1.61463068321907,	114.427177
1.61480535014548,	102.62413
1.61498005486608,	94.190491
1.61515479739315,	112.666092
1.6153295756347,	84.059692
1.61550439381107,	102.52906
1.61567924983074,	104.185715
1.61585427214962,	97.441467
1.61602933239202,	89.020706
1.616204302071,	110.830276
1.61637930964249,	77.227432
1.61655435301135,	100.708084
1.61672956498714,	102.362808
1.61690468633744,	93.950623
1.61707984562954,	98.960739
1.61725504287577,	93.907051
1.61743040678276,	80.473083
1.61760580872436,	78.778282
1.61778111785215,	70.381279
1.61795659587172,	93.819931
1.61813211196304,	95.473129
1.61830753730455,	93.776398
1.6184830006867,	71.990158
1.61865863101168,	98.754272
1.618834299458,	112.118645
1.61900987497839,	88.67028
1.61918561967614,	95.340233
1.61936127353069,	107.023819
1.61953709453,	95.295952
1.61971295371274,	120.345879
1.61988872200551,	91.909523
1.62006478667825,	121.96067
1.62024063134401,	101.888664
1.6204166412393,	98.525154
1.62059269149735,	101.841316
1.62076878001353,	110.163361
1.62094477754613,	93.450218
1.62112107187019,	91.760124
1.62129727523564,	88.40284
1.62147338757064,	116.731323
1.62164966753658,	101.699356
1.62182598583556,	93.341637
1.6220023403584,	104.984917
1.62217873536053,	96.630302
1.62235516873323,	86.613914
1.62253164048902,	131.555908
1.62270815064044,	133.19017
1.62288469920002,	103.198372
1.62306128618028,	98.182045
1.62323804121394,	126.44236
1.62341470297606,	104.789665
1.62359127564485,	121.394684
1.62376814613774,	89.777901
1.62394492543751,	116.351669
1.62412174323331,	91.397881
1.62429859953774,	129.588623
1.62447562418124,	129.558456
1.62465255756894,	126.207039
1.62482952950301,	161.042511
1.6250066677693,	107.889946
1.62518371686179,	126.118858
1.62536093449791,	124.430397
1.62553806079977,	126.060089
1.62571522571107,	140.955399
1.62589242924445,	135.948807
1.62606980148533,	144.204758
1.62624721243031,	117.656906
1.62642453196247,	170.645569
1.62660202032524,	150.729385
1.62677941510954,	122.542564
1.62695685072555,	132.447556
1.62713458553858,	147.313538
1.62731209864537,	140.659882
1.62748965048816,	134.009323
1.62766737140813,	132.32402
1.62784513114639,	145.522461
1.62802292971565,	145.488495
1.62820063671469,	135.537186
1.62837851295563,	168.555695
1.62855642806575,	165.212112
1.62873424941903,	165.173538
1.62891224227676,	151.924179
1.62909014348543,	150.237747
1.62926834472722,	158.455551
1.6294463237319,	158.418549
1.62962447226731,	158.381546
1.62980265976118,	146.798599
1.62998088622631,	174.797928
1.63015915167548,	138.486755
1.63033745612149,	151.640533
1.63051579957712,	166.436035
1.63069417991071,	156.512161
1.63087260142355,	176.240906
1.63105106198445,	189.373535
1.63122956160623,	172.865845
1.63140810030171,	202.452652
1.63158667808372,	164.557159
1.63176529496511,	197.422424
1.63194408197299,	179.283432
1.63212277712035,	187.463577
1.63230151140563,	169.335373
1.63248028484169,	154.50293
1.6326590974414,	169.256149
1.63283794921764,	162.645035
1.63301696921928,	190.529388
1.63319589941546,	205.263794
1.63337486882683,	192.08194
1.63355400873917,	201.885025
1.63373305664834,	182.146286
1.6339121438114,	157.495041
1.63409140160055,	185.341385
1.63427056733891,	183.658173
1.63444977236992,	198.369949
1.63462914815225,	170.459854
1.63480843183616,	188.445114
1.63498788635497,	188.40097
1.63516724874357,	214.563004
1.63534678205072,	230.887741
1.63552622319585,	227.559402
1.63570583318555,	238.963211
1.63588535313862,	201.271149
1.63606491250091,	219.219604
1.63624464299112,	192.998871
1.63642441297438,	207.670425
1.63660422246371,	189.638748
1.63678407147213,	187.959854
1.63696382819115,	215.694626
1.63714362439738,	209.10936
1.63732359198331,	220.493301
1.63750373104895,	197.580963
1.63768364588191,	212.227264
1.63786373222069,	221.970276
1.63804372617437,	226.813446
1.63822389171799,	168.03096
1.63840409689815,	205.504181
1.63858434172794,	171.213287
1.63876462405467,	177.69397
1.63894494822249,	213.508682
1.63912517990936,	221.60582
1.63930571563795,	206.892136
1.63948615891179,	224.759125
1.63966664191387,	223.078033
1.63984716465731,	195.350922
1.64002772715522,	252.268997
1.64020832942075,	206.649261
1.64038897146704,	245.643356
1.64056965330723,	237.453659
1.64075050738655,	216.259689
1.64093126888317,	253.598358
1.64111207021318,	229.160019
1.64129277887008,	243.72995
1.64147379242601,	268.039917
1.64165471333519,	282.593811
1.64183567413045,	256.547821
1.642016674825,	284.084259
1.64219784809784,	275.902649
1.6423789286598,	311.534393
1.64256004916066,	324.43866
1.64274134236728,	290.304291
1.64292254281487,	330.771729
1.64310391605329,	299.893951
1.64328519432283,	330.616058
1.64346651477466,	346.741089
1.64364800814503,	362.858521
1.64382954160563,	369.25119
1.64401084925186,	391.832245
1.64419259586236,	420.877655
1.64437411662631,	390.029327
1.6445556774749,	454.65741
1.64473727842139,	516.019775
1.64491905258494,	527.218872
1.64510086693181,	586.918274
1.64528258831059,	683.768433
1.64546448303462,	812.894714
1.64564641798196,	964.580078
1.64582839316594,	1166.269165
1.64601027531737,	1300
1.64619233098521,	1350
1.64637442692976,	1390
1.64655656316437,	1380
1.6467386063019,	1340
1.64692082312726,	1290
1.6471030802828,	1203.049683
1.64728537778194,	917.391174
1.64746758211941,	781.774658
1.64764996031635,	712.294617
1.64783237889708,	676.681335
1.64801483787501,	697.461609
1.64819733726356,	721.45282
1.64837987707617,	745.432617
1.64856245732625,	729.1604
1.64874507802725,	759.563965
1.64892773919261,	706.292053
1.64911044083579,	717.384705
1.64929318297024,	628.76947
1.64947596560942,	590.035522
1.6496587887668,	533.639038
1.64984165245585,	535.119995
1.6500246906235,	481.976196
1.65020763544605,	454.556793
1.65039062084075,	491.383453
1.65057364682109,	526.587219
1.65075684745289,	471.890411
1.65093982059272,	489.43045
1.65112310252284,	445.998383
1.65130629101061,	455.516541
1.65148952015161,	490.687012
1.65167278995938,	452.094818
1.65185623467838,	476.029846
1.65203958589011,	442.266541
1.65222311209982,	416.529358
1.65240654476976,	394.007629
1.65259001817424,	392.313141
1.65277353232684,	358.60144
1.65295735606101,	348.913483
1.65314081737049,	328.029083
1.65332458834848,	350.348114
1.65350840018871,	311.879974
1.65369225290483,	326.197205
1.65387601195105,	350.099396
1.65405981184059,	351.614746
1.6542437872063,	348.335754
1.65442780350246,	356.240723
1.65461186074273,	356.156372
1.65479582423163,	333.717712
1.65497996337113,	375.143951
1.65516400872666,	378.24704
1.65534822982006,	374.966217
1.65553249192595,	379.663025
1.65571666019891,	362.029785
1.65590113922994,	347.593781
1.6560853895363,	371.422729
1.65626981579907,	337.86673
1.65645428314287,	328.226654
1.65663865657207,	339.2995
1.656823206089,	328.071014
1.65700793179764,	324.808807
1.65719242850323,	329.507263
1.65737710142802,	303.965973
1.65756181551628,	350.034821
1.65774657078177,	307.003143
1.65793136723825,	305.339996
1.65811606964927,	295.727936
1.65830108377933,	297.247314
1.6584860038915,	333.727936
1.6586709652498,	328.882294
1.65885596786806,	349.453766
1.65904101176006,	343.018616
1.65922623237102,	355.63855
1.65941122342058,	355.554108
1.65959652670859,	363.404236
1.65978160034196,	334.760193
1.65996698636239,	345.783844
1.66015227821747,	350.459045
1.66033774705603,	377.327759
1.66052312169643,	396.258514
1.66070853995929,	366.055878
1.66089399741069,	372.306
1.66107949628815,	343.707245
1.66126517236999,	327.790253
1.66145075417156,	375.206879
1.661636513266,	338.713837
1.6618221780473,	332.303711
1.66200802021003,	348.044922
1.66219376802672,	333.727325
1.6623795573668,	328.904144
1.66256552422127,	322.50235
1.66275153268782,	314.523041
1.66293731070459,	314.448181
1.66312353844469,	289.097137
1.66330953570206,	292.187103
1.6634955745665,	274.748413
1.6636817912117,	290.469391
1.66386791336264,	295.13504
1.66405421338326,	277.708038
1.66424055512784,	236.626633
1.6644269386104,	269.690125
1.66461336384498,	271.202667
1.66479969450281,	302.665741
1.66498620325295,	304.169678
1.66517261739333,	332.458618
1.66535921195181,	351.282501
1.66554584609636,	330.725342
1.66573238558158,	329.072021
1.66591923990833,	325.845337
1.66610586304709,	258.09613
1.66629280117797,	276.915192
1.66647950802654,	294.152252
1.66666639336922,	294.082123
1.66685332063266,	281.43396
1.66704028983098,	339.526459
1.6672271642376,	345.731537
1.66741435408869,	454.05719
1.66760144917632,	466.514923
1.66778858625532,	552.774719
1.66797576533982,	671.96344
1.66816284954975,	798.943359
1.6683502495819,	919.585693
1.66853755701297,	1256.67627
1.66872490426148,	1337.938843
1.66891243060353,	1161.988403
1.66909986204957,	768.202942
1.66928733560027,	589.337402
1.66947485126982,	499.876984
1.66966240907241,	405.759338
1.66985000902224,	338.313049
1.67003765113353,	288.123779
1.67022533542048,	292.751495
1.67041319916109,	273.899841
1.67060096787291,	251.927658
1.67078877880309,	261.253815
1.67097676932228,	273.703552
1.67116466476279,	250.183441
1.67135260471718,	240.744003
1.67154072214382,	273.507324
1.67172874444188,	300.004883
1.67191694655489,	317.116821
1.672105191048,	318.602783
1.67229334036258,	377.859955
1.67248166962788,	415.234344
1.67266990368131,	435.423584
1.67285818011016,	458.723694
1.67304663662564,	422.735962
1.67323499787925,	322.824402
1.67342353931019,	299.35965
1.67361212323592,	243.171524
1.67380061410908,	202.594437
1.67398928303691,	208.778122
1.67417799450264,	204.055115
1.67436661060635,	225.808456
1.67455540715994,	161.920395
1.67474424629459,	207.021683
1.6749329900171,	177.404663
1.67512191432597,	189.80864
1.67531101932905,	214.650146
1.67549989083105,	214.598724
1.67568894305611,	231.648895
1.67587803794876,	212.941574
1.67606703959438,	178.703751
1.67625621983488,	161.571609
1.67644544278633,	163.08609
1.67663470846319,	181.680939
1.67682401687994,	173.875092
1.67701336805104,	127.270889
1.677202761991,	133.44722
1.67739219871429,	138.069229
1.67758167823542,	107.016762
1.67777120056889,	117.845261
1.67796090423624,	131.769012
1.67815037600204,	141.036499
1.67834016542979,	134.804749
1.67852972058869,	145.61615
1.6787194572022,	145.581207
1.67890937537887,	162.578278
1.67909919783731,	184.211151
1.67928906322437,	190.357407
1.67947897155464,	228.99295
1.67966906163183,	211.922302
1.6798590559236,	173.208755
1.68004909547857,	197.905319
1.68023917575932,	179.308609
1.6804292990562,	188.537903
1.6806196043301,	214.757965
1.6808098137345,	242.510071
1.6810002052081,	256.350311
1.68119050077853,	305.693756
1.6813808394382,	365.818207
1.68157136030544,	412.025269
1.68176192663514,	444.324921
1.6819523947139,	513.627136
1.68214290594051,	607.568909
1.68233359955946,	593.547668
1.68252433641871,	383.78656
1.68271497723996,	318.974731
1.68290566126777,	209.517532
1.68309652787299,	146.318954
1.68328743777735,	100.088882
1.68347825386176,	123.156677
1.68366925037752,	80.032578
1.68386015075399,	78.474594
1.68405123393958,	92.300835
1.68424236049805,	90.740639
1.68443339086651,	86.105972
1.68462460418335,	76.861824
1.68481586091739,	110.654373
1.68500702141067,	93.726273
1.68519836728197,	84.486938
1.68538975432513,	69.109032
1.68558118484466,	82.910858
1.68577265885538,	89.030945
1.6859640365407,	65.989799
1.68615559754651,	87.453773
1.686347202088,	84.364883
1.68653885018,	92.012238
1.68673054413177,	78.191551
1.68692227936987,	59.779121
1.68711405820307,	70.491707
1.68730588064622,	94.987656
1.6874977467142,	84.242928
1.6876896564219,	65.846764
1.6878816097842,	88.795151
1.68807360681601,	90.304306
1.6882656498308,	85.691887
1.68845773424686,	96.380112
1.68864986237715,	100.945282
1.6888420342366,	113.153763
1.68903439018131,	126.885071
1.68922664957583,	102.400581
1.68941895274434,	79.455887
1.68961144244111,	84.019592
1.68980383323496,	65.672188
1.68999626784768,	62.602547
1.69018874629424,	70.220039
1.69038126858962,	76.307701
1.69057397534594,	80.866623
1.69076658541597,	77.796257
1.69095924168573,	88.452797
1.69115208025221,	76.233986
1.69134482208129,	54.875206
1.69153760784923,	54.861946
1.69173057836064,	76.178726
1.69192345208349,	62.451458
1.69211651064413,	67.004875
1.6923094746917,	56.331387
1.69250262136239,	56.317764
1.69269567117626,	44.130276
1.6928889060168,	65.418724
1.69308204396636,	51.713921
1.69327536703713,	38.015743
1.69346859318276,	38.006546
1.69366200685751,	45.596821
1.69385532126015,	36.468628
1.69404882097331,	37.978962
1.69424236490088,	33.413399
1.69443595305804,	39.479004
1.69462958545993,	30.361113
1.69482312081693,	33.389137
1.69501684403852,	33.381054
1.69521060923389,	36.406876
1.69540427733299,	31.848303
1.69559813112213,	30.324369
1.69579202924712,	60.634048
1.69598597172316,	22.73226
1.69617996088565,	37.877922
1.69637385054648,	30.294994
1.69656806773107,	33.316418
1.69676204613581,	52.990547
1.69695621056365,	34.813919
1.69715041943396,	19.672663
1.69734467508536,	37.822872
1.69753897288691,	46.888988
1.69773331517671,	37.804531
1.69792770197007,	45.354435
1.69812213328225,	27.20606
1.69831660912857,	42.310272
1.69851113185088,	37.767864
1.69870583876486,	31.71731
1.69890044833846,	22.649725
1.69909496048942,	30.192305
1.69928965923658,	40.749718
1.69948454469293,	36.213181
1.69967933506987,	30.170326
1.69987416777434,	22.622252
1.70006904515092,	34.679028
1.70026396721497,	25.626102
1.70045907622802,	37.676292
1.70065408774579,	36.160458
1.70084914633017,	21.088476
1.70104438967521,	39.1548
1.70123953547325,	28.606171
1.70143472605114,	33.114887
1.70163010386642,	37.62141
1.70182538408295,	28.585321
1.70202071146179,	36.098999
1.7022162238868,	36.090225
1.7024117812343,	28.564482
1.70260724091398,	40.581764
1.7028027454816,	27.04793
1.70299843996279,	33.050541
1.70319417709008,	15.01932
1.70338981648042,	30.031334
1.70358550082062,	30.024029
1.70378137292869,	33.018398
1.70397729008326,	36.011307
1.70417311177379,	34.502438
1.7043691190357,	22.496113
1.70456517139076,	47.980026
1.70476126885453,	29.980219
1.70495726844286,	41.96209
1.70515345848266,	26.969061
1.7053495482681,	13.481247
1.70554582625716,	34.443687
1.70574200630145,	32.93811
1.70593851781073,	35.923733
1.70613479055663,	43.39727
1.70633124935337,	16.457024
1.70652775339917,	16.453014
1.70672430270967,	14.95364
1.70692075397123,	28.404993
1.70711739382505,	31.387341
1.70731408134124,	32.873962
1.70751081183453,	35.85376
1.70770758767079,	26.883764
1.7079044088657,	23.890854
1.70810127543495,	26.870655
1.70829818974768,	23.879202
1.70849514711323,	41.778412
1.70869214990021,	7.458611
1.70888934178438,	16.404942
1.70908629180133,	23.855911
1.7092834333031,	25.340721
1.70948076169307,	28.315069
1.70967799185679,	26.818256
1.70987526753636,	38.728027
1.71007259110587,	32.761868
1.71026995786493,	25.309809
1.71046737018714,	34.234322
1.71066482808826,	31.249792
1.71086233158407,	29.754438
1.7110600270767,	40.15868
1.71125762184312,	20.817934
1.71145540634347,	32.705906
1.71165294831813,	20.807764
1.71185082421676,	37.14764
1.71204860404369,	13.369883
1.7122464272128,	22.277693
1.71244444036158,	22.272247
1.71264249931423,	17.813442
1.71284045976147,	28.197721
1.71303861270264,	32.64201
1.71323666473746,	32.634029
1.71343476257292,	26.694038
1.71363305068366,	31.135429
1.71383124257025,	31.127813
1.71402962246261,	16.301056
1.71422790372709,	29.631033
1.71442637546427,	17.774269
1.71462474853853,	34.059013
1.71482331455579,	11.843714
1.71502177950416,	22.201529
1.71522043512299,	26.635313
1.71541913676877,	35.505054
1.7156178868312,	26.622272
1.71581653575236,	25.1371
1.71601537554205,	45.827019
1.71621426142274,	4.433786
1.71641304848261,	35.461605
1.71661202893619,	23.635277
1.71681105315299,	22.152645
1.71701012352492,	31.006104
1.71720909500576,	32.474625
1.71740840517706,	29.51515
1.71760761411134,	25.081728
1.71780672410174,	32.450752
1.71800602545724,	29.49345
1.71820537306432,	30.960531
1.71840476932046,	32.426888
1.71860420947958,	38.31329
1.7188036959386,	42.723572
1.71900322871366,	29.457306
1.71920266480517,	33.867592
1.71940243566056,	41.219994
1.71960210748111,	29.435629
1.71980182568226,	25.014145
1.72000159266599,	22.065887
1.72020140367741,	35.296757
1.72040126111795,	27.936405
1.72060116500379,	41.159332
1.72080111773915,	11.756923
1.7210012602684,	22.038816
1.72120130362177,	36.72234
1.72140139348526,	20.55946
1.7216015298751,	33.76796
1.72180171519833,	35.227474
1.72200209056331,	35.218822
1.7222023666641,	39.611439
1.72240268935623,	35.201515
1.72260320702401,	26.394648
1.72280362298211,	42.514259
1.72300408558034,	32.24427
1.723204594835,	32.236343
1.72340529926866,	24.903776
1.72360590191962,	33.685059
1.72380655127592,	38.069397
1.72400739356699,	20.493866
1.72420813881444,	45.368111
1.72440907470053,	40.967567
1.72460991111007,	35.106419
1.72481094065607,	33.635376
1.72501201947337,	45.323479
1.72521299636174,	40.927261
1.72541416653806,	30.687891
1.72561523714915,	26.297432
1.72581635703107,	27.751568
1.72601766795114,	36.506229
1.72621902584123,	40.876907
1.72642043071778,	36.488251
1.72662173834453,	40.856777
1.72682309051854,	45.223148
1.72702463638527,	33.544392
1.72722623171017,	52.491333
1.72742787169849,	42.274265
1.72762955877205,	32.062229
1.72783129294735,	58.280598
1.72803292975226,	49.526299
1.72823475814679,	33.494823
1.72843663369258,	30.574692
1.72863840940642,	52.400837
1.72884038168033,	43.656597
1.72904239874525,	50.920135
1.72924461013037,	40.726059
1.72944657454382,	47.986732
1.72964873572323,	34.890831
1.72985094175764,	37.789078
1.7300531950757,	53.763493
1.73025549569402,	45.033974
1.73045784604408,	43.570511
1.73066024131324,	36.299797
1.73086268393246,	69.678406
1.73106517633495,	31.928051
1.73126771370471,	55.134838
1.7314702984744,	49.318989
1.73167293066066,	53.65741
1.73187561269901,	55.094002
1.73207833976894,	49.282455
1.73228126192533,	65.210663
1.73248408397959,	50.706875
1.7326869559549,	55.039577
1.73289002074992,	39.097404
1.73309283763088,	52.116989
1.73329600000125,	49.209435
1.7334990597578,	46.303314
1.73370231495999,	46.291866
1.73390546993481,	31.817789
1.73410867495165,	53.498505
1.73431192517761,	43.36644
1.73451522305399,	44.800903
1.73471871905997,	43.34499
1.73492211232274,	30.333986
1.73512570139133,	50.544136
1.73532919010708,	40.425304
1.73553287716083,	34.641685
1.73573646139733,	40.4053
1.73594024164593,	44.723366
1.73614392390069,	20.19265
1.73634779984059,	37.491348
1.7365515753199,	56.223103
1.73675554701794,	30.266481
1.73695942065254,	34.581699
1.73716348817676,	37.454227
1.7373674551685,	28.803808
1.7375716210207,	30.236506
1.73777568387019,	25.910583
1.73797994324893,	38.856247
1.73818425065089,	28.775272
1.73838860853011,	30.206547
1.73859286333232,	25.884909
1.73879731487122,	41.693127
1.73900181693995,	31.621426
1.73920636467843,	48.857361
1.73941081170432,	44.53537
1.73961545811522,	12.926417
1.73982015024509,	47.385109
1.74002474160826,	20.097786
1.74022953007194,	31.5744
1.74043451820118,	41.610474
1.74063940313744,	30.124247
1.74084418723478,	17.209583
1.74104917108558,	25.807968
1.74125420077049,	32.968662
1.74145927875057,	28.661285
1.74166440748915,	34.385006
1.74186958211133,	30.079409
1.74207480507988,	34.367931
1.74228007641191,	44.380886
1.7424853985731,	32.919575
1.74269076668394,	18.602095
1.74289618320958,	34.333797
1.74310165061746,	38.615925
1.74330716402463,	25.737553
1.74351272589798,	15.724596
1.74371833870672,	41.44545
1.74392414717538,	27.147165
1.74412985458607,	39.996403
1.74433561298538,	27.133669
1.74454141748349,	27.126923
1.74474727055079,	14.273777
1.74495332199204,	41.383659
1.7451592747408,	41.373367
1.74536527365484,	28.526258
1.74557132120693,	32.797035
1.74577756980123,	17.107239
1.74598371471708,	25.654472
1.74619005832264,	28.497877
1.74639630313028,	24.217167
1.7466025942032,	28.483692
1.74680908412399,	17.08596
1.74701547519411,	31.316462
1.7472220627569,	14.231211
1.7474285489713,	14.227667
1.74763523670786,	29.870659
1.74784182059715,	19.908813
1.74804860365123,	21.325558
1.74825528774898,	9.949448
1.74846216865308,	7.104977
1.74866894809958,	15.627055
1.74887592938916,	26.985458
1.74908280671871,	24.138866
1.74928988353073,	28.391588
1.74949701184923,	11.353804
1.74970403615123,	41.147278
1.74991126009486,	28.370356
1.75011838245325,	25.526953
1.75032570703013,	18.431534
1.75053307826222,	24.096764
1.75074049863707,	22.673649
1.7509479706446,	41.085735
1.75115533850374,	24.078733
1.75136290637657,	19.824596
1.75157052593628,	12.741202
1.75177819225258,	18.399366
1.75198575681923,	16.97979
1.75219367512175,	18.390181
1.75240148923431,	21.21414
1.75260920154233,	28.278458
1.75281711671488,	24.030685
1.75302507874567,	29.677551
1.75323309012941,	28.257275
1.75344115336314,	8.475064
1.75364911222185,	31.067472
1.75385727173454,	1.411805
1.75406563450777,	22.583235
1.75427389292111,	38.099686
1.75448220327536,	15.518213
1.75469056062387,	18.335123
1.75489896746613,	14.100414
1.75510742630396,	25.374399
1.7553159321872,	19.730709
1.75552448761712,	28.179678
1.75573324674133,	36.624416
1.75594190135423,	23.940744
1.75615060556683,	16.895121
1.75635936188456,	26.743916
1.75656816535023,	26.737223
1.75677717029305,	15.475571
1.75698607560763,	29.536877
1.75719502812153,	19.686323
1.7574040303414,	36.551159
1.75761323674517,	11.243695
1.75782233846695,	29.507309
1.75803148994795,	15.452339
1.75824084577646,	16.852875
1.758450096866,	14.040545
1.75865939776808,	32.285164
1.75886875099536,	42.100533
1.75907830379887,	26.65699
1.75928775677826,	28.052958
1.75949740944088,	15.42526
1.75970695974647,	22.431118
1.75991671483682,	23.827089
1.76012651743985,	26.6236
1.7603362176305,	25.216034
1.76054612277029,	33.612946
1.76075592296177,	5.600753
1.76096592571124,	48.994297
1.76117582847589,	13.994859
1.7613859314063,	30.780966
1.76159593181354,	16.785406
1.76180613749919,	19.578058
1.76201639085339,	19.573147
1.76222654413335,	32.147812
1.76243689784789,	8.384281
1.76264730178749,	22.352468
1.76285775847632,	22.346857
1.76306826292061,	25.133902
1.76327866469375,	27.919546
1.76348927218562,	37.681919
1.76369977446191,	18.13859
1.76391048005804,	30.688364
1.76412123851509,	20.918629
1.76433204483216,	23.701822
1.76454290404746,	12.54487
1.76475381115771,	27.870483
1.76496476869135,	13.931739
1.76517577917927,	23.678003
1.76538683761458,	34.81184
1.76559779317476,	1.392123
1.76580910845094,	2.783547
1.76602016494805,	16.697081
1.76623158134537,	23.648249
1.76644289235148,	25.033024
1.76665410038956,	11.12299
1.76686551503132,	36.140621
1.76707713137059,	5.558697
1.76728849111292,	22.229191
1.76750021130893,	19.445646
1.76771182599867,	20.829378
1.76792349388641,	13.882756
1.76813520994972,	29.146448
1.76834697672684,	26.363956
1.768558950626,	36.067909
1.76877081892287,	15.255656
1.76898274051189,	26.344042
1.76919471036463,	29.109764
1.76940688503759,	23.559111
1.76961895908102,	38.793465
1.76983108144118,	24.932373
1.77004325466121,	19.386957
1.77025563544964,	29.073107
1.77046791048186,	23.52944
1.77068023895735,	24.907244
1.77089277011205,	20.750805
1.77110519798122,	17.979496
1.77131767935048,	16.592272
1.77153036356326,	29.029154
