1.55010229706347,	102.855377
1.5502623353924,	88.161751
1.55042240677064,	67.942841
1.55058250926949,	95.465919
1.55074252847591,	110.128395
1.55090257877377,	102.76355
1.55106278240202,	78.890099
1.55122301719024,	69.701263
1.55138340542798,	89.857872
1.5515435880483,	78.83725
1.55170392413947,	64.155518
1.55186429337224,	102.625893
1.55202469381432,	45.804893
1.55218512936072,	108.075394
1.55234559613619,	106.219864
1.55250609803737,	102.534187
1.5526666311874,	84.205681
1.55282719948452,	65.885368
1.55298791963886,	78.678818
1.55314843378458,	85.978546
1.5533091017531,	95.103928
1.55346991973725,	98.739685
1.55363065422937,	106.030022
1.55379142003971,	74.935486
1.55395222107218,	89.53701
1.55411305539052,	89.516983
1.55427403989704,	100.455765
1.55443494084232,	83.998749
1.55459599204492,	93.108208
1.55475695965857,	67.533974
1.55491795866002,	85.767197
1.55507899295884,	78.450294
1.55524017960395,	67.488632
1.55540139771606,	67.473526
1.55556253216988,	76.574417
1.55572369806132,	56.506557
1.55588501839069,	89.296814
1.55604637217965,	100.208664
1.55620763834951,	80.148979
1.5563690590638,	74.667542
1.55653051131506,	72.830063
1.55669187981082,	70.993401
1.55685327981414,	92.816727
1.55701483450404,	101.893562
1.55717642272648,	80.041283
1.55733804253602,	89.116905
1.55749957852052,	94.551842
1.55766126542138,	90.894852
1.55782298785286,	81.787025
1.55798462446082,	59.963707
1.55814641208962,	107.1838
1.55830823528164,	63.569347
1.5584700901311,	83.529549
1.5586321000731,	101.665337
1.55879390463713,	43.561085
1.55895586039638,	78.029434
1.55911785177329,	67.126541
1.55927987485803,	110.64325
1.55944193358224,	70.723251
1.55960402599604,	90.650482
1.55976626982951,	65.2537
1.5599283099721,	97.858574
1.56009050155455,	83.342293
1.56025272883106,	68.832527
1.56041498984975,	105.036583
1.56057740246316,	99.581291
1.56073973102232,	97.748764
1.5609020913904,	66.96096
1.56106460738812,	83.230064
1.56122691741898,	54.26828
1.56138949910082,	104.895103
1.5615519966585,	94.022758
1.56171464802345,	59.654881
1.56187721130245,	75.907333
1.56203981039603,	81.311005
1.56220244137974,	92.13176
1.56236522828071,	81.274452
1.56252804911112,	77.644798
1.56269078178147,	75.822052
1.56285367047717,	93.853813
1.56301647098312,	72.179008
1.56317930738064,	95.615677
1.56334217771056,	97.397835
1.5635052002681,	86.556381
1.56366825880041,	86.536911
1.56383135134714,	81.1101
1.56399447594629,	50.45715
1.56415751619698,	73.867058
1.56432070885185,	73.850433
1.56448393753678,	75.634636
1.56464707985764,	122.42852
1.56481037468875,	88.200691
1.56497358510113,	61.186703
1.56513695007006,	120.546646
1.56530034717339,	57.561554
1.56546378037329,	138.476303
1.56562724572815,	75.515518
1.56579074720177,	91.676758
1.56595428282851,	68.292786
1.56611785064107,	102.4161
1.56628145460574,	98.800285
1.56644497204697,	80.818382
1.56660876312226,	87.982414
1.56677246967437,	86.167427
1.56693621044388,	91.532257
1.56709986265141,	104.072044
1.56726367186223,	78.933411
1.56742751334132,	69.947929
1.56759151194707,	95.036011
1.56775542396376,	80.67276
1.56791936827972,	75.277596
1.56808346983173,	86.012131
1.56824736376448,	85.992729
1.56841141098886,	80.599998
1.56857561555875,	103.861008
1.5687397334524,	89.515152
1.56890400479537,	80.545456
1.56906819141762,	62.632332
1.56923253354655,	69.774559
1.56939678695472,	100.166496
1.56956107673839,	66.166496
1.56972539893536,	103.697044
1.56988987877043,	100
1.57005439307835,	111
1.57021881859059,	117.920174
1.57038340185087,	87.527023
1.57054789827469,	117.866913
1.57071242717424,	67.847443
1.57087711393187,	67.832115
1.57104171380927,	108.863792
1.57120658908088,	69.585716
1.57137125801537,	115.949989
1.57153608296401,	103.439682
1.57170081898186,	87.36895
1.57186571307828,	65.957558
1.57203064177786,	99.805092
1.57219548150156,	103.346191
1.57236047941423,	99.759972
1.57252551196276,	97.95639
1.5726905771634,	108.617973
1.57285555731727,	113.934067
1.57302081553708,	105.009209
1.57318598474183,	121.000191
1.57335106885713,	104.961708
1.57351630942358,	106.716576
1.57368158270517,	94.24498
1.57384689270674,	122.668526
1.57401223744248,	76.428307
1.57417761492493,	74.634003
1.57434302916145,	56.851131
1.57450847816501,	101.243156
1.5746739599469,	92.34127
1.574839478517,	102.97271
1.57500503188704,	108.274361
1.57517061806706,	110.024429
1.57533636315235,	97.580215
1.57550202101334,	147.22406
1.57566771171599,	70.93528
1.5758334392753,	85.103058
1.57599932388612,	93.946671
1.57616512121389,	90.381027
1.57633095142565,	93.904099
1.5764969408026,	104.511055
1.57666284285239,	116.884178
1.57682877781798,	83.216835
1.57699487206034,	102.669838
1.57716087893141,	90.258179
1.57732704114171,	90.237717
1.57749311795728,	93.755188
1.577659229749,	109.651009
1.57782537452023,	83.103683
1.57799167879175,	86.620361
1.57815789560362,	97.20488
1.57832426797333,	98.949783
1.5784906774347,	97.160774
1.57865712199028,	86.541779
1.57882347902722,	74.161835
1.57898999176804,	61.787502
1.57915641897093,	98.837563
1.57932300396227,	84.698685
1.57948962209145,	104.085159
1.57965627739302,	105.825287
1.57982284508737,	96.984482
1.579989568705,	123.406769
1.58015632952969,	88.12767
1.58032312555982,	79.29689
1.58048995680652,	105.70517
1.58065669835718,	95.113045
1.58082372297898,	82.764771
1.58099053698114,	96.830383
1.58115750716319,	77.446701
1.58132451463339,	112.624146
1.58149155738715,	107.320496
1.58165863341822,	84.429718
1.58182574677225,	93.203285
1.58199289544342,	89.665794
1.58216007944291,	94.918663
1.58232729676278,	105.4412
1.58249455145212,	98.389412
1.5826618415034,	93.097374
1.58282928815439,	80.783112
1.58299664898886,	114.124084
1.58316404521896,	89.52314
1.58333160018111,	122.846947
1.58349906524007,	114.046211
1.58366644437269,	110.51194
1.58383410570068,	112.240547
1.58400167707966,	73.641098
1.58416940940049,	91.153938
1.58433693028413,	85.875504
1.58450485712522,	99.873245
1.58467257047423,	119.119904
1.58484032135613,	84.065491
1.585008231344,	126.069519
1.58517605127578,	101.532867
1.5853440324145,	122.511757
1.5855119254938,	87.488464
1.58567985413771,	117.207832
1.5858479400469,	110.185242
1.58601593987972,	104.914413
1.58618409908106,	69.927002
1.58635216811907,	94.379936
1.58652039862973,	115.326965
1.58668866482542,	106.565773
1.58685696671748,	108.288063
1.58702530228612,	87.309174
1.58719355167701,	83.797691
1.58736196069966,	87.269356
1.58753040546415,	85.504463
1.58769875994248,	136.07811
1.58786727619803,	139.535446
1.58803582822957,	118.578079
1.58820429196302,	87.169868
1.58837303763156,	85.406982
1.58854157292083,	115.011719
1.58871026814349,	114.985474
1.58887912339007,	85.348518
1.58904776406287,	114.932991
1.58921656681835,	64.417419
1.58938540544109,	118.361748
1.58955427790487,	83.530388
1.58972318829601,	114.828064
1.58989213458872,	114.801834
1.59006124117024,	126.948792
1.59023025728751,	113.010773
1.59039931137967,	114.72319
1.59056840141924,	125.123978
1.59073752741768,	132.045135
1.59090668734534,	116.381607
1.59107600983009,	123.301582
1.59124511923897,	105.91095
1.5914145137748,	119.773529
1.59158381772299,	138.836105
1.59175328438201,	121.453827
1.59192266246621,	105.814133
1.59209207660121,	124.866814
1.59226165151877,	97.096428
1.59243113577143,	102.27462
1.59260065815404,	98.785088
1.59277034143348,	117.821915
1.59293993604796,	119.527245
1.59310956473562,	122.963661
1.59327935648084,	119.472549
1.59344918442233,	102.134315
1.59361892363868,	122.879265
1.59378869697267,	102.08757
1.5939586335187,	136.662231
1.59412860630732,	129.712921
1.59429849031055,	110.663025
1.59446853354218,	107.180252
1.59463849000811,	133.080475
1.59480873294883,	122.682472
1.59497876195096,	139.929642
1.59514895033288,	129.534805
1.59531905189051,	113.964516
1.59548931495659,	158.823227
1.59565961436976,	155.334946
1.59582982280801,	120.788391
1.59600019492311,	146.638
1.59617060342022,	125.907303
1.59634117367118,	139.67334
1.59651152960714,	124.125618
1.59668217067803,	122.373596
1.59685259940566,	132.684601
1.59702318998737,	127.485825
1.59719381702109,	142.958069
1.59736447846081,	172.199127
1.59753517843321,	170.438034
1.59770591489271,	141.138519
1.597876687851,	160.035019
1.59804762294811,	149.675827
1.59821846690605,	139.321381
1.5983893494574,	166.80336
1.59856014284548,	159.888168
1.59873109847298,	149.538467
1.59890221643229,	166.688538
1.59907324317451,	163.214172
1.59924430857099,	180.353195
1.59941541057179,	120.207863
1.5995866750591,	156.234329
1.59975784826686,	171.646652
1.59992918610201,	168.175079
1.60010043469116,	169.852127
1.60027171994345,	162.951981
1.60044316787591,	173.203873
1.6006145244507,	207.453995
1.60078604584889,	214.262741
1.60095747792513,	174.798218
1.60112907283673,	149.058319
1.60130057839597,	184.995392
1.60147211863259,	214.065811
1.60164382388898,	196.895264
1.60181556596881,	225.94957
1.60198721863541,	208.784149
1.60215890809501,	201.892334
1.60233075859154,	193.293106
1.60250264802901,	217.190948
1.60267457434918,	210.30191
1.60284641117996,	227.347305
1.60301841127405,	222.168045
1.60319044621371,	252.871567
1.60336239369054,	211.81662
1.6035346310402,	257.878601
1.60370665235884,	266.356323
1.6038788371359,	259.466919
1.60405105681578,	240.634293
1.60422318895874,	279.822266
1.60439561130571,	264.405273
1.60456781740948,	257.522583
1.60474018716711,	284.744141
1.60491259188495,	303.42984
1.60508503572892,	281.204468
1.60525751663418,	299.882324
1.6054300346127,	337.289886
1.60560258967642,	292.931763
1.60577517975786,	309.891266
1.60594780902742,	321.735992
1.60612047541809,	287.623535
1.60629317894182,	306.273987
1.60646604656602,	333.421448
1.60663882441916,	362.257141
1.6068116373592,	368.974976
1.60698436252459,	368.889893
1.60715737895775,	360.307007
1.60733043265064,	384.012299
1.60750326937645,	319.370178
1.6076763954858,	327.788422
1.60784943380075,	314.128845
1.60802250936882,	303.870758
1.60819574943099,	257.975952
1.6083688995688,	222.283234
1.60854221427962,	274.821167
1.60871543694831,	227.268738
1.60888869901696,	200.085968
1.60906212577708,	222.078049
1.60923546253605,	230.501083
1.60940896406554,	215.197632
1.60958237556313,	210.065704
1.60975594982059,	220.179306
1.6099294361047,	177.796051
1.61010308731762,	226.849213
1.61027677599552,	206.486633
1.61045037456459,	240.281372
1.61062413818133,	186.090454
1.61079780956595,	197.886826
1.61097164816958,	229.969131
1.61114539660276,	223.153748
1.61131931024228,	238.313675
1.61149326143176,	212.911911
1.61166725018336,	226.377777
1.61184127441405,	239.837402
1.61201521049192,	246.536362
1.61218943983647,	251.543991
1.61236345106856,	237.983215
1.61253762778528,	199.117188
1.6127118421372,	227.750854
1.61288609203861,	244.564682
1.61306025369725,	217.527893
1.61323470902734,	225.906921
1.61340907404163,	224.169144
1.61358347675217,	239.283096
1.61375778906063,	256.074738
1.61393226717263,	279.595825
1.61410678091648,	217.225952
1.61428146269981,	230.643921
1.6144560540746,	291.183624
1.61463068321907,	238.950867
1.61480535014548,	230.483704
1.61498005486608,	235.476227
1.61515479739315,	221.969009
1.6153295756347,	253.860275
1.61550439381107,	233.63179
1.61567924983074,	248.701385
1.61585427214962,	238.563599
1.61602933239202,	267.062103
1.616204302071,	253.566238
1.61637930964249,	275.332581
1.61655435301135,	258.48407
1.61672956498714,	276.883026
1.61690468633744,	270.108032
1.61707984562954,	271.722687
1.61725504287577,	229.736893
1.61743040678276,	256.507965
1.61760580872436,	268.181396
1.61778111785215,	254.713211
1.61795659587172,	271.407654
1.61813211196304,	273.019653
1.61830753730455,	299.749542
1.6184830006867,	256.151031
1.61865863101168,	281.198608
1.618834299458,	269.419434
1.61900987497839,	324.566681
1.61918561967614,	267.621704
1.61936127353069,	249.164841
1.61953709453,	257.466278
1.61971295371274,	280.807068
1.61988872200551,	299.123718
1.62006478667825,	294.042175
1.62024063134401,	293.973846
1.6204166412393,	313.94455
1.62059269149735,	308.863007
1.62076878001353,	288.761536
1.62094477754613,	270.338135
1.62112107187019,	323.662994
1.62129727523564,	303.572021
1.62147338757064,	330.182892
1.62164966753658,	310.09967
1.62182598583556,	330.029358
1.6220023403584,	339.951172
1.62217873536053,	303.219208
1.62235516873323,	381.434326
1.62253164048902,	369.688751
1.62270815064044,	357.948608
1.62288469920002,	331.23349
1.62306128618028,	382.743591
1.62323804121394,	366.017365
1.62341470297606,	394.20874
1.62359127564485,	357.532288
1.62376814613774,	325.860535
1.62394492543751,	362.352325
1.62412174323331,	395.503571
1.62429859953774,	388.7659
1.62447562418124,	382.031342
1.62465255756894,	390.245453
1.62482952950301,	406.756866
1.6250066677693,	424.92041
1.62518371686179,	431.459259
1.62536093449791,	411.44986
1.62553806079977,	399.743164
1.62571522571107,	426.1828
1.62589242924445,	427.741394
1.62606980148533,	386.203522
1.62624721243031,	417.599152
1.62642453196247,	455.607117
1.62660202032524,	438.937225
1.62677941510954,	438.834869
1.62695685072555,	458.59967
1.62713458553858,	481.665619
1.62731209864537,	503.065948
1.62748965048816,	511.220764
1.62766737140813,	532.604187
1.62784513114639,	481.216309
1.62802292971565,	457.958099
1.62820063671469,	500.826447
1.62837851295563,	495.752045
1.62855642806575,	513.809631
1.62873424941903,	578.107361
1.62891224227676,	607.696716
1.62909014348543,	559.67688
1.62926834472722,	592.557739
1.6294463237319,	569.31665
1.62962447226731,	572.483276
1.62980265976118,	547.608276
1.62998088622631,	549.129333
1.63015915167548,	567.13623
1.63033745612149,	581.838135
1.63051579957712,	596.533081
1.63069417991071,	672.178528
1.63087260142355,	624.255188
1.63105106198445,	670.21759
1.63122956160623,	673.353638
1.63140810030171,	719.282959
1.63158667808372,	738.861694
1.63176529496511,	681.107361
1.63194408197299,	756.608948
1.63212277712035,	786.031494
1.63230151140563,	812.152161
1.63248028484169,	816.893127
1.6326590974414,	861.070129
1.63283794921764,	870.725952
1.63301696921928,	875.449707
1.63319589941546,	844.044739
1.63337486882683,	773.25293
1.63355400873917,	774.713318
1.63373305664834,	736.789917
1.6339121438114,	692.32196
1.63409140160055,	667.557007
1.63427056733891,	626.405579
1.63444977236992,	641.013672
1.63462914815225,	619.55603
1.63480843183616,	648.906677
1.63498788635497,	661.860779
1.63516724874357,	696.101318
1.63534678205072,	695.938232
1.63552622319585,	695.775146
1.63570583318555,	653.057007
1.63588535313862,	697.085449
1.63606491250091,	703.465881
1.63624464299112,	688.58075
1.63642441297438,	727.664124
1.63660422246371,	667.005249
1.63678407147213,	710.978577
1.63696382819115,	740.224731
1.63714362439738,	694.308411
1.63732359198331,	654.946777
1.63750373104895,	749.501343
1.63768364588191,	809.728638
1.63786373222069,	803.010132
1.63804372617437,	770.186707
1.63822389171799,	748.798157
1.63840409689815,	738.836487
1.63858434172794,	797.364746
1.63876462405467,	806.958862
1.63894494822249,	832.846802
1.63912517990936,	817.986206
1.63930571563795,	829.197632
1.63948615891179,	876.234863
1.63966664191387,	921.621643
1.63984716465731,	940.940247
1.64002772715522,	1010.703491
1.64020832942075,	997.448792
1.64038897146704,	1070.419434
1.64056965330723,	1060.409424
1.64075050738655,	1128.452759
1.64093126888317,	1113.556885
1.64111207021318,	1215.685791
1.64129277887008,	1204.026001
1.64147379242601,	1257.35083
1.64165471333519,	1318.771118
1.64183567413045,	1445.111206
1.642016674825,	1431.784668
1.64219784809784,	1434.693726
1.6423789286598,	1515.484985
1.64256004916066,	1575.149658
1.64274134236728,	1626.677002
1.64292254281487,	1683.044312
1.64310391605329,	1752.353394
1.64328519432283,	1889.697632
1.64346651477466,	2077.206055
1.64364800814503,	2143.133057
1.64382954160563,	2074.608643
1.64401084925186,	2151.838867
1.64419259586236,	2224.176514
1.64437411662631,	2262.493896
1.6445556774749,	2229.601074
1.64473727842139,	2295.398193
1.64491905258494,	2440.408691
1.64510086693181,	2654.875488
1.64528258831059,	2293.776367
1.64546448303462,	2349.799072
1.64564641798196,	2413.873779
1.64582839316594,	2305.077637
1.64601027531737,	2218.942139
1.64619233098521,	2147.37793
1.64637442692976,	2192.068848
1.64655656316437,	2230.283447
1.6467386063019,	2195.875732
1.64692082312726,	2145.353271
1.6471030802828,	2172.262695
1.64728537778194,	2075.013184
1.64746758211941,	2043.897461
1.64764996031635,	2103.041748
1.64783237889708,	1965.598145
1.64801483787501,	1876.542236
1.64819733726356,	1732.775024
1.64837987707617,	1684.065918
1.64856245732625,	1587.09082
1.64874507802725,	1541.657349
1.64892773919261,	1509.116089
1.64911044083579,	1399.38269
1.64929318297024,	1413.525269
1.64947596560942,	1360.136475
1.6496587887668,	1330.882935
1.64984165245585,	1415.737915
1.6500246906235,	1453.961548
1.65020763544605,	1551.59668
1.65039062084075,	1539.989258
1.65057364682109,	1635.952271
1.65075684745289,	1609.884644
1.65093982059272,	1574.200928
1.65112310252284,	1508.052124
1.65130629101061,	1435.518677
1.65148952015161,	1258.788574
1.65167278995938,	1119.014893
1.65185623467838,	1115.544678
1.65203958589011,	1027.148071
1.65222311209982,	1071.762085
1.65240654476976,	985.019104
1.65259001817424,	954.361816
1.65277353232684,	970.14502
1.65295735606101,	1073.949341
1.65314081737049,	1043.29248
1.65332458834848,	1019.049133
1.65350840018871,	1084.38269
1.65369225290483,	1048.947876
1.65387601195105,	1027.917358
1.65405981184059,	1019.6828
1.6542437872063,	1035.420044
1.65442780350246,	1145.401855
1.65461186074273,	1148.324829
1.65479582423163,	1176.794067
1.65497996337113,	1162.148071
1.65516400872666,	1165.064697
1.65534822982006,	1132.876709
1.65553249192595,	1164.512695
1.65571666019891,	1197.728516
1.65590113922994,	1203.82251
1.6560853895363,	1189.190308
1.65626981579907,	1166.596436
1.65645428314287,	1169.506592
1.65663865657207,	1256.841919
1.656823206089,	1248.580933
1.65700793179764,	1276.944458
1.65719242850323,	1278.233398
1.65737710142802,	1214.272461
1.65756181551628,	1188.527344
1.65774657078177,	1156.431519
1.65793136723825,	1137.073486
1.65811606964927,	1076.386108
1.65830108377933,	1044.339478
1.6584860038915,	1072.696899
1.6586709652498,	1054.965454
1.65885596786806,	1073.776123
1.65904101176006,	1035.408081
1.65922623237102,	1066.915649
1.65941122342058,	1115.868408
1.65959652670859,	1153.689453
1.65978160034196,	1148.655884
1.65996698636239,	1132.521362
1.66015227821747,	1154.453369
1.66033774705603,	1152.593628
1.66052312169643,	1158.659912
1.66070853995929,	1209.093628
1.66089399741069,	1192.963501
1.66107949628815,	1232.277588
1.66126517236999,	1244.652832
1.66145075417156,	1184.197266
1.661636513266,	1226.650635
1.6618221780473,	1251.677368
1.66200802021003,	1238.723511
1.66219376802672,	1151.438354
1.6623795573668,	1314.035278
1.66256552422127,	1215.707397
1.66275153268782,	1229.642822
1.66293731070459,	1283.075073
1.66312353844469,	1197.462402
1.66330953570206,	1247.717896
1.6634955745665,	1279.001221
1.6636817912117,	1297.640503
1.66386791336264,	1374.666382
1.66405421338326,	1352.248779
1.66424055512784,	1389.787109
1.6644269386104,	1419.421753
1.66461336384498,	1477.423828
1.66479969450281,	1540.127319
1.66498620325295,	1665.841187
1.66517261739333,	1805.675659
1.66535921195181,	1833.600098
1.66554584609636,	2104.042969
1.66573238558158,	2190.139648
1.66591923990833,	2317.122314
1.66610586304709,	2508.568359
1.66629280117797,	2640.134521
1.66647950802654,	2538.832764
1.66666639336922,	2689.200195
1.66685332063266,	3059.611572
1.66704028983098,	3568.171631
1.6672271642376,	3966.483398
1.66741435408869,	4947.495117
1.66760144917632,	5202.348145
1.66778858625532,	4098.69873
1.66797576533982,	3361.387207
1.66816284954975,	3100.025879
1.6683502495819,	3025.531006
1.66853755701297,	3009.120117
1.66872490426148,	3151.13623
1.66891243060353,	2775.599854
1.66909986204957,	2306.176514
1.66928733560027,	2206.880615
1.66947485126982,	1997.940918
1.66966240907241,	1900.332275
1.66985000902224,	1818.432739
1.67003765113353,	1661.409302
1.67022533542048,	1506.026367
1.67041319916109,	1338.196411
1.67060096787291,	1383.255005
1.67078877880309,	1353.200928
1.67097676932228,	1409.182251
1.67116466476279,	1471.391357
1.67135260471718,	1521.064453
1.67154072214382,	1595.719971
1.67172874444188,	1682.839844
1.67191694655489,	1744.923584
1.672105191048,	1895.998901
1.67229334036258,	2064.177246
1.67248166962788,	2285.349854
1.67266990368131,	2681.210449
1.67285818011016,	2789.788818
1.67304663662564,	2789.121582
1.67323499787925,	2372.057373
1.67342353931019,	1980.139404
1.67361212323592,	1593.085205
1.67380061410908,	1452.446167
1.67398928303691,	1307.200317
1.67417799450264,	1188.504272
1.67436661060635,	1065.192993
1.67455540715994,	931.042236
1.67474424629459,	849.878479
1.6749329900171,	827.888428
1.67512191432597,	777.904236
1.67531101932905,	715.500488
1.67549989083105,	744.875244
1.67568894305611,	736.92334
1.67587803794876,	711.877686
1.67606703959438,	665.088745
1.67625621983488,	647.840027
1.67644544278633,	672.53595
1.67663470846319,	667.716248
1.67682401687994,	647.374207
1.67701336805104,	566.510681
1.677202761991,	575.685059
1.67739219871429,	541.417542
1.67758167823542,	536.634766
1.67777120056889,	494.639984
1.67796090423624,	519.32489
1.67815037600204,	534.698853
1.67834016542979,	576.406494
1.67852972058869,	563.875305
1.6787194572022,	518.82666
1.67890937537887,	568.249756
1.67909919783731,	543.345459
1.67928906322437,	547.85791
1.67947897155464,	592.596619
1.67966906163183,	556.87616
1.6798590559236,	487.149597
1.68004909547857,	480.848053
1.68023917575932,	479.186798
1.6804292990562,	548.61438
1.6806196043301,	523.762207
1.6808098137345,	596.234924
1.6810002052081,	701.102661
1.68119050077853,	801.288147
1.6813808394382,	1017.190735
1.68157136030544,	1168.176514
1.68176192663514,	1411.657227
1.6819523947139,	1712.090576
1.68214290594051,	2072.519287
1.68233359955946,	2178.396973
1.68252433641871,	1655.36853
1.68271497723996,	1137.214233
1.68290566126777,	799.555908
1.68309652787299,	552.931641
1.68328743777735,	423.452972
1.68347825386176,	350.996521
1.68366925037752,	244.714996
1.68386015075399,	221.575333
1.68405123393958,	206.138535
1.68424236049805,	175.329376
1.68443339086651,	210.652115
1.68462460418335,	172.170486
1.68481586091739,	201.329498
1.68500702141067,	204.354004
1.68519836728197,	159.757126
1.68538975432513,	205.791336
1.68558118484466,	199.60022
1.68577265885538,	201.087143
1.6859640365407,	199.504044
1.68615559754651,	237.812897
1.686347202088,	208.611343
1.68653885018,	263.768402
1.68673054413177,	292.835022
1.68692227936987,	320.354797
1.68711405820307,	387.704407
1.68730588064622,	450.425354
1.6874977467142,	545.281494
1.6876896564219,	594.152222
1.6878816097842,	587.885132
1.68807360681601,	557.131653
1.6882656498308,	532.513855
1.68845773424686,	547.683838
1.68864986237715,	513.903259
1.6888420342366,	429.678467
1.68903439018131,	328.678192
1.68922664957583,	310.258453
1.68941895274434,	276.567627
1.68961144244111,	264.279816
1.68980383323496,	233.670807
1.68999626784768,	216.818573
1.69018874629424,	189.288803
1.69038126858962,	228.923096
1.69057397534594,	192.248947
1.69076658541597,	199.82959
1.69095924168573,	192.156067
1.69115208025221,	170.76413
1.69134482208129,	128.042145
1.69153760784923,	144.774582
1.69173057836064,	126.456688
1.69192345208349,	118.810089
1.69211651064413,	118.781364
1.6923094746917,	123.320061
1.69250262136239,	115.679733
1.69269567117626,	100.434418
1.6928889060168,	97.367401
1.69308204396636,	97.343849
1.69327536703713,	85.155266
1.69346859318276,	66.891518
1.69366200685751,	82.07428
1.69385532126015,	104.847313
1.69404882097331,	78.996239
1.69424236490088,	63.789215
1.69443595305804,	68.329041
1.69462958545993,	89.565285
1.69482312081693,	91.061287
1.69501684403852,	77.383354
1.69521060923389,	77.364616
1.69540427733299,	106.161003
1.69559813112213,	77.327141
1.69579202924712,	71.24501
1.69598597172316,	75.7742
1.69617996088565,	98.48259
1.69637385054648,	107.547226
1.69656806773107,	84.805428
1.69676204613581,	69.644714
1.69695621056365,	78.709724
1.69715041943396,	90.796898
1.69734467508536,	119.520271
1.69753897288691,	80.165047
1.69773331517671,	89.218689
1.69792770197007,	98.267944
1.69812213328225,	107.312798
1.69831660912857,	113.331093
1.69851113185088,	110.282166
1.69870583876486,	134.42099
1.69890044833846,	101.16877
1.69909496048942,	120.769218
1.69928965923658,	78.480942
1.69948454469293,	101.095131
1.69967933506987,	90.510979
1.69987416777434,	84.456406
1.70006904515092,	69.358055
1.70026396721497,	76.878304
1.70045907622802,	88.916054
1.70065408774579,	79.85434
1.70084914633017,	100.923424
1.70104438967521,	82.827461
1.70123953547325,	81.30175
1.70143472605114,	81.281998
1.70163010386642,	87.28167
1.70182538408295,	84.251472
1.70202071146179,	78.2145
1.7022162238868,	76.691727
1.7024117812343,	69.156113
1.70260724091398,	67.636269
1.7028027454816,	76.635803
1.70299843996279,	87.133247
1.70319417709008,	67.586945
1.70338981648042,	84.087738
1.70358550082062,	70.556465
1.70378137292869,	70.539299
1.70397729008326,	75.023552
1.70417311177379,	67.504768
1.7043691190357,	86.98497
1.70456517139076,	59.975037
1.70476126885453,	46.469337
1.70495726844286,	82.425529
1.70515345848266,	79.408897
1.7053495482681,	65.908318
1.70554582625716,	76.37513
1.70574200630145,	52.401539
1.70593851781073,	59.872887
1.70613479055663,	82.305168
1.70633124935337,	76.300743
1.70652775339917,	67.307785
1.70672430270967,	80.749657
1.70692075397123,	62.789986
1.70711739382505,	73.237129
1.70731408134124,	65.747925
1.70751081183453,	89.634399
1.70770758767079,	70.196495
1.7079044088657,	92.577057
1.70810127543495,	64.19101
1.70829818974768,	44.773506
1.70849514711323,	50.73093
1.70869214990021,	53.702
1.70888934178438,	61.145691
1.70908629180133,	77.531708
1.7092834333031,	62.606487
1.70948076169307,	65.571739
1.70967799185679,	65.55574
1.70987526753636,	74.476974
1.71007259110587,	50.631981
1.71026995786493,	65.507744
1.71046737018714,	62.514851
1.71066482808826,	47.618732
1.71086233158407,	77.361542
1.7110600270767,	65.443779
1.71125762184312,	75.836761
1.71145540634347,	60.951912
1.71165294831813,	49.046871
1.71185082421676,	77.26709
1.71204860404369,	63.87833
1.7122464272128,	59.407181
1.71244444036158,	46.029312
1.71264249931423,	65.315956
1.71284045976147,	51.943172
1.71303861270264,	63.800293
1.71323666473746,	68.234787
1.71343476257292,	72.667107
1.71363305068366,	74.131973
1.71383124257025,	66.702454
1.71402962246261,	50.385082
1.71422790372709,	77.040688
1.71442637546427,	60.728756
1.71462474853853,	42.943974
1.71482331455579,	76.984138
1.71502177950416,	54.763771
1.71522043512299,	90.264114
1.71541913676877,	60.654472
1.7156178868312,	57.681591
1.71581653575236,	62.103424
1.71601537554205,	73.914543
1.71621426142274,	65.02887
1.71641304848261,	67.968071
1.71661202893619,	64.997017
1.71681105315299,	106.332695
1.71701012352492,	64.965164
1.71720909500576,	63.473129
1.71740840517706,	67.88485
1.71760761411134,	85.57296
1.71780672410174,	75.226746
1.71800602545724,	85.531006
1.71820537306432,	91.40728
1.71840476932046,	79.593269
1.71860420947958,	73.679398
1.7188036959386,	73.661331
1.71900322871366,	60.387474
1.71920266480517,	75.097702
1.71940243566056,	75.079277
1.71960210748111,	63.286602
1.71980182568226,	66.213913
1.72000159266599,	101.503082
1.72020140367741,	73.534904
1.72040126111795,	79.398209
1.72060116500379,	64.678955
1.72080111773915,	83.768074
1.7210012602684,	74.931976
1.72120130362177,	89.602509
1.72140139348526,	76.363708
1.7216015298751,	73.408607
1.72180171519833,	71.92276
1.72200209056331,	93.916855
1.7222023666641,	77.755791
1.72240268935623,	67.469574
1.72260320702401,	86.515793
1.72280362298211,	74.766457
1.72300408558034,	82.076324
1.723204594835,	90.84787
1.72340529926866,	84.965828
1.72360590191962,	89.338638
1.72380655127592,	84.924042
1.72400739356699,	86.367004
1.72420813881444,	93.6632
1.72440907470053,	67.303864
1.72460991111007,	105.31926
1.72481094065607,	92.131676
1.72501201947337,	93.571053
1.72521299636174,	109.626595
1.72541416653806,	75.989067
1.72561523714915,	75.97036
1.72581635703107,	81.79409
1.72601766795114,	94.916199
1.72621902584123,	83.213707
1.72642043071778,	97.788513
1.72662173834453,	86.091064
1.72682309051854,	72.940559
1.72702463638527,	97.716278
1.72722623171017,	87.48555
1.72742787169849,	126.8228
1.72762955877205,	103.473557
1.72783129294735,	147.158508
1.72803292975226,	103.422562
1.72823475814679,	128.154114
1.72843663369258,	117.930954
1.72863840940642,	112.079567
1.72884038168033,	144.066757
1.72904239874525,	133.847214
1.72924461013037,	151.268219
1.72944657454382,	159.95578
1.72964873572323,	145.378464
1.72985094175764,	154.063156
1.7300531950757,	149.665939
1.73025549569402,	148.1763
1.73045784604408,	175.73439
1.73066024131324,	146.651184
1.73086268393246,	165.486206
1.73106517633495,	148.03006
1.73126771370471,	169.757263
1.7314702984744,	181.319809
1.73167293066066,	158.071823
1.73187561269901,	197.178528
1.73207833976894,	171.039108
1.73228126192533,	156.5056
1.73248408397959,	152.120636
1.7326869559549,	140.495758
1.73289002074992,	175.214294
1.73309283763088,	166.484833
1.73329600000125,	144.733627
1.7334990597578,	160.614624
1.73370231495999,	179.380981
1.73390546993481,	138.841263
1.73410867495165,	144.590561
1.73431192517761,	108.4161
1.73451522305399,	128.621948
1.73471871905997,	150.262634
1.73492211232274,	124.224899
1.73512570139133,	124.194168
1.73532919010708,	111.169586
1.73553287716083,	131.349731
1.73573646139733,	96.684105
1.73594024164593,	109.644379
1.73614392390069,	124.040558
1.73634779984059,	115.358002
1.7365515753199,	139.836945
1.73675554701794,	105.212051
1.73695942065254,	110.949615
1.73716348817676,	80.670647
1.7373674551685,	70.569328
1.7375716210207,	107.987518
1.73777568387019,	90.687042
1.73797994324893,	102.177536
1.73818425065089,	64.744362
1.73838860853011,	64.728317
1.73859286333232,	119.358192
1.73879731487122,	96.3255
1.73900181693995,	102.050964
1.73920636467843,	102.025665
1.73941081170432,	100.563744
1.73961545811522,	64.632088
1.73982015024509,	67.487877
1.74002474160826,	81.826698
1.74022953007194,	70.324799
1.74043451820118,	96.134544
1.74063940313744,	76.027863
1.74084418723478,	64.535934
1.74104917108558,	61.652367
1.74125420077049,	80.27153
1.74145927875057,	51.590313
1.74166440748915,	60.173756
1.74186958211133,	65.888229
1.74207480507988,	67.303864
1.74228007641191,	57.265659
1.7424853985731,	65.839149
1.74269076668394,	70.115585
1.74289618320958,	47.208969
1.74310165061746,	74.371407
1.74330716402463,	78.642525
1.74351272589798,	37.167225
1.74371833870672,	50.02037
1.74392414717538,	58.580727
1.74412985458607,	52.85239
1.74433561298538,	67.120125
1.74454141748349,	37.121052
1.74474727055079,	54.240353
1.74495332199204,	55.653885
1.7451592747408,	52.786709
1.74536527365484,	85.578773
1.74557132120693,	47.056614
1.74577756980123,	44.193703
1.74598371471708,	48.45845
1.74619005832264,	45.596603
1.74639630313028,	71.226959
1.7466025942032,	48.422276
1.74680908412399,	51.257881
1.74701547519411,	64.056396
1.7472220627569,	61.194206
1.7474285489713,	39.837467
1.74763523670786,	38.405132
1.74784182059715,	51.194092
1.74804860365123,	58.289856
1.74825528774898,	58.275333
1.74846216865308,	48.313847
1.74866894809958,	31.25411
1.74887592938916,	69.594078
1.74908280671871,	56.797333
1.74928988353073,	88.013924
1.74949701184923,	61.026695
1.74970403615123,	68.105835
1.74991126009486,	42.555534
1.75011838245325,	56.726562
1.75032570703013,	35.445259
1.75053307826222,	53.863354
1.75074049863707,	52.432816
1.7509479706446,	65.170479
1.75115533850374,	33.993504
1.75136290637657,	82.13047
1.75157052593628,	52.380501
1.75177819225258,	48.121418
1.75198575681923,	46.694424
1.75219367512175,	72.146095
1.75240148923431,	59.399593
1.75260920154233,	70.696144
1.75281711671488,	40.993523
1.75302507874567,	42.396503
1.75323309012941,	28.257275
1.75344115336314,	64.975494
1.75364911222185,	73.432205
1.75385727173454,	60.707615
1.75406563450777,	53.635181
1.75427389292111,	49.388477
1.75448220327536,	59.251362
1.75469056062387,	53.594975
1.75489896746613,	33.840992
1.75510742630396,	59.206932
1.7553159321872,	62.010799
1.75552448761712,	50.723419
1.75573324674133,	57.753887
1.75594190135423,	70.413956
1.75615060556683,	53.501217
1.75635936188456,	38.004513
1.75656816535023,	50.66
1.75677717029305,	43.612972
1.75698607560763,	40.789021
1.75719502812153,	29.529484
1.7574040303414,	40.7686
1.75761323674517,	49.191166
1.75782233846695,	30.91242
1.75803148994795,	49.166534
1.75824084577646,	64.602692
1.758450096866,	65.990562
1.75865939776808,	54.744408
1.75886875099536,	67.360855
1.75907830379887,	61.731976
1.75928775677826,	28.052958
1.75949740944088,	58.896446
1.75970695974647,	30.842787
1.75991671483682,	36.441429
1.76012651743985,	61.654652
1.7603362176305,	37.824051
1.76054612277029,	39.215103
1.76075592296177,	71.409599
1.76096592571124,	50.394135
1.76117582847589,	29.389204
1.7613859314063,	57.364529
1.76159593181354,	55.951351
1.76180613749919,	40.55455
1.76201639085339,	64.311768
1.76222654413335,	61.500164
1.76243689784789,	34.934502
1.76264730178749,	61.469292
1.76285775847632,	34.916965
1.76306826292061,	60.042099
1.76327866469375,	47.463226
1.76348927218562,	54.42944
1.76369977446191,	66.973251
1.76391048005804,	55.797024
1.76412123851509,	80.885361
1.76433204483216,	52.980541
1.76454290404746,	66.905975
1.76475381115771,	43.199249
1.76496476869135,	48.761086
1.76517577917927,	50.141655
1.76538683761458,	43.166679
1.76559779317476,	43.155827
1.76580910845094,	59.846256
1.76602016494805,	65.396896
1.76623158134537,	79.291183
1.76644289235148,	48.675323
1.76665410038956,	45.882332
1.76686551503132,	63.941097
1.76707713137059,	61.14566
1.76728849111292,	44.458382
1.76750021130893,	68.059761
1.76771182599867,	48.601879
1.76792349388641,	55.531025
1.76813520994972,	31.9223
1.76834697672684,	40.239723
1.768558950626,	44.39127
1.76877081892287,	40.21946
1.76898274051189,	58.2342
1.76919471036463,	66.536606
1.76940688503759,	59.590694
1.76961895908102,	60.961159
1.76983108144118,	56.790401
1.77004325466121,	38.773914
1.77025563544964,	40.148579
1.77046791048186,	48.442966
1.77068023895735,	55.349434
1.77089277011205,	81.619827
1.77110519798122,	53.938488
1.77131767935048,	59.455643
1.77153036356326,	45.617241
