1.53098129113823,	16.980909
1.53113694216787,	15.094142
1.53129285744476,	22.636215
1.5314485718364,	15.087478
1.5316044332987,	13.198628
1.53176032838165,	18.851019
1.53191636875681,	20.731543
1.53207232735045,	9.421347
1.53222831580911,	16.954679
1.53238422241238,	11.300622
1.53254038993204,	13.181147
1.53269647561649,	18.82605
1.53285259120325,	13.175323
1.53300874049137,	13.172411
1.53316491970046,	18.813572
1.5333212482888,	7.523765
1.53347749118269,	18.805256
1.53363376781842,	13.160769
1.53379019014091,	16.917248
1.53394653052067,	9.396393
1.53410290087749,	11.273178
1.53425941891756,	20.662922
1.5344158549745,	15.024256
1.53457243688311,	16.89855
1.53472893678165,	13.140409
1.53488558259791,	20.644646
1.53504214637714,	5.629112
1.53519885614017,	15.007645
1.53535548383921,	15.004323
1.53551225758818,	1.875125
1.53566906525832,	22.496525
1.5358257870203,	9.371477
1.53598254267645,	9.369402
1.53613944451493,	13.114259
1.53629638031537,	13.111356
1.53645334628121,	16.853724
1.53661034622944,	13.10555
1.53676726018382,	16.84626
1.53692432429544,	18.713921
1.53708130238461,	9.354888
1.53723854694832,	13.093942
1.53739558923536,	9.350743
1.53755278181557,	11.218406
1.53771012095752,	16.823879
1.53786726152232,	11.213434
1.53802454866781,	14.947932
1.53818186989811,	22.416927
1.53833922140734,	18.676632
1.53849660702192,	9.336246
1.53865402293441,	11.201011
1.53881158946021,	7.465685
1.53896895332809,	20.526081
1.53912646782985,	9.327968
1.53928401266753,	13.056258
1.5394417082551,	14.918128
1.53959920103195,	13.050467
1.53975696120987,	27.95908
1.53991475180958,	20.498775
1.54007234330858,	16.768005
1.54023019855742,	16.764284
1.54038797135679,	13.035994
1.54054589131845,	14.894971
1.54070372880346,	13.030207
1.54086171351773,	24.193583
1.54101961572817,	13.024422
1.54117754838897,	18.602184
1.5413355153407,	18.598055
1.54149362965575,	16.734531
1.54165166141257,	13.012856
1.54180984059982,	13.009965
1.54196793720162,	18.581535
1.54212606431121,	18.577408
1.54228434278769,	16.715952
1.54244265183916,	12.998407
1.5426008782507,	9.282514
1.54275936938014,	18.5609
1.54291754367064,	12.989742
1.54307609988029,	7.42106
1.54323445628556,	20.403378
1.5433929604575,	3.70888
1.54355149911383,	7.416111
1.54371006842216,	12.975309
1.54386855498143,	16.678829
1.5440271894422,	18.527912
1.5441858584291,	7.409516
1.54434456002997,	12.963769
1.5445032923311,	20.367105
1.54466205918971,	18.511431
1.54482085676791,	9.253655
1.54497968892452,	14.802554
1.54513843437278,	14.799259
1.54529744931496,	5.548487
1.54545637756815,	18.490841
1.54561534044166,	14.789379
1.54577433409285,	18.482609
1.54593336238533,	18.478493
1.54609242147489,	12.932064
1.54625151522673,	14.776211
1.54641063979507,	12.926305
1.54656991671167,	14.769629
1.54672899106358,	25.841093
1.54688833163956,	20.299192
1.54704758924117,	23.98461
1.54720699546984,	29.512943
1.54736631869672,	12.909035
1.54752567280819,	9.218684
1.54768517951138,	27.649889
1.54784448144916,	22.114981
1.54800417176638,	16.582539
1.54816365728913,	12.894654
1.54832317761107,	22.100193
1.54848284876608,	23.936537
1.54864243294204,	11.045169
1.54880216995378,	14.723607
1.54896181995739,	7.360161
1.54912162286661,	22.075558
1.5492813387386,	12.874537
1.5494412075861,	11.032855
1.54960098936725,	12.868792
1.54976092419383,	16.541897
1.54992077192494,	20.213362
1.55008077277147,	16.534513
1.5502408066557,	23.877855
1.55040087164937,	11.018088
1.55056085336627,	33.046886
1.55072098446091,	18.355282
1.55088115057311,	11.01071
1.55104134783412,	14.677668
1.55120158013399,	11.005793
1.55136184554329,	25.674446
1.55152214213097,	27.50219
1.55168247378951,	25.662977
1.55184283664616,	14.661282
1.55200311610184,	10.993505
1.55216354524408,	20.150253
1.55232400949989,	16.482887
1.55248462356003,	10.986135
1.55264503562172,	14.644906
1.55280559945206,	7.320816
1.55296631318999,	14.638358
1.55312682481442,	20.123243
1.55328760505565,	14.631813
1.55344830182055,	29.257082
1.55360902989242,	9.140793
1.55376991193733,	12.794248
1.55393070851788,	18.273409
1.55409153643516,	16.442389
1.55425239959461,	23.744802
1.55441341297217,	18.261147
1.55457434277649,	5.477118
1.55473542481742,	18.252974
1.55489641935869,	21.898666
1.5550574491959,	12.771362
1.55521851043948,	16.416647
1.55537972600985,	14.589308
1.55554085402186,	18.232552
1.55570213643157,	9.114235
1.55586333320572,	18.224386
1.55602468054415,	27.330458
1.55618594417063,	9.108112
1.55634735843077,	10.927286
1.55650880813334,	23.670483
1.55667017017467,	9.101992
1.55683156763063,	27.299856
1.55699311781418,	21.834991
1.55715469957344,	16.372574
1.55731631682931,	18.187672
1.55747784635033,	12.728516
1.55763953069552,	19.997469
1.55780136799382,	23.628075
1.55796299815766,	19.988503
1.55812478325259,	16.350563
1.55828659999356,	23.612183
1.55844845230717,	30.870544
1.55861021874182,	10.893043
1.5587721363321,	19.966099
1.55893420908156,	19.961618
1.55909607441964,	18.142855
1.5592580949387,	25.394297
1.5594202687639,	12.694299
1.55958223505886,	19.943707
1.55974435664209,	19.93923
1.55990650997218,	16.310255
1.5600688187119,	23.553967
1.56023092172592,	34.417301
1.5603931762451,	16.299271
1.56055558628144,	18.106234
1.56071790833744,	21.722601
1.56088026612978,	16.288292
1.56104277758255,	23.522249
1.56120520101059,	28.943956
1.56136766020785,	19.894499
1.56153015125324,	27.122766
1.56169279806714,	23.501116
1.56185535876434,	25.303207
1.56201795134014,	23.490555
1.56218069979238,	19.872156
1.56234336208467,	18.061535
1.56250605628608,	37.920696
1.56266890647194,	30.690805
1.56283166848489,	16.244419
1.56299458655438,	19.849827
1.56315741839182,	16.237114
1.56332040241688,	25.252052
1.56348342240419,	19.836435
1.56364647639385,	25.240694
1.5638094421215,	12.617507
1.56397256412229,	7.208382
1.56413559783133,	32.43042
1.5642987878858,	28.820553
1.56446201199585,	27.013187
1.56462526819791,	18.004738
1.56478843999719,	25.200958
1.56495164583377,	30.594275
1.56511500424661,	30.587387
1.56527839874343,	23.385088
1.56544182538354,	23.379822
1.56560540870913,	19.778471
1.5657687850171,	14.381103
1.56593231407851,	23.364027
1.56609587927943,	14.374624
1.56625947865343,	34.132042
1.56642311023245,	26.940275
1.56658665725384,	25.138592
1.56675035720613,	16.156881
1.56691409335356,	12.563631
1.56707798453389,	28.710398
1.56724178718981,	17.939953
1.56740562607432,	10.761545
1.56756949921773,	28.690985
1.56773340464868,	25.098951
1.56789746727432,	16.131401
1.56806132232588,	17.919737
1.56822545161184,	16.124125
1.5683894962355,	21.493984
1.5685535751826,	23.279896
1.56871768647935,	25.065001
1.56888195518978,	30.429205
1.56904613719682,	23.264141
1.56921047271986,	17.891455
1.56937472349579,	8.943708
1.56953912785923,	16.095041
1.56970344744727,	17.879341
1.5698678014451,	16.087774
1.57003230913778,	25.019777
1.5701967320126,	17.867233
1.57036118932966,	14.290559
1.57052580044903,	19.645081
1.57069044807189,	35.710262
1.57085500883107,	28.561756
1.57101972350015,	21.416477
1.57118435326635,	23.195942
1.57134901753982,	17.839001
1.57151383583086,	21.401962
1.57167869069309,	35.661877
1.57184358014614,	19.609598
1.57200838064037,	26.734318
1.5721733392818,	19.600735
1.57233845416537,	33.84816
1.57250335845186,	21.372952
1.57266842099605,	33.832855
1.5728333965012,	14.24219
1.57299864806855,	14.238969
1.57316381461371,	32.030434
1.5733288940759,	24.906925
1.57349412798766,	24.901289
1.57365939860652,	26.673916
1.57382470394714,	26.667881
1.57399004202253,	30.216759
1.57415541683909,	37.318134
1.57432082641026,	33.756386
1.5744862687478,	35.524994
1.57465174786065,	14.20678
1.57481726176098,	28.407127
1.57498280845933,	31.950783
1.5751485140209,	26.619623
1.57531401029539,	33.710552
1.5754797835584,	42.572105
1.5756454715857,	30.148411
1.5758111944664,	31.914616
1.57597707239069,	28.36212
1.57614286503646,	38.989079
1.57630869256865,	38.980244
1.57647455299401,	35.428555
1.57664045033164,	30.107447
1.57680650489957,	42.494995
1.57697259444951,	33.634243
1.57713859462419,	35.396442
1.5773047541451,	28.310734
1.57747082626726,	35.38039
1.57763693135688,	38.909607
1.577803073439,	30.059694
1.57796937300919,	31.820692
1.57813570563037,	30.046059
1.57830207533015,	40.641327
1.57846823497398,	40.632107
1.57863467278669,	33.558037
1.57880114771255,	47.676914
1.57896765775334,	33.542809
1.57913420292017,	49.420288
1.57930065851463,	45.879848
1.57946715121662,	42.341015
1.57963380177607,	38.803787
1.5798006082691,	35.268158
1.57996720640453,	40.549175
1.58013396250853,	49.353001
1.58030062894895,	40.530758
1.58046757832506,	45.806973
1.5806344400739,	35.228127
1.58080133706013,	56.352196
1.5809681443219,	40.493938
1.58113511179003,	44.00515
1.58130211452905,	35.196121
1.58146915053317,	49.263367
1.58163622384709,	45.734158
1.58180333246545,	47.482368
1.58197047438119,	35.164127
1.58213765364158,	38.671749
1.58230486824,	36.905548
1.58247211818766,	29.869125
1.58263952469322,	45.671803
1.58280684539861,	26.343124
1.58297420148689,	31.604557
1.58314159094804,	33.352776
1.58330901783534,	42.120239
1.58347648013922,	52.638317
1.58364410124481,	31.575804
1.58381150901872,	47.352928
1.5839793244916,	40.328499
1.58414680517378,	40.319317
1.58431456620908,	49.073212
1.58448224130002,	47.309826
1.58464995188632,	40.291786
1.58481782153611,	43.785446
1.5849857247302,	42.024456
1.58515354192217,	35.012405
1.58532151829003,	45.505756
1.58548940457324,	38.496101
1.58565732844635,	45.485027
1.58582528789386,	47.22369
1.58599340666728,	41.967049
1.58616155906122,	43.705711
1.5863297491445,	38.452263
1.58649785108098,	48.928089
1.58666611249367,	41.928802
1.58683428369905,	41.919243
1.58700261648609,	45.402157
1.58717098499071,	38.408451
1.58733938922427,	43.636013
1.58750770318909,	34.900848
1.58767617888791,	45.360756
1.5878446903498,	45.35041
1.58801311149685,	50.571609
1.58818169449227,	57.533875
1.58835043739322,	61.006855
1.58851896788624,	60.992931
1.58868765627217,	48.783211
1.58885638252457,	71.416252
1.58902514461984,	38.312168
1.58919394256942,	53.973007
1.58936277434757,	45.257347
1.58953164403961,	60.909443
1.58970054962025,	57.415791
1.58986949110093,	50.444778
1.59003846645422,	59.128647
1.5902074797689,	62.592499
1.59037652901798,	43.457085
1.5905457386645,	79.942772
1.59071485780261,	60.812122
1.59088401494971,	72.95787
1.59105320807709,	59.047638
1.59122243719623,	57.297844
1.59139182486029,	59.020649
1.59156112602349,	74.626701
1.59173046321294,	72.874535
1.59189983644012,	65.919022
1.59206924367246,	67.638268
1.59223881372589,	62.421047
1.59240841990472,	81.475502
1.59257793745067,	76.257492
1.59274748904611,	81.43824
1.59291720361679,	71.025612
1.59308682950948,	74.473236
1.5932566164083,	91.771591
1.59342643745424,	62.321156
1.59359617182421,	95.191086
1.59376594235878,	77.865791
1.59393587405221,	81.307877
1.594105714928,	96.855293
1.59427571908797,	76.083168
1.59444575951216,	103.726013
1.59461583621217,	72.591583
1.59478582203251,	89.854713
1.59495597129186,	105.382347
1.59512603169246,	107.085396
1.59529637875416,	70.798309
1.59546651175751,	101.857155
1.59563667899968,	86.29985
1.59580713515099,	93.18248
1.5959773771185,	89.710716
1.59614790607258,	94.864586
1.59631821870413,	89.669594
1.59648869512386,	94.821098
1.59665920795902,	87.904861
1.59682975722129,	105.117004
1.59700034292234,	89.587387
1.59717096301663,	70.62001
1.59734162162985,	82.658127
1.59751219117273,	92.969063
1.59768292271847,	89.505226
1.5978538143003,	92.926414
1.5980246188786,	87.743698
1.59819545997754,	86.003494
1.59836633760884,	70.506683
1.59853725178421,	70.490501
1.59870832618642,	77.349869
1.59887918775246,	91.080048
1.599050337416,	73.878166
1.59922152372439,	89.320526
1.59939261878655,	82.430786
1.59956362665893,	66.959633
1.59973492289119,	66.94426
1.59990612989467,	70.36113
1.60007749949561,	60.050583
1.60024877777225,	58.321453
1.60042022078858,	82.317253
1.60059157451538,	89.156532
1.6007629649391,	71.994499
1.60093439207153,	92.543083
1.60110597996672,	94.235184
1.60127748057853,	94.213516
1.60144914409814,	71.928329
1.60162084442778,	61.63868
1.60179258157926,	65.048096
1.60196422724997,	61.61034
1.60213591178124,	78.706215
1.60230775941477,	76.977509
1.60247964391755,	64.988274
1.60265143894822,	66.683151
1.60282339512619,	78.633827
1.60299539028038,	78.61573
1.60316729591673,	71.763069
1.60333936488914,	70.0383
1.60351147080207,	93.932198
1.60368348507736,	75.128456
1.60385566487939,	87.060669
1.60402788165763,	73.387192
1.60420013542399,	80.195442
1.60437242619039,	75.059296
1.60454475189249,	92.097015
1.60471711669429,	95.486023
1.60488951853192,	102.282883
1.6050619574173,	102.259323
1.60523443336239,	110.755417
1.60540694430063,	112.433434
1.60557949440053,	110.704384
1.60575208159599,	91.948601
1.60592457902912,	107.24865
1.60609724042432,	108.925896
1.60627006587542,	110.602364
1.60644279949164,	90.162674
1.60661557234403,	103.748207
1.60678838236384,	100.323494
1.60696122956307,	115.60041
1.60713424101476,	112.174522
1.60730716055275,	108.750206
1.60748011938916,	120.616936
1.60765311545302,	112.096916
1.60782627592685,	113.769104
1.60799934650907,	115.440506
1.60817245435483,	113.716606
1.60834559739006,	101.812263
1.60851890707865,	95.002846
1.60869225412176,	120.422234
1.6088655111965,	106.828865
1.60903880559503,	110.194817
1.60921213524105,	123.728676
1.6093857591575,	111.838455
1.60955916565427,	113.50676
1.60973260952312,	108.399323
1.60990621827588,	118.53437
1.61007986447989,	113.428123
1.61025329094672,	108.324219
1.61042713961636,	106.607018
1.61060077060908,	91.356323
1.61077456668381,	106.557755
1.61094827260557,	121.752144
1.61112214368865,	94.674225
1.61129592249417,	111.554543
1.61146999638128,	116.598236
1.61164385233377,	116.571281
1.61181787360646,	86.141457
1.61199193246398,	111.451401
1.61216602891849,	116.490425
1.61234003509664,	124.902863
1.61251433257031,	102.936653
1.61268841394767,	94.477364
1.61286266088396,	92.768799
1.61303694547821,	111.296799
1.61321126774262,	109.585114
1.61338549963797,	106.188683
1.61356002323115,	102.793816
1.61373445857892,	134.78035
1.61390893164574,	134.749161
1.61408344244386,	122.930138
1.6142579909855,	114.483749
1.61443257728293,	124.556404
1.61460732959383,	117.796341
1.61478186109128,	137.958038
1.61495656072912,	121.105827
1.61513142650049,	114.351227
1.615306201788,	117.687225
1.61548101490489,	126.06424
1.61565599427553,	136.117828
1.61583075467594,	156.247208
1.61600580771636,	169.648499
1.616180772301,	166.25058
1.61635590329987,	172.927673
1.61653081515517,	142.674225
1.61670602202837,	172.847504
1.61688113827817,	189.584839
1.6170564211029,	186.186157
1.61723161116395,	166.019409
1.61740696998916,	176.040359
1.61758223812884,	187.732819
1.61775767300442,	221.2052
1.61793301716339,	219.47847
1.61810839933658,	231.152664
1.61828394836654,	246.1707
1.61845953337893,	269.552948
1.61863502972446,	262.794983
1.61881069304777,	286.162476
1.61898639450315,	309.519104
1.61916200513299,	324.501434
1.61933778286176,	336.132172
1.61951346973384,	381.195709
1.61968932378569,	401.165436
1.61986521391563,	429.481537
1.62004114436785,	531.297302
1.62021711303916,	567.921692
1.62039299077581,	642.938416
1.6205690358946,	682.858948
1.62074511926985,	580.879456
1.62092124091403,	557.381165
1.62109727156112,	590.619995
1.62127346763272,	425.347687
1.62144983346475,	300.175629
1.62162597894618,	343.454437
1.6218022920937,	246.696304
1.62197877300422,	236.64006
1.62215503343286,	241.583282
1.62233146164953,	214.875824
1.6225079282476,	211.495209
1.62268443111615,	189.801926
1.62286097451417,	151.473297
1.6230375563312,	156.430527
1.62321430619615,	131.437607
1.62339096491704,	164.674622
1.62356766209459,	149.669357
1.62374439774137,	152.959717
1.62392117186992,	162.897415
1.62409798449283,	141.255676
1.62427496328084,	156.175797
1.62445185295799,	159.461533
1.62462891100963,	154.442383
1.6248057479212,	172.66954
1.62498288313141,	162.669922
1.62515992704086,	154.334473
1.62533713948843,	162.594131
1.62551426060384,	152.603821
1.625691420327,	164.176712
1.62586874871118,	162.480484
1.62604598358381,	193.9366
1.6262232592339,	162.404755
1.62640070366804,	168.99411
1.62657805667575,	197.113815
1.6267555785496,	175.539444
1.62693313917653,	203.644485
1.62711073856924,	163.870743
1.62728824647258,	162.177658
1.62746579311023,	150.558411
1.62764350881953,	152.177383
1.62782126120848,	162.064178
1.62799905456318,	162.026352
1.62817675634979,	165.294434
1.62835462737276,	155.3405
1.62853240679611,	156.956421
1.62871048603386,	188.303726
1.62888834317335,	183.305573
1.62906636971414,	163.450577
1.62924430459222,	181.569336
1.62942253956388,	165.02449
1.62960055226006,	176.534973
1.62977873238066,	173.194778
1.6299569536124,	158.312531
1.63013521382647,	171.465164
1.63031351303565,	179.666702
1.63049185125274,	176.328842
1.63067022849055,	163.107254
1.63084864476188,	168.01062
1.63102710007955,	186.085907
1.63120559445637,	187.688812
1.6313842588296,	166.246826
1.63156270043879,	157.979828
1.63174131207006,	162.878601
1.63192009382225,	161.195663
1.63209878156784,	161.157959
1.63227751059735,	177.561111
1.63245627877592,	169.301071
1.63263508611641,	179.121353
1.63281393263169,	198.794617
1.63299294951738,	180.680084
1.63317187444963,	177.353485
1.63335083859532,	203.580414
1.63352984196734,	205.174164
1.63370901587643,	223.177231
1.63388809776862,	185.39061
1.63406721892586,	191.908157
1.63424651074532,	182.024094
1.63442570834593,	206.573547
1.63460507884611,	221.276962
1.63478435725,	204.838089
1.63496367498359,	216.258347
1.63514316358828,	226.035309
1.63532269160632,	211.24437
1.63550212746447,	201.371841
1.63568173431925,	209.508591
1.63586124898233,	202.913879
1.6360408030529,	217.590485
1.63622052824575,	220.810745
1.63640029292991,	201.135956
1.63658009711839,	225.611816
1.63675994082421,	183.062302
1.63693969224277,	235.310623
1.63711961499341,	205.848511
1.63729957730048,	222.133575
1.63747944511009,	235.145081
1.63765948653971,	243.252762
1.63783956756492,	254.620987
1.63801968819878,	254.561234
1.63819971643371,	256.132904
1.63837991629504,	249.54866
1.63856015580424,	264.165955
1.63874043497439,	293.448853
1.63892075381859,	272.191406
1.63910111234993,	272.127472
1.63928151058152,	288.354828
1.63946194852647,	296.430786
1.63964242619789,	328.928345
1.63982281132651,	348.38678
1.64000350077263,	353.187714
1.64018409770222,	315.678894
1.6403647344108,	343.260803
1.64054541091152,	310.651215
1.64072612721752,	339.847382
1.64090688117053,	286.119995
1.6410876771261,	263.298553
1.64126864544218,	308.734344
1.64144952112967,	285.918243
1.6416304366883,	267.985352
1.64181152473466,	253.30838
1.64199252010435,	275.976257
1.64217355538476,	288.895416
1.64235463058908,	232.035553
1.64253587845098,	220.625244
1.64271703357204,	233.548248
1.64289822865668,	241.600693
1.64307959652643,	225.332855
1.64326087160719,	230.141968
1.64344218669123,	249.531845
1.64362367468808,	238.133423
1.64380506984772,	249.414383
1.6439865050504,	275.262756
1.64416811329373,	281.673187
1.64434976166536,	258.948822
1.64453131713546,	305.811249
1.64471304577422,	333.239594
1.64489481458119,	342.864807
1.64507649043834,	347.634766
1.64525833959228,	341.086761
1.64544009576419,	381.409973
1.64562202531839,	392.630432
1.64580386185832,	437.768616
1.64598587186611,	424.745422
1.64616792213544,	414.957581
1.64634987934214,	414.859741
1.64653201014516,	409.920349
1.64671418124981,	422.731537
1.64689639266949,	469.411713
1.64707850877417,	482.202759
1.64726093431915,	480.476685
1.64744313324903,	515.826416
1.64762550603263,	497.977356
1.64780791919822,	515.583069
1.64799037275921,	584.726501
1.64817286672902,	573.315491
1.64835540112108,	594.110901
1.64853797594882,	639.041626
1.64872059122567,	646.937256
1.64890324696509,	730.448181
1.64908594318052,	707.756226
1.64926867988541,	702.764587
1.64945145709323,	647.934204
1.64963427481744,	679.929138
1.64981726697128,	655.663269
1.65000003186895,	612.12915
1.65018310518237,	589.496948
1.6503659511478,	623.081116
1.65054910567479,	626.144897
1.65073216681026,	579.448425
1.65091526855656,	555.240356
1.65109854503505,	575.96582
1.65128172807336,	554.977905
1.65146495176309,	575.693542
1.65164821611776,	551.509033
1.65183165537787,	524.13031
1.65201500113288,	568.875366
1.65219838759348,	592.772156
1.65238194908962,	573.411438
1.65256541703193,	568.471802
1.6527490600966,	593.952515
1.65293260957493,	600.214233
1.65311633426252,	534.464355
1.65329996533123,	559.934875
1.6534836372006,	590.191589
1.65366748440968,	577.25946
1.65385137250645,	524.366455
1.65403516691922,	527.438904
1.65421913680233,	544.891113
1.65440301296888,	554.347351
1.65458706469292,	533.452942
1.65477115737289,	485.423004
1.65495515628739,	466.151123
1.65513933089025,	410.179657
1.65532341169503,	389.338989
1.65550780310052,	392.437286
1.65569196588025,	392.344299
1.65587630452306,	357.171936
1.65606068421761,	339.551727
1.65624497003244,	333.096191
1.6564295690295,	318.676788
1.65661393474358,	324.973267
1.65679848096592,	302.599396
1.65698306609542,	324.819153
1.65716769235903,	304.04776
1.65735222464485,	286.469208
1.6575370683436,	302.312439
1.65772168290617,	272.016632
1.65790647381366,	248.096649
1.65809144117026,	251.217758
1.65827617925118,	232.08284
1.65846109380878,	243.152374
1.65864618494738,	235.150391
1.65883118203754,	279.57193
1.6590162203996,	285.857941
1.65920130004738,	282.614624
1.65938642099469,	268.261414
1.65957171874315,	282.480438
1.65975678684321,	287.173096
1.65994216732039,	295.03598
1.6601274536344,	288.622528
1.66031278131716,	286.968506
1.66049815038249,	326.527435
1.6606836965137,	312.187469
1.66086914841611,	334.293915
1.66105477747277,	334.214478
1.66124017650741,	338.885773
1.66142588851479,	379.968445
1.66161150622766,	346.638794
1.66179730127174,	343.391449
1.66198300198843,	401.846497
1.66216874421272,	363.790222
1.66235466390111,	351.053131
1.66254048921276,	362.036224
1.66272649207719,	374.594666
1.66291240053196,	357.123413
1.66309848885882,	347.55954
1.66328448051303,	388.542297
1.66347064989758,	353.710419
1.66365672480658,	344.154083
1.66384297753482,	339.337219
1.66402927197113,	329.788818
1.66421547188243,	328.132751
1.66440184974642,	317.014313
1.66458826936053,	316.938812
1.6647747307388,	338.933411
1.66496123389525,	329.396332
1.66514764244415,	311.985352
1.66533422916855,	341.841888
1.66552072125235,	384.28363
1.66570752809237,	370.021027
1.66589410379782,	464.383789
1.66608085785729,	420.206512
1.66626765379337,	429.546967
1.66645435500618,	432.590668
1.66664137135166,	445.069
1.66682815856741,	440.245972
1.66701525882655,	476.29541
1.66720212762097,	479.324951
1.66738931184975,	551.485046
1.6675764013173,	596.906921
1.66776339594566,	566.92627
1.66795070623495,	507.128815
1.66813778482323,	434.802368
1.6683251792236,	403.312439
1.66851234182836,	363.992828
1.66869982039649,	359.200256
1.66888720408744,	345.000854
1.66907462986695,	313.562256
1.66926209774921,	329.161774
1.66944960774841,	341.61969
1.66963729701502,	338.404724
1.66982489357014,	319.528137
1.67001253003667,	342.940918
1.67020020867697,	335.031158
1.67038806676489,	347.472656
1.67057582982624,	367.732269
1.67076363510405,	397.368866
1.67095161996482,	397.273895
1.67113950974915,	506.637726
1.67132744179268,	528.403137
1.67151555355467,	606.424316
1.67170357019031,	500.02417
1.67189176663484,	462.411774
1.67207986791971,	438.873779
1.67226814910397,	377.872101
1.672456337351,	354.365479
1.67264456570197,	305.898773
1.67283297408818,	255.894897
1.67302128723143,	237.114136
1.67320991822436,	244.855347
1.67339831624821,	244.796753
1.6735868944887,	229.14975
1.67377537741951,	211.951752
1.67396404065776,	227.481964
1.67415274643199,	165.118607
1.67434135684643,	146.390884
1.67453014770466,	155.697693
1.67471898340387,	155.6604
1.67490772143184,	154.066895
1.6750966400401,	124.468681
1.67528546320501,	111.99498
1.67547460513813,	124.409058
1.67566365165677,	125.93399
1.67585260268187,	122.795074
1.6760417345151,	139.859604
1.67623090904288,	133.611588
1.67642012627967,	93.195045
1.67660938623994,	100.937096
1.67679855062293,	93.150368
1.67698803665676,	88.471634
1.67717742487482,	79.139847
1.67736671746531,	80.672256
1.67755632966964,	100.816139
1.6777458462754,	71.329689
1.67793526720326,	60.460667
1.67812486944205,	58.896259
1.6783145145348,	79.026016
1.67850434109277,	58.868
1.67869407196833,	75.890518
1.67888384574146,	66.581818
1.67907366470032,	71.209961
1.67926352431275,	66.549858
1.67945356561997,	55.702782
1.67964351116082,	63.424046
1.67983363848844,	44.85014
1.6800235311683,	51.024109
1.68021374454328,	51.011852
1.68040386208466,	43.272388
1.68059402265482,	57.167633
1.68078422854662,	81.869095
1.68097461422368,	50.962849
1.68116504303633,	72.56601
1.68135537593124,	64.830635
1.68154589102755,	64.815056
1.68173631017243,	47.828182
1.68192677244851,	46.274208
1.68211741706454,	49.34729
1.68230796567856,	46.251961
1.6824985574678,	60.113087
1.68268933401908,	57.016647
1.68288001223486,	53.921696
1.68307087302182,	58.529472
1.68326177710596,	50.815994
1.68345272450199,	58.501308
1.6836435757779,	66.182922
1.68383447033192,	60.011925
1.68402554768884,	55.38229
1.68421667070421,	75.363304
1.6844078348182,	78.420471
1.68459904233262,	87.625313
1.68479015362547,	76.845802
1.6849814479534,	70.681114
1.68517264602592,	78.344971
1.68536402722649,	95.219963
1.68555545190145,	90.590714
1.68574692235733,	95.174088
1.68593843402604,	115.102211
1.6861299892136,	116.608803
1.68632158793484,	93.57135
1.68651323020462,	75.14576
1.68670477608345,	88.926598
1.68689664544917,	78.175224
1.68708827843568,	62.8316
1.68728009731219,	58.220123
1.68747209759783,	52.079128
1.68766400147138,	55.129311
1.68785594899755,	48.992012
1.68804780001393,	47.449562
1.68823983485812,	52.0289
1.68843191339963,	52.01635
1.68862417592638,	48.944752
1.68881634423928,	27.524778
1.68900855399472,	38.219635
1.68920094787604,	36.681992
1.68939324519245,	38.201183
1.68958544586301,	25.970533
1.68977797120103,	24.436954
1.68997039992313,	25.957994
1.69016287478081,	24.425154
1.69035553174287,	22.893051
1.69054809203795,	35.0942
1.69074069620982,	18.305593
1.69093334427349,	21.351366
1.69112617693296,	22.870937
1.6913189128573,	24.389771
1.69151183577909,	25.907869
1.69170465962477,	25.901608
1.69189766825474,	35.034882
1.69209058008139,	19.797537
1.69228353590504,	30.450386
1.69247667665455,	18.265814
1.69266972054953,	16.739613
1.69286295177594,	38.035374
1.6930562248134,	24.336752
1.69324940094509,	25.851543
1.69344262116424,	18.243734
1.69363602659286,	18.239321
1.69382947620359,	22.793634
1.69402282884017,	13.672871
1.6942163691431,	28.857964
1.69440995135928,	21.258615
1.69460343654999,	30.362099
1.69479710723446,	19.730587
1.69499082219197,	22.76055
1.69518444007264,	19.721033
1.69537838730483,	19.716257
1.69557209374338,	22.744017
1.69576598591313,	25.770308
1.69595992243188,	21.217466
1.69615390331486,	24.242657
1.69634778701814,	19.692387
1.69654199823442,	15.144319
1.69673611462317,	22.710972
1.69693013145955,	24.219166
1.69712447604909,	13.619978
1.69731872343794,	22.69446
1.69751287354406,	19.663763
1.69770720985762,	22.683456
1.69790159299757,	15.118637
1.69809601832993,	22.672455
1.69829048819436,	16.622435
1.69848500260618,	21.150694
1.69867956158067,	22.65596
1.69887416513316,	13.590278
1.69906895762073,	16.606308
1.69926365040828,	22.639471
1.69945838781982,	21.125044
1.69965316987071,	16.594219
1.69984799657629,	18.098391
1.70004286795192,	24.125328
1.7002379285534,	12.059735
1.70043288934839,	13.563908
1.70062789485955,	16.574083
1.70082294510227,	18.076426
1.70101818243165,	19.578037
1.70121346692269,	16.562008
1.70140865151837,	16.557983
1.70160388090725,	33.107918
1.7017992975752,	24.072636
1.70199461662946,	13.537566
1.70218998052321,	21.053318
1.70238553417772,	16.53787
1.70258098783008,	24.049236
1.70277662900242,	15.027119
1.70297217247472,	19.530502
1.70316790356351,	16.521791
1.70336353691768,	6.006463
1.70355936032533,	13.511254
1.70375522642201,	12.007082
1.70395099473217,	24.00832
1.70414695090042,	16.501705
1.70434280924753,	14.997899
1.70453871496308,	23.990797
1.70473480633932,	16.489658
1.70493094283774,	14.98695
1.70512698144573,	13.484971
1.70532320820233,	25.46541
1.70551948247365,	25.459208
1.70571579958422,	16.469593
1.705912018735,	19.459324
1.70610842622846,	14.965065
1.70630487895327,	19.449844
1.70650137692504,	20.940884
1.70669792250847,	14.954129
1.70689451102163,	17.940582
1.70709100147081,	7.473421
1.70728768055438,	11.954558
1.7074845483871,	4.481867
1.70768132052154,	16.429504
1.70787799217125,	16.425499
1.70807499617336,	14.928631
1.70827190207332,	8.954994
1.70846870978756,	19.397755
1.70866570883185,	14.91771
1.70886275095724,	14.914071
1.7090598385334,	11.928346
1.70925711529793,	11.925435
1.70945415010091,	8.941894
1.70965152026915,	19.369375
1.70984864601802,	5.958353
1.71004610493918,	8.935348
1.71024346558418,	7.444305
1.71044087179019,	13.396478
1.71063832593291,	4.464402
1.71083582330886,	10.414394
1.71103351031395,	17.848888
1.7112310989557,	14.87044
1.71142887968688,	10.406765
1.71162655965828,	13.376858
1.71182442945527,	7.429772
1.71202205663183,	8.913548
1.71222001788624,	7.426141
1.71241802729131,	20.788113
1.71261579155925,	17.814026
1.71281389015265,	10.388975
1.71301189022551,	5.935106
1.71321008046843,	13.350722
1.71340831894422,	2.966102
1.71360631202573,	7.413441
1.71380478433373,	13.340929
1.71400301357945,	16.301592
1.71420128868732,	11.852802
1.71439975663155,	8.887426
1.71459826816698,	13.327878
1.7147966810243,	8.883078
1.7149951398075,	10.361053
1.71519379162701,	11.838305
1.7153924870994,	13.314834
1.71559122861261,	19.227829
1.71578987136002,	11.829613
1.71598870496933,	11.826715
1.71618744215298,	19.213705
1.71638651284629,	16.253769
1.71658533981383,	13.29528
1.71678435784164,	7.384458
1.71698342439987,	10.335708
1.71718253475026,	5.904671
1.71738154619431,	7.37903
1.71758074889731,	13.278999
1.71778000019721,	14.750827
1.71797929535134,	11.797769
1.71817863675489,	10.320517
1.71837802442397,	11.791984
1.71857745837468,	20.630911
1.71877694100555,	16.206026
1.71897646756843,	7.364569
1.71917589506654,	5.89021
1.71937565970035,	10.305338
1.7195753276863,	19.133789
1.71977503966661,	11.77175
1.71997479804153,	8.826646
1.72017460282722,	5.882987
1.72037445642671,	10.292699
1.72057435408303,	10.290173
1.72077429819868,	8.817982
1.72097428878985,	16.162331
1.72117432826182,	10.282594
1.7213745576201,	11.74865
1.72157468776956,	10.277544
1.72177486445942,	11.742879
1.72197523596584,	2.934999
1.72217550581972,	16.138525
1.72237582226274,	14.667782
1.72257633128166,	11.731341
1.72277674098573,	11.728458
1.72297719972183,	13.191273
1.72317770271866,	23.445385
1.72337839849247,	19.044693
1.72357899488068,	11.716929
1.72377964036833,	10.249792
1.72398047638825,	13.175062
1.72418121296944,	17.562429
1.72438214257944,	14.631758
1.72458297511381,	10.239711
1.72478399837988,	17.549471
1.72498492213633,	20.469343
1.7251858927103,	16.079098
1.72538705896618,	20.45927
1.7255882697404,	16.071184
1.72578952744959,	8.763942
1.72599068556042,	16.063272
1.72619203955766,	18.979193
1.7263934381367,	17.51494
1.7265947370641,	16.051407
1.72679608294022,	20.424032
1.72699762490752,	17.502001
1.72719921152019,	21.87211
1.72740069841011,	14.577815
1.72760238154502,	16.031645
1.72780410937307,	21.855946
1.72800588431712,	16.023745
1.72820755946725,	24.757864
1.72840943106773,	34.943661
1.72861149442026,	24.745657
1.72881331096463,	13.097412
1.72901532170274,	24.733456
1.72921738206747,	26.181906
1.72941948725304,	21.812874
1.72962163968689,	26.168991
1.72982383938561,	20.348639
1.73002608877947,	33.421658
1.73022823578798,	21.791353
1.73043072465157,	18.88118
1.73063311599154,	37.75304
1.7308354048909,	47.905491
1.73103803590193,	31.92911
1.73124056692041,	37.725086
1.73144314775426,	24.660311
1.73164577358536,	26.104469
1.73184844684745,	33.347473
1.7320513151379,	27.541109
1.73225393815116,	30.432653
1.73245675380676,	31.873951
1.73265976464444,	31.866076
1.73286267776827,	31.8582
1.7330656360021,	31.850327
1.73326878957195,	28.947687
1.73347184295264,	40.516743
1.73367494633843,	37.613388
1.73387824279103,	31.818846
1.73408143900074,	33.256931
1.73428468284188,	26.020727
1.73448797675735,	24.569054
1.73469146394312,	30.342499
1.73489485081431,	27.445946
1.73509828781187,	34.659988
1.73530191823255,	31.763794
1.73550544828485,	21.651773
1.73570917429073,	23.089508
1.73591280232248,	28.854742
1.73611662398144,	23.078079
1.7363203452002,	20.18832
1.73652426501092,	21.624989
1.73672808191421,	27.384869
1.73693209508098,	33.141895
1.73713615861775,	43.217854
1.73734011919142,	23.043812
1.73754412766555,	25.917866
1.73774833261015,	27.350969
1.73795258799466,	23.02669
1.73815674034181,	21.58217
1.73836108931493,	25.892187
1.73856548878046,	23.009573
1.73876993388076,	27.317095
1.73897427830695,	24.435551
1.73917881956671,	15.807319
1.73938341138903,	20.113417
1.7395880489117,	17.235796
1.73979258568813,	10.051721
1.73999747088561,	15.791643
1.74020225292983,	25.834461
1.74040693417366,	15.783809
1.74061181505851,	22.952572
1.74081674174234,	18.644337
1.74102156757159,	12.904414
1.74122659075488,	10.034275
1.74143181386025,	8.598672
1.74163693368205,	24.356855
1.74184210183086,	17.188807
1.74204732077112,	10.024314
1.74225258562578,	2.863378
1.74245774949927,	14.313335
1.74266311354148,	12.878802
1.74286867297753,	11.444981
1.74307398198344,	4.290802
1.74327963836631,	5.719647
1.74348519619937,	7.147782
1.74369080006263,	15.721211
1.74389645242408,	7.144229
1.7441023053955,	8.570944
1.7443080548407,	2.856271
1.7445138528356,	5.711122
1.74471970185228,	15.701678
1.74492574678157,	8.562422
1.74513169056469,	-1.426715
1.74533768542293,	7.131803
1.74554372646088,	9.982039
1.74574981615178,	11.405207
1.745956106931,	9.977073
1.74616229401553,	11.399531
1.74636867983541,	11.396694
1.74657496438205,	17.090786
1.74678130012862,	12.814898
1.74698783230864,	8.541139
1.74719426316091,	12.808517
1.74740089547475,	5.691257
1.74760742396262,	9.957219
1.74781415155531,	11.376844
1.74802093052632,	9.952259
1.74822760561499,	12.792574
1.74843432958139,	5.684172
1.74864125533015,	5.682755
1.74884822759718,	12.783013
1.74905509837261,	9.939866
1.74926202056288,	5.678507
1.74946913981444,	14.192729
1.74967630811921,	11.351353
1.74988337732888,	8.511392
1.75009064375728,	9.927481
1.75029795929119,	9.925005
1.75050517567701,	9.922529
1.75071258943918,	4.251451
1.75092005235923,	11.334375
1.75112756692759,	1.416443
1.75133512821645,	12.74481
1.75154258779467,	8.494419
1.75175024996063,	9.907682
1.75195795889783,	4.24509
1.75216571709788,	11.317413
1.75237337599062,	7.071617
1.75258138383377,	9.897792
1.75278913879235,	16.963406
1.75299724783391,	7.06632
1.75320510140495,	2.825822
1.75341315551586,	7.06279
1.75362126149249,	8.473231
1.75382941439302,	11.294819
1.75403761671446,	7.057498
1.75424587095616,	5.644587
1.75445417217281,	7.05397
1.75466267432231,	0
1.75487107702356,	4.230266
1.75507937521982,	8.458417
1.75528787443782,	1.409384
1.7554965772885,	14.090311
1.75570517564938,	8.452072
1.75591382358989,	4.224979
1.7561225236148,	9.855818
1.75633142251557,	9.853353
1.75654021933779,	2.814539
1.75674906829928,	4.220752
1.75695796444064,	0
1.75716691275789,	9.843492
1.75737606021718,	8.435166
1.75758510550604,	12.649582
1.75779420302578,	-1.405157
1.75800349984755,	14.048053
1.75821269444368,	18.257895
1.75842194132579,	16.84922
1.75863138767008,	14.037499
1.75884073173352,	8.420389
1.75905012813808,	4.20914
1.75925972416519,	18.235035
1.75946937014622,	8.414062
1.75967891626984,	1.401992
1.75988850981395,	14.016406
1.7600983056919,	8.407735
1.76030815409418,	19.613131
1.76051789756976,	4.20176
1.76072784604195,	14.002354
1.76093768954932,	11.199073
1.76114773566168,	9.796731
1.76135783439088,	0
1.76156782809807,	1.398831
1.7617780245732,	11.187839
1.76198812099438,	2.796258
1.76219841778912,	9.784446
1.76240876478853,	9.78199
1.7626190116803,	15.367841
1.76282945910711,	9.77708
1.76303980639048,	11.171
1.76325050726193,	4.188073
1.76346110551926,	12.561063
1.76367160357936,	8.371939
1.76388230244411,	-1.394973
1.76409305165758,	8.367733
1.76430385374814,	8.365631
1.76451470371383,	9.75745
1.76472545088113,	8.361426
1.76493640414618,	2.786442
1.7651474053388,	6.964354
1.76535845950185,	5.570082
1.76556956162746,	8.353023
1.76578071424642,	5.567281
1.76599191989196,	5.565881
1.76620317355261,	8.346723
1.76641447776098,	5.563082
1.76662583505216,	2.780841
1.76683724041105,	11.120566
1.76704869889026,	13.89721
1.76726020547233,	9.725599
1.76747176269295,	1.389022
1.76768352680554,	9.720704
1.76789518539523,	4.164968
1.76810674088913,	12.491756
1.76831865719403,	9.713365
1.76853046791843,	8.323645
1.76874248581314,	5.547699
1.76895439808891,	9.706028
1.769166361149,	0
1.76937837753642,	5.543508
1.76959044222054,	2.771055
1.76980256026975,	6.925893
1.77001488077204,	5.539318
1.77022709806595,	6.922402
1.77043936878165,	9.688921
1.77065184211449,	9.686479
1.77086421471199,	15.217772
1.7710767900361,	11.064679
1.77128926205852,	6.913681
1.77150194197757,	15.206262
