1.53098129113823,	11.320606
1.53113694216787,	28.301516
1.53129285744476,	24.522566
1.5314485718364,	24.517153
1.5316044332987,	24.511738
1.53176032838165,	32.046734
1.53191636875681,	16.962172
1.53207232735045,	39.569656
1.53222831580911,	24.490091
1.53238422241238,	15.067496
1.53254038993204,	28.245314
1.53269647561649,	24.473864
1.53285259120325,	7.528756
1.53300874049137,	15.054184
1.53316491970046,	18.813572
1.5333212482888,	26.333178
1.53347749118269,	26.327356
1.53363376781842,	15.040878
1.53379019014091,	28.195412
1.53394653052067,	15.034228
1.53410290087749,	20.667492
1.53425941891756,	13.149132
1.5344158549745,	24.414415
1.53457243688311,	18.776167
1.53472893678165,	24.403616
1.53488558259791,	20.644646
1.53504214637714,	22.516449
1.53519885614017,	26.263378
1.53535548383921,	15.004323
1.53551225758818,	28.126881
1.53566906525832,	24.371235
1.5358257870203,	24.365839
1.53598254267645,	16.864923
1.53613944451493,	22.481586
1.53629638031537,	14.984406
1.53645334628121,	26.216904
1.53661034622944,	14.977771
1.53676726018382,	18.718067
1.53692432429544,	26.19949
1.53708130238461,	24.322708
1.53723854694832,	29.92901
1.53739558923536,	37.402973
1.53755278181557,	26.176281
1.53771012095752,	31.778439
1.53786726152232,	35.509209
1.53802454866781,	24.29039
1.53818186989811,	31.757315
1.53833922140734,	31.750275
1.53849660702192,	16.805243
1.53865402293441,	29.869362
1.53881158946021,	31.72916
1.53896895332809,	11.196044
1.53912646782985,	20.521528
1.53928401266753,	29.842875
1.5394417082551,	20.512426
1.53959920103195,	33.558342
1.53975696120987,	24.231203
1.53991475180958,	20.498775
1.54007234330858,	24.220451
1.54023019855742,	22.352377
1.54038797135679,	20.485132
1.54054589131845,	22.342457
1.54070372880346,	27.921871
1.54086171351773,	27.915672
1.54101961572817,	35.352001
1.54117754838897,	16.741966
1.5413355153407,	27.897081
1.54149362965575,	24.172102
1.54165166141257,	37.179588
1.54180984059982,	16.727098
1.54196793720162,	13.007075
1.54212606431121,	29.723852
1.54228434278769,	20.430609
1.54244265183916,	18.569153
1.5426008782507,	22.278032
1.54275936938014,	24.129171
1.54291754367064,	24.123808
1.54307609988029,	11.13159
1.54323445628556,	25.967936
1.5433929604575,	24.107723
1.54355149911383,	20.394306
1.54371006842216,	11.121694
1.54386855498143,	25.944847
1.5440271894422,	24.086285
1.5441858584291,	22.228548
1.54434456002997,	27.779505
1.5445032923311,	20.367105
1.54466205918971,	18.511431
1.54482085676791,	29.611698
1.54497968892452,	25.904469
1.54513843437278,	29.598518
1.54529744931496,	22.193949
1.54545637756815,	20.339924
1.54561534044166,	31.427431
1.54577433409285,	27.723911
1.54593336238533,	16.630644
1.54609242147489,	31.406443
1.54625151522673,	18.470264
1.54641063979507,	36.932301
1.54656991671167,	36.924072
1.54672899106358,	27.686886
1.54688833163956,	14.763049
1.54704758924117,	20.29467
1.54720699546984,	23.979265
1.54736631869672,	42.415401
1.54752567280819,	20.281105
1.54768517951138,	33.179867
1.54784448144916,	18.42915
1.54800417176638,	20.267546
1.54816365728913,	36.841869
1.54832317761107,	14.733461
1.54848284876608,	33.142895
1.54864243294204,	22.090338
1.54880216995378,	27.606762
1.54896181995739,	25.760565
1.54912162286661,	31.273708
1.5492813387386,	33.105949
1.5494412075861,	20.2269
1.54960098936725,	27.575981
1.54976092419383,	22.055862
1.54992077192494,	29.401253
1.55008077277147,	29.394691
1.5502408066557,	27.551373
1.55040087164937,	27.545221
1.55056085336627,	14.687505
1.55072098446091,	29.36845
1.55088115057311,	22.02142
1.55104134783412,	31.190044
1.55120158013399,	23.845884
1.55136184554329,	47.681114
1.55152214213097,	29.33567
1.55168247378951,	27.496046
1.55184283664616,	25.657242
1.55200311610184,	20.154758
1.55216354524408,	38.468666
1.55232400949989,	29.30291
1.55248462356003,	42.113518
1.55264503562172,	25.628586
1.55280559945206,	27.45306
1.55296631318999,	23.787333
1.55312682481442,	20.123243
1.55328760505565,	20.118742
1.55344830182055,	40.228485
1.55360902989242,	29.250538
1.55376991193733,	27.416246
1.55393070851788,	27.410112
1.55409153643516,	29.230913
1.55425239959461,	21.91828
1.55441341297217,	18.261147
1.55457434277649,	27.38559
1.55473542481742,	31.030054
1.55489641935869,	25.548443
1.5550574491959,	27.367205
1.55521851043948,	25.537006
1.55537972600985,	34.649605
1.55554085402186,	32.818592
1.55570213643157,	25.519857
1.55586333320572,	23.691702
1.55602468054415,	32.796551
1.55618594417063,	38.25407
1.55634735843077,	21.854572
1.55650880813334,	23.670483
1.55667017017467,	25.485577
1.55683156763063,	30.939838
1.55699311781418,	32.752487
1.55715469957344,	34.564323
1.55731631682931,	27.281506
1.55747784635033,	23.638672
1.55763953069552,	25.451324
1.55780136799382,	32.715794
1.55796299815766,	30.891323
1.55812478325259,	30.884396
1.55828659999356,	38.142757
1.55844845230717,	30.870544
1.55861021874182,	36.310143
1.5587721363321,	32.671795
1.55893420908156,	30.849773
1.55909607441964,	25.399996
1.5592580949387,	27.208176
1.5594202687639,	21.761656
1.55958223505886,	29.009029
1.55974435664209,	43.503777
1.55990650997218,	47.118511
1.5600688187119,	41.672405
1.56023092172592,	39.851612
1.5603931762451,	41.653694
1.56055558628144,	21.727482
1.56071790833744,	23.532818
1.56088026612978,	32.576584
1.56104277758255,	37.997478
1.56120520101059,	25.325962
1.56136766020785,	37.980408
1.56153015125324,	21.698214
1.56169279806714,	36.155563
1.56185535876434,	34.340065
1.56201795134014,	25.29752
1.56218069979238,	37.937752
1.56234336208467,	37.929222
1.56250605628608,	36.114948
1.56266890647194,	36.106831
1.56283166848489,	37.903645
1.56299458655438,	45.113239
1.56315741839182,	25.257734
1.56332040241688,	34.270641
1.56348342240419,	28.852997
1.56364647639385,	32.45232
1.5638094421215,	36.050022
1.56397256412229,	41.448196
1.56413559783133,	43.240559
1.5642987878858,	36.025692
1.56446201199585,	41.420219
1.56462526819791,	34.209
1.56478843999719,	32.401234
1.56495164583377,	41.392254
1.56511500424661,	39.583675
1.56527839874343,	48.569027
1.56544182538354,	34.170509
1.56560540870913,	37.7589
1.5657687850171,	30.559843
1.56593231407851,	41.336357
1.56609587927943,	39.530216
1.56625947865343,	41.317734
1.56642311023245,	41.308422
1.56658665725384,	35.912273
1.56675035720613,	35.904182
1.56691409335356,	43.075306
1.56707798453389,	39.476799
1.56724178718981,	37.673904
1.56740562607432,	32.284637
1.56756949921773,	52.002411
1.56773340464868,	35.855644
1.56789746727432,	37.639935
1.56806132232588,	37.631447
1.56822545161184,	37.622959
1.5683894962355,	39.405636
1.5685535751826,	25.070658
1.56871768647935,	44.75893
1.56888195518978,	41.168926
1.56904613719682,	39.370087
1.56921047271986,	53.674366
1.56937472349579,	46.507282
1.56953912785923,	44.708447
1.56970344744727,	44.698357
1.5698678014451,	48.263325
1.57003230913778,	28.59403
1.5701967320126,	44.668083
1.57036118932966,	32.153759
1.57052580044903,	32.146496
1.57069044807189,	39.281288
1.57085500883107,	41.057526
1.57101972350015,	46.402367
1.57118435326635,	51.744793
1.57134901753982,	46.381401
1.57151383583086,	48.154415
1.57167869069309,	37.444969
1.57184358014614,	55.263416
1.57200838064037,	44.557198
1.5721733392818,	44.547123
1.57233845416537,	48.100018
1.57250335845186,	44.526981
1.57266842099605,	48.078266
1.5728333965012,	48.067394
1.57299864806855,	46.276649
1.57316381461371,	67.619804
1.5733288940759,	55.151047
1.57349412798766,	48.023914
1.57365939860652,	39.121742
1.57382470394714,	56.891479
1.57399004202253,	53.323692
1.57415541683909,	44.426353
1.57432082641026,	55.076206
1.5744862687478,	46.182491
1.57465174786065,	47.947884
1.57481726176098,	47.937027
1.57498280845933,	63.901566
1.5751485140209,	69.211021
1.57531401029539,	58.549908
1.5754797835584,	54.988972
1.5756454715857,	65.617126
1.5758111944664,	49.644958
1.57597707239069,	54.951607
1.57614286503646,	51.394695
1.57630869256865,	49.611217
1.57647455299401,	63.771397
1.57664045033164,	63.756943
1.57680650489957,	49.577496
1.57697259444951,	51.336479
1.57713859462419,	58.404129
1.5773047541451,	74.315674
1.57747082626726,	63.684704
1.57763693135688,	60.133026
1.577803073439,	53.04652
1.57796937300919,	63.641384
1.57813570563037,	68.929192
1.57830207533015,	61.845497
1.57846823497398,	56.531628
1.57863467278669,	65.349861
1.57880114771255,	70.632469
1.57896765775334,	54.727737
1.57913420292017,	63.540367
1.57930065851463,	59.996727
1.57946715121662,	65.275734
1.57963380177607,	70.552338
1.5798006082691,	56.429054
1.57996720640453,	61.705265
1.58013396250853,	52.878216
1.58030062894895,	51.104
1.58046757832506,	47.568779
1.5806344400739,	70.456253
1.58080133706013,	59.87421
1.5809681443219,	51.057575
1.58113511179003,	70.408241
1.58130211452905,	47.514763
1.58146915053317,	59.819805
1.58163622384709,	66.842232
1.58180333246545,	66.827034
1.58197047438119,	68.570053
1.58213765364158,	56.249813
1.58230486824,	63.266651
1.58247211818766,	72.0373
1.58263952469322,	68.507706
1.58280684539861,	49.173832
1.58297420148689,	64.96492
1.58314159094804,	59.683918
1.58330901783534,	68.445389
1.58347648013922,	68.429817
1.58364410124481,	64.905823
1.58381150901872,	50.86055
1.5839793244916,	59.616039
1.58414680517378,	54.34343
1.58431456620908,	63.094131
1.58448224130002,	64.831985
1.58464995188632,	61.313587
1.58481782153611,	70.056717
1.5849857247302,	59.534645
1.58515354192217,	66.523567
1.58532151829003,	71.759079
1.58548940457324,	76.992203
1.58565732844635,	59.480419
1.58582528789386,	78.706146
1.58599340666728,	76.93959
1.58616155906122,	85.6632
1.5863297491445,	68.165375
1.58649785108098,	78.634422
1.58666611249367,	82.110565
1.58683428369905,	78.598579
1.58700261648609,	87.311844
1.58717098499071,	78.562744
1.58733938922427,	90.762909
1.58750770318909,	69.801697
1.58767617888791,	90.721512
1.5878446903498,	94.189316
1.58801311149685,	99.399368
1.58818169449227,	111.580849
1.58835043739322,	102.840126
1.58851896788624,	88.875412
1.58868765627217,	99.308678
1.58885638252457,	81.867416
1.58902514461984,	73.141418
1.58919394256942,	95.75856
1.58936277434757,	104.440033
1.58953164403961,	81.792679
1.58970054962025,	85.253746
1.58986949110093,	95.671127
1.59003846645422,	86.953888
1.5902074797689,	106.059517
1.59037652901798,	114.726707
1.5905457386645,	88.632202
1.59071485780261,	97.299393
1.59088401494971,	111.173897
1.59105320807709,	109.411797
1.59122243719623,	90.287514
1.59139182486029,	105.889984
1.59156112602349,	93.717247
1.59173046321294,	105.841583
1.59189983644012,	109.286804
1.59206924367246,	116.199074
1.59223881372589,	116.172501
1.59240841990472,	114.412415
1.59257793745067,	102.254372
1.59274748904611,	103.963707
1.59291720361679,	102.207588
1.59308682950948,	86.596786
1.5932566164083,	105.623909
1.59342643745424,	107.330879
1.59359617182421,	109.037064
1.59376594235878,	110.742455
1.59393587405221,	108.987152
1.594105714928,	115.88044
1.59427571908797,	136.603867
1.59444575951216,	96.810944
1.59461583621217,	127.89946
1.59478582203251,	112.31839
1.59495597129186,	134.751205
1.59512603169246,	134.720337
1.59529637875416,	120.875168
1.59546651175751,	126.026649
1.59563667899968,	134.627762
1.59580713515099,	138.048111
1.5959773771185,	150.092926
1.59614790607258,	141.434464
1.59631821870413,	139.677643
1.59648869512386,	146.541702
1.59665920795902,	132.719101
1.59682975722129,	148.197739
1.59700034292234,	149.886597
1.59717096301663,	148.129791
1.59734162162985,	144.651718
1.59751219117273,	156.67009
1.59768292271847,	146.306625
1.5978538143003,	111.855873
1.5980246188786,	139.357635
1.59819545997754,	149.646088
1.59836633760884,	166.808502
1.59853725178421,	177.085907
1.59870832618642,	170.169708
1.59887918775246,	192.471039
1.599050337416,	190.708755
1.59922152372439,	170.052536
1.59939261878655,	187.186584
1.59956362665893,	175.125198
1.59973492289119,	169.935425
1.59990612989467,	168.180267
1.60007749949561,	166.425903
1.60024877777225,	162.957001
1.60042022078858,	188.643707
1.60059157451538,	183.456711
1.6007629649391,	155.988083
1.60093439207153,	195.368729
1.60110597996672,	198.750565
1.60127748057853,	212.408661
1.60144914409814,	188.383728
1.60162084442778,	208.886642
1.60179258157926,	191.720688
1.60196422724997,	191.676605
1.60213591178124,	176.23349
1.60230775941477,	191.588455
1.60247964391755,	188.123947
1.60265143894822,	213.728043
1.60282339512619,	194.875137
1.60299539028038,	213.629715
1.60316729591673,	213.580551
1.60333936488914,	206.698395
1.60351147080207,	228.852982
1.60368348507736,	242.460022
1.60385566487939,	216.798141
1.60402788165763,	232.108337
1.60420013542399,	223.523468
1.60437242619039,	203.001282
1.60454475189249,	233.653534
1.60471711669429,	226.779297
1.60488951853192,	236.955353
1.6050619574173,	284.621796
1.60523443336239,	245.365845
1.60540694430063,	248.716385
1.60557949440053,	263.987366
1.60575208159599,	270.737549
1.60592457902912,	284.294037
1.60609724042432,	255.295059
1.60627006587542,	241.623627
1.60644279949164,	231.360825
1.60661557234403,	244.913803
1.60678838236384,	261.861328
1.60696122956307,	283.901001
1.60713424101476,	273.637848
1.60730716055275,	285.469299
1.60748011938916,	300.692932
1.60765311545302,	293.829803
1.60782627592685,	298.85614
1.60799934650907,	298.787201
1.60817245435483,	325.874451
1.60834559739006,	271.499359
1.60851890707865,	276.526154
1.60869225412176,	323.952789
1.6088655111965,	330.660767
1.60903880559503,	286.506531
1.60921213524105,	299.999664
1.6093857591575,	315.181091
1.60955916565427,	320.190704
1.60973260952312,	328.585449
1.60990621827588,	343.749695
1.61007986447989,	338.5914
1.61025329094672,	333.435486
1.61042713961636,	350.280182
1.61060077060908,	319.747131
1.61077456668381,	317.981873
1.61094827260557,	341.582397
1.61112214368865,	319.525513
1.61129592249417,	311.000549
1.61146999638128,	322.757446
1.61164385233377,	359.850464
1.61181787360646,	325.986298
1.61199193246398,	310.712982
1.61216602891849,	352.847809
1.61234003509664,	319.008667
1.61251433257031,	342.559692
1.61268841394767,	344.167542
1.61286266088396,	342.401184
1.61303694547821,	320.399872
1.61321126774262,	316.953888
1.61338549963797,	345.534607
1.61356002323115,	337.0289
1.61373445857892,	363.906952
1.61390893164574,	360.453979
1.61408344244386,	348.582703
1.6142579909855,	388.90802
1.61443257728293,	350.104492
1.61460732959383,	339.926575
1.61478186109128,	361.719238
1.61495656072912,	336.40506
1.61513142650049,	353.143494
1.615306201788,	368.192902
1.61548101490489,	376.511871
1.61565599427553,	384.826935
1.61583075467594,	421.699463
1.61600580771636,	426.640778
1.616180772301,	426.541901
1.61635590329987,	436.516479
1.61653081515517,	454.878998
1.61670602202837,	437.992218
1.61688113827817,	446.279358
1.6170564211029,	442.821136
1.61723161116395,	452.780212
1.61740696998916,	469.440948
1.61758223812884,	491.122467
1.61775767300442,	497.7117
1.61793301716339,	507.648651
1.61810839933658,	552.756409
1.61828394836654,	624.637207
1.61845953337893,	612.772522
1.61863502972446,	627.695007
1.61881069304777,	650.977783
1.61898639450315,	664.211243
1.61916200513299,	657.366272
1.61933778286176,	724.105591
1.61951346973384,	762.391418
1.61968932378569,	825.732178
1.61986521391563,	895.728027
1.62004114436785,	952.325317
1.62021711303916,	953.774414
1.62039299077581,	1130.56958
1.6205690358946,	1290.586792
1.62074511926985,	1068.284058
1.62092124091403,	897.817566
1.62109727156112,	809.182739
1.62127346763272,	733.933228
1.62144983346475,	713.750916
1.62162597894618,	636.891235
1.6218022920937,	638.410034
1.62197877300422,	601.598999
1.62215503343286,	608.123474
1.62233146164953,	607.981995
1.6225079282476,	621.163086
1.62268443111615,	614.358887
1.62286097451417,	602.564148
1.6230375563312,	615.737183
1.62321430619615,	572.335938
1.62339096491704,	567.212585
1.62356766209459,	547.124634
1.62374439774137,	620.151917
1.62392117186992,	550.194336
1.62409798449283,	601.583008
1.62427496328084,	594.79718
1.62445185295799,	659.43988
1.62462891100963,	657.62561
1.6248057479212,	713.922119
1.62498288313141,	735.334473
1.62515992704086,	716.908569
1.62533713948843,	769.833496
1.62551426060384,	764.677856
1.625691420327,	751.232849
1.62586874871118,	688.055115
1.62604598358381,	735.964539
1.6262232592339,	669.50531
1.62640070366804,	636.213135
1.62657805667575,	674.162415
1.6267555785496,	670.693115
1.62693313917653,	665.569763
1.62711073856924,	673.690857
1.62728824647258,	652.020386
1.62746579311023,	679.994568
1.62764350881953,	651.716187
1.62782126120848,	633.37323
1.62799905456318,	586.93219
1.62817675634979,	628.118835
1.62835462737276,	596.573608
1.62853240679611,	609.651733
1.62871048603386,	645.848755
1.62888834317335,	672.120422
1.62906636971414,	642.245178
1.62924430459222,	714.722961
1.62942253956388,	698.053589
1.62960055226006,	676.442383
1.62977873238066,	715.871765
1.6299569536124,	661.284607
1.63013521382647,	700.698975
1.63031351303565,	713.721863
1.63049185125274,	680.596375
1.63067022849055,	716.683411
1.63084864476188,	757.694946
1.63102710007955,	755.871094
1.63120559445637,	734.29126
1.6313842588296,	773.62384
1.63156270043879,	760.277954
1.63174131207006,	804.521606
1.63192009382225,	741.829041
1.63209878156784,	748.233398
1.63227751059735,	777.651917
1.63245627877592,	795.550659
1.63263508611641,	808.511108
1.63281393263169,	851.038086
1.63299294951738,	893.545166
1.63317187444963,	908.11554
1.63335083859532,	958.798096
1.63352984196734,	920.821594
1.63370901587643,	984.605408
1.63388809776862,	969.609314
1.63406721892586,	1016.949219
1.63424651074532,	1010.151672
1.63442570834593,	978.765137
1.63460507884611,	970.340454
1.63478435725,	1011.080811
1.63496367498359,	920.736328
1.63514316358828,	974.57251
1.63532269160632,	956.331055
1.63550212746447,	918.452087
1.63568173431925,	995.165771
1.63586124898233,	1091.480225
1.6360408030529,	994.699341
1.63622052824575,	896.328064
1.63640029292991,	905.929443
1.63658009711839,	923.700562
1.63675994082421,	879.352844
1.63693969224277,	892.219482
1.63711961499341,	882.207886
1.63729957730048,	966.934387
1.63747944511009,	1014.063171
1.63765948653971,	1010.56012
1.63783956756492,	1003.79425
1.63801968819878,	1018.244934
1.63819971643371,	1032.688721
1.63837991629504,	1078.115479
1.63856015580424,	1094.168945
1.63874043497439,	1129.778076
1.63892075381859,	1173.519775
1.63910111234993,	1293.827637
1.63928151058152,	1277.232666
1.63946194852647,	1379.543335
1.63964242619789,	1398.759644
1.63982281132651,	1398.43103
1.64000350077263,	1438.792358
1.64018409770222,	1366.857056
1.6403647344108,	1351.894409
1.64054541091152,	1437.778442
1.64072612721752,	1408.171387
1.64090688117053,	1310.299561
1.6410876771261,	1345.748169
1.64126864544218,	1368.180542
1.64144952112967,	1393.851562
1.6416304366883,	1367.537354
1.64181152473466,	1394.819824
1.64199252010435,	1417.219238
1.64217355538476,	1386.048828
1.64235463058908,	1380.854858
1.64253587845098,	1443.797607
1.64271703357204,	1383.448975
1.64289822865668,	1370.151611
1.64307959652643,	1426.567627
1.64326087160719,	1408.404053
1.64344218669123,	1469.645386
1.64362367468808,	1534.097656
1.64380506984772,	1642.247925
1.6439865050504,	1680.721924
1.64416811329373,	1680.326172
1.64434976166536,	1657.272461
1.64453131713546,	1766.909546
1.64471304577422,	1751.934326
1.64489481458119,	1746.6698
1.64507649043834,	1725.238525
1.64525833959228,	1721.598999
1.64544009576419,	1777.758423
1.64562202531839,	1916.295044
1.64580386185832,	1961.074219
1.64598587186611,	1979.991943
1.64616792213544,	2119.997314
1.64634987934214,	2205.052246
1.64653201014516,	2233.581787
1.64671418124981,	2316.956055
1.64689639266949,	2303.504883
1.64707850877417,	2272.320068
1.64726093431915,	2176.656006
1.64744313324903,	2201.934082
1.64762550603263,	2222.36499
1.64780791919822,	2202.506348
1.64799037275921,	2227.759766
1.64817286672902,	2186.973145
1.64835540112108,	2302.380859
1.64853797594882,	2293.789062
1.64872059122567,	2246.578125
1.64890324696509,	2308.79541
1.64908594318052,	2115.22583
1.64926867988541,	2143.67334
1.64945145709323,	2032.230469
1.64963427481744,	2092.831543
1.64981726697128,	2095.55127
1.65000003186895,	2152.895264
1.65018310518237,	2128.292725
1.6503659511478,	2124.578125
1.65054910567479,	2055.039551
1.65073216681026,	2080.23584
1.65091526855656,	2087.768066
1.65109854503505,	1963.738647
1.65128172807336,	1988.93811
1.65146495176309,	1897.0625
1.65164821611776,	1822.865723
1.65183165537787,	1884.945557
1.65201500113288,	1789.954346
1.65219838759348,	1973.770996
1.65238194908962,	1954.083618
1.65256541703193,	2089.734375
1.6527490600966,	2154.878906
1.65293260957493,	2247.202148
1.65311633426252,	2277.073975
1.65329996533123,	2319.730225
1.6534836372006,	2277.595703
1.65366748440968,	2307.438721
1.65385137250645,	2370.8396
1.65403516691922,	2459.783203
1.65421913680233,	2377.706787
1.65440301296888,	2383.533936
1.65458706469292,	2430.884277
1.65477115737289,	2527.712646
1.65495515628739,	2549.463623
1.65513933089025,	2464.27002
1.65532341169503,	2423.794922
1.65550780310052,	2389.719727
1.65569196588025,	2406.697266
1.65587630452306,	2401.343506
1.65606068421761,	2214.26001
1.65624497003244,	2283.860596
1.6564295690295,	2238.704346
1.65661393474358,	2195.162354
1.65679848096592,	2137.307373
1.65698306609542,	2160.684326
1.65716769235903,	2147.436768
1.65735222464485,	2110.322998
1.6575370683436,	2089.137939
1.65772168290617,	1964.564575
1.65790647381366,	1964.098511
1.65809144117026,	2001.792114
1.65827617925118,	2090.335205
1.65846109380878,	2127.980469
1.65864618494738,	2262.528076
1.65883118203754,	2458.962158
1.6590162203996,	2439.321045
1.65920130004738,	2516.540283
1.65938642099469,	2493.719971
1.65957171874315,	2615.324463
1.65975678684321,	2573.451904
1.65994216732039,	2571.254395
1.6601274536344,	2707.025635
1.66031278131716,	2817.364746
1.66049815038249,	2726.345703
1.6606836965137,	2667.063477
1.66086914841611,	2704.453613
1.66105477747277,	2732.322021
1.66124017650741,	2706.335449
1.66142588851479,	2864.012207
1.66161150622766,	2882.325195
1.66179730127174,	2777.198242
1.66198300198843,	2793.940674
1.66216874421272,	2663.577148
1.66235466390111,	2588.621582
1.66254048921276,	2667.052979
1.66272649207719,	2658.515625
1.66291240053196,	2624.699219
1.66309848885882,	2818.39209
1.66328448051303,	2964.609131
1.66347064989758,	3008.117432
1.66365672480658,	2977.406494
1.66384297753482,	2878.842285
1.66402927197113,	2720.363281
1.66421547188243,	2653.458008
1.66440184974642,	2566.081055
1.66458826936053,	2437.748291
1.6647747307388,	2418.250488
1.66496123389525,	2412.946289
1.66514764244415,	2535.274902
1.66533422916855,	2678.023926
1.66552072125235,	2790.781006
1.66570752809237,	2923.953369
1.66589410379782,	3053.913818
1.66608085785729,	2998.102783
1.66626765379337,	3135.850098
1.66645435500618,	3183.867432
1.66664137135166,	3307.350098
1.66682815856741,	3449.641602
1.66701525882655,	3695.612305
1.66720212762097,	3834.599609
1.66738931184975,	4228.051758
1.6675764013173,	4528.638184
1.66776339594566,	4700.305664
1.66795070623495,	4904.861816
1.66813778482323,	4674.518066
1.6683251792236,	4474.100098
1.66851234182836,	3996.076172
1.66869982039649,	3606.119629
1.66888720408744,	3333.962646
1.66907462986695,	3071.342285
1.66926209774921,	2898.190918
1.66944960774841,	2721.988037
1.66963729701502,	2663.370361
1.66982489357014,	2542.128174
1.67001253003667,	2406.850098
1.67020020867697,	2382.791748
1.67038806676489,	2089.531494
1.67057582982624,	2013.921021
1.67076363510405,	1850.737671
1.67095161996482,	1865.936035
1.67113950974915,	1762.286133
1.67132744179268,	1808.764648
1.67151555355467,	1744.251343
1.67170357019031,	1642.266968
1.67189176663484,	1687.178101
1.67207986791971,	1564.952026
1.67226814910397,	1578.630859
1.672456337351,	1461.172241
1.67264456570197,	1510.765381
1.67283297408818,	1463.593994
1.67302128723143,	1455.44397
1.67320991822436,	1361.520508
1.67339831624821,	1319.095825
1.6735868944887,	1243.955811
1.67377537741951,	1240.541138
1.67396404065776,	1280.754639
1.67415274643199,	1194.773315
1.67434135684643,	1088.587524
1.67453014770466,	998.022156
1.67471898340387,	933.962402
1.67490772143184,	896.389221
1.6750966400401,	897.730347
1.67528546320501,	892.848877
1.67547460513813,	981.276428
1.67566365165677,	1009.026672
1.67585260268187,	1052.307129
1.6760417345151,	1111.106812
1.67623090904288,	1205.611572
1.67642012627967,	1169.597778
1.67660938623994,	1009.370972
1.67679855062293,	957.896301
1.67698803665676,	898.685547
1.67717742487482,	848.81366
1.67736671746531,	888.946228
1.67755632966964,	907.345276
1.6777458462754,	845.101807
1.67793526720326,	830.946594
1.67812486944205,	761.001648
1.6783145145348,	694.189331
1.67850434109277,	669.236206
1.67869407196833,	659.782898
1.67888384574146,	599.236389
1.67907366470032,	619.217102
1.67926352431275,	606.687073
1.67945356561997,	563.217041
1.67964351116082,	513.580078
1.67983363848844,	473.246307
1.6800235311683,	539.618591
1.68021374454328,	556.49292
1.68040386208466,	540.904846
1.68059402265482,	599.48761
1.68078422854662,	668.855042
1.68097461422368,	681.04895
1.68116504303633,	710.22052
1.68135537593124,	705.419067
1.68154589102755,	629.631958
1.68173631017243,	536.909912
1.68192677244851,	549.120605
1.68211741706454,	524.314941
1.68230796567856,	553.481812
1.6824985574678,	544.100525
1.68268933401908,	485.412018
1.68288001223486,	537.676331
1.68307087302182,	520.604248
1.68326177710596,	529.718262
1.68345272450199,	491.103088
1.6836435757779,	544.854736
1.68383447033192,	593.964172
1.68402554768884,	643.049927
1.68421667070421,	762.861206
1.6844078348182,	824.183838
1.68459904233262,	823.985352
1.68479015362547,	826.860779
1.6849814479534,	900.415894
1.68517264602592,	858.72229
1.68536402722649,	867.730286
1.68555545190145,	878.269348
1.68574692235733,	904.15387
1.68593843402604,	976.066711
1.6861299892136,	917.527161
1.68632158793484,	816.06488
1.68651323020462,	809.733887
1.68670477608345,	808.005493
1.68689664544917,	749.5625
1.68708827843568,	706.472412
1.68728009731219,	746.136841
1.68747209759783,	706.131714
1.68766400147138,	701.36731
1.68785594899755,	672.109131
1.68804780001393,	685.722717
1.68823983485812,	598.332397
1.68843191339963,	540.052063
1.68862417592638,	504.742737
1.68881634423928,	474.037842
1.68900855399472,	432.64624
1.68920094787604,	357.649414
1.68939324519245,	356.035034
1.68958544586301,	351.366058
1.68977797120103,	332.953491
1.68997039992313,	277.903229
1.69016287478081,	262.570404
1.69035553174287,	239.613937
1.69054809203795,	230.401047
1.69074069620982,	250.176453
1.69093334427349,	216.563858
1.69112617693296,	230.2341
1.6913189128573,	198.166885
1.69151183577909,	202.690979
1.69170465962477,	213.307358
1.69189766825474,	188.883713
1.69209058008139,	184.269379
1.69228353590504,	156.819489
1.69247667665455,	164.392319
1.69266972054953,	152.178299
1.69286295177594,	161.269989
1.6930562248134,	161.230988
1.69324940094509,	179.440125
1.69344262116424,	167.234238
1.69363602659286,	189.99292
1.69382947620359,	165.633743
1.69402282884017,	186.862564
1.6942163691431,	167.072418
1.69440995135928,	188.290588
1.69460343654999,	166.991547
1.69479710723446,	160.880157
1.69499082219197,	182.084396
1.69518444007264,	192.659317
1.69537838730483,	163.796585
1.69557209374338,	184.984665
1.69576598591313,	218.289673
1.69595992243188,	207.628052
1.69615390331486,	195.456421
1.69634778701814,	199.953461
1.69654199823442,	199.904999
1.69673611462317,	198.342499
1.69693013145955,	217.972488
1.69712447604909,	222.459641
1.69731872343794,	237.535355
1.69751287354406,	226.889587
1.69770720985762,	246.493561
1.69790159299757,	261.552429
1.69809601832993,	237.305038
1.69829048819436,	234.225204
1.69848500260618,	202.442352
1.69867956158067,	209.945221
1.69887416513316,	182.71373
1.69906895762073,	190.217712
1.69926365040828,	190.171555
1.69945838781982,	197.670044
1.69965316987071,	173.485016
1.69984799657629,	168.918304
1.70004286795192,	176.416458
1.7002379285534,	153.761627
1.70043288934839,	159.752686
1.70062789485955,	153.686951
1.70082294510227,	176.245148
1.70101818243165,	140.058273
1.70121346692269,	164.114441
1.70140865151837,	156.548203
1.70160388090725,	139.956207
1.7017992975752,	157.976669
1.70199461662946,	136.879837
1.70218998052321,	141.357986
1.70238553417772,	144.330505
1.70258098783008,	148.804657
1.70277662900242,	106.692543
1.70297217247472,	118.685364
1.70316790356351,	126.166405
1.70336353691768,	126.135719
1.70355936032533,	103.586281
1.70375522642201,	99.058426
1.70395099473217,	102.035362
1.70414695090042,	109.511307
1.70434280924753,	95.986549
1.70453871496308,	94.463768
1.70473480633932,	103.435127
1.70493094283774,	91.420395
1.70512698144573,	77.913162
1.70532320820233,	80.890121
1.70551948247365,	92.851227
1.70571579958422,	101.812035
1.705912018735,	74.843552
1.70610842622846,	86.797379
1.70630487895327,	89.768517
1.70650137692504,	76.284645
1.70669792250847,	83.743126
1.70689451102163,	79.237572
1.70709100147081,	83.702309
1.70728768055438,	83.681908
1.7074845483871,	77.685692
1.70768132052154,	61.237244
1.70787799217125,	73.168129
1.70807499617336,	77.628876
1.70827190207332,	77.609947
1.70846870978756,	64.161804
1.70866570883185,	68.621468
1.70886275095724,	82.02739
1.7090598385334,	70.079033
1.70925711529793,	55.15514
1.70945415010091,	76.006096
1.70965152026915,	61.088028
1.70984864601802,	78.948181
1.71004610493918,	68.504333
1.71024346558418,	55.08786
1.71044087179019,	75.913376
1.71063832593291,	56.549095
1.71083582330886,	81.827385
1.71103351031395,	77.345177
1.7112310989557,	59.481762
1.71142887968688,	68.387314
1.71162655965828,	65.397972
1.71182442945527,	69.839851
1.71202205663183,	60.909241
1.71222001788624,	72.776184
1.71241802729131,	46.030819
1.71261579155925,	60.86459
1.71281389015265,	69.754547
1.71301189022551,	56.383503
1.71321008046843,	54.886303
1.71340831894422,	65.254234
1.71360631202573,	56.342148
1.71380478433373,	63.739994
1.71400301357945,	51.868698
1.71420128868732,	68.15361
1.71439975663155,	62.211987
1.71459826816698,	54.792385
1.7147966810243,	75.506157
1.7149951398075,	56.24572
1.71519379162701,	66.590469
1.7153924870994,	54.738758
1.71559122861261,	57.683487
1.71578987136002,	36.967541
1.71598870496933,	47.306862
1.71618744215298,	59.119095
1.71638651284629,	63.53746
1.71658533981383,	66.476402
1.71678435784164,	67.937012
1.71698342439987,	76.779541
1.71718253475026,	76.760727
1.71738154619431,	76.741913
1.71758074889731,	84.100327
1.71778000019721,	84.079712
1.71797929535134,	88.483261
1.71817863675489,	98.782089
1.71837802442397,	91.387871
1.71857745837468,	78.102737
1.71877694100555,	78.08358
1.71897646756843,	76.591515
1.71917589506654,	79.51783
1.71937565970035,	66.248604
1.7195753276863,	89.781624
1.71977503966661,	85.345192
1.71997479804153,	70.613167
1.72017460282722,	63.242104
1.72037445642671,	57.345039
1.72057435408303,	57.330959
1.72077429819868,	61.725876
1.72097428878985,	80.811653
1.72117432826182,	70.509216
1.7213745576201,	64.617577
1.72157468776956,	80.752129
1.72177486445942,	89.539452
1.72197523596584,	76.309959
1.72217550581972,	95.364014
1.72237582226274,	95.340584
1.72257633128166,	99.716408
1.72277674098573,	99.691895
1.72297719972183,	108.461571
1.72317770271866,	109.900246
1.72337839849247,	134.777817
1.72357899488068,	108.381592
1.72377964036833,	111.283455
1.72398047638825,	137.606216
1.72418121296944,	121.473473
1.72438214257944,	133.148987
1.72458297511381,	115.562447
1.72478399837988,	130.158569
1.72498492213633,	128.664444
1.7251858927103,	130.094528
1.72538705896618,	178.287918
1.7255882697404,	166.555908
1.72578952744959,	167.975555
1.72599068556042,	179.616577
1.72619203955766,	189.791916
1.7263934381367,	176.608978
1.7265947370641,	198.453766
1.72679608294022,	205.699188
1.72699762490752,	221.692017
1.72719921152019,	196.848999
1.72740069841011,	218.667221
1.72760238154502,	252.134048
1.72780410937307,	250.614853
1.72800588431712,	244.726273
1.72820755946725,	257.773041
1.72840943106773,	244.605621
1.72861149442026,	262.012848
1.72881331096463,	237.208679
1.72901532170274,	245.879639
1.72921738206747,	272.000916
1.72941948725304,	280.658966
1.72962163968689,	315.48172
1.72982383938561,	316.857361
1.73002608877947,	305.154266
1.73022823578798,	338.492371
1.73043072465157,	326.789642
1.73063311599154,	304.928375
1.7308354048909,	320.821625
1.73103803590193,	287.361969
1.73124056692041,	300.349731
1.73144314775426,	291.57193
1.73164577358536,	346.609344
1.73184844684745,	320.42572
1.7320513151379,	323.245636
1.73225393815116,	317.36911
1.73245675380676,	320.188324
1.73265976464444,	309.970001
1.73286267776827,	311.341492
1.7330656360021,	292.443909
1.73326878957195,	272.108246
1.73347184295264,	286.511261
1.73367494633843,	271.973724
1.73387824279103,	264.674927
1.73408143900074,	290.636658
1.73428468284188,	261.652863
1.73448797675735,	265.923859
1.73469146394312,	221.066788
1.73489485081431,	258.569702
1.73509828781187,	202.183258
1.73530191823255,	229.565598
1.73550544828485,	219.404633
1.73570917429073,	216.464142
1.73591280232248,	207.75415
1.73611662398144,	216.356995
1.7363203452002,	211.977371
1.73652426501092,	207.599884
1.73672808191421,	201.783249
1.73693209508098,	194.528519
1.73713615861775,	200.242722
1.73734011919142,	158.426208
1.73754412766555,	159.826843
1.73774833261015,	158.347717
1.73795258799466,	165.504318
1.73815674034181,	148.197571
1.73836108931493,	152.476212
1.73856548878046,	158.190811
1.73876993388076,	138.023209
1.73897427830695,	146.613312
1.73917881956671,	140.828842
1.73938341138903,	120.680504
1.7395880489117,	116.341629
1.73979258568813,	119.184692
1.73999747088561,	123.461937
1.74020225292983,	101.902596
1.74040693417366,	96.137749
1.74061181505851,	109.024712
1.74081674174234,	84.6166
1.74102156757159,	84.595604
1.74122659075488,	90.308479
1.74143181386025,	70.222488
1.74163693368205,	75.936081
1.74184210183086,	90.241234
1.74204732077112,	70.170197
1.74225258562578,	61.562634
1.74245774949927,	62.978676
1.74266311354148,	55.808144
1.74286867297753,	58.655525
1.74307398198344,	50.059349
1.74327963836631,	51.476822
1.74348519619937,	35.738911
1.74369080006263,	51.451237
1.74389645242408,	31.434608
1.7441023053955,	38.569248
1.7443080548407,	34.275253
1.7445138528356,	51.400093
1.74471970185228,	37.11306
1.74492574678157,	32.822617
1.74513169056469,	42.80146
1.74533768542293,	39.938095
1.74554372646088,	44.206177
1.74574981615178,	27.087366
1.745956106931,	39.908291
1.74616229401553,	31.348711
1.74636867983541,	37.039257
1.74657496438205,	41.302731
1.74678130012862,	32.749184
1.74698783230864,	42.705692
1.74719426316091,	32.73288
1.74740089547475,	35.570354
1.74760742396262,	46.941177
1.74781415155531,	38.396851
1.74802093052632,	31.27853
1.74822760561499,	24.163752
1.74843432958139,	25.578773
1.74864125533015,	31.255156
1.74884822759718,	34.088036
1.74905509837261,	21.299711
1.74926202056288,	28.392536
1.74946913981444,	28.385458
1.74967630811921,	24.121624
1.74988337732888,	28.371305
1.75009064375728,	29.782442
1.75029795929119,	35.446445
1.75050517567701,	22.680067
1.75071258943918,	25.508709
1.75092005235923,	21.251955
1.75112756692759,	14.164434
1.75133512821645,	24.07353
1.75154258779467,	25.483259
1.75175024996063,	21.230749
1.75195795889783,	18.39539
1.75216571709788,	18.390797
1.75237337599062,	19.800528
1.75258138383377,	15.553673
1.75278913879235,	19.79064
1.75299724783391,	19.785698
1.75320510140495,	18.367844
1.75341315551586,	19.775814
1.75362126149249,	8.473231
1.75382941439302,	9.882966
1.75403761671446,	18.349493
1.75424587095616,	14.111467
1.75445417217281,	31.037468
1.75466267432231,	18.335737
1.75487107702356,	11.280709
1.75507937521982,	18.326571
1.75528787443782,	9.865685
1.7554965772885,	15.499343
1.75570517564938,	21.13018
1.75591382358989,	19.716568
1.7561225236148,	14.079741
1.75633142251557,	23.929569
1.75654021933779,	19.701773
1.75674906829928,	4.220752
1.75695796444064,	11.252522
1.75716691275789,	18.280771
1.75737606021718,	9.841027
1.75758510550604,	18.271618
1.75779420302578,	22.482515
1.75800349984755,	18.262468
1.75821269444368,	12.640081
1.75842194132579,	16.84922
1.75863138767008,	12.63375
1.75884073173352,	15.437381
1.75905012813808,	18.239607
1.75925972416519,	21.040426
1.75946937014622,	14.023436
1.75967891626984,	15.421912
1.75988850981395,	1.401641
1.7600983056919,	11.210314
1.76030815409418,	18.212193
1.76051789756976,	15.406452
1.76072784604195,	11.201882
1.76093768954932,	5.599536
1.76114773566168,	16.794395
1.76135783439088,	15.391001
1.76156782809807,	13.988309
1.7617780245732,	20.977198
1.76198812099438,	11.185032
1.76219841778912,	16.773336
1.76240876478853,	12.576844
1.7626190116803,	13.970764
1.76282945910711,	25.141062
1.76303980639048,	9.774625
1.76325050726193,	16.752291
1.76346110551926,	13.956737
1.76367160357936,	12.557908
1.76388230244411,	15.344699
1.76409305165758,	12.5516
1.76430385374814,	15.336989
1.76451470371383,	12.545293
1.76472545088113,	9.754998
1.76493640414618,	12.538988
1.7651474053388,	12.535836
1.76535845950185,	9.747643
1.76556956162746,	15.313874
1.76578071424642,	15.310024
1.76599191989196,	16.697643
1.76620317355261,	13.911204
1.76641447776098,	15.298475
1.76662583505216,	9.732944
1.76683724041105,	16.680849
1.76704869889026,	22.235537
1.76726020547233,	15.283085
1.76747176269295,	18.057281
1.76768352680554,	8.332032
1.76789518539523,	12.494903
1.76810674088913,	11.103784
1.76831865719403,	9.713365
1.76853046791843,	22.196386
1.76874248581314,	12.482323
1.76895439808891,	9.706028
1.769166361149,	18.020939
1.76937837753642,	5.543508
1.76959044222054,	16.626333
1.76980256026975,	15.236965
1.77001488077204,	12.463466
1.77022709806595,	12.460324
1.77043936878165,	11.073052
1.77065184211449,	13.837826
1.77086421471199,	16.601206
1.7710767900361,	15.213934
1.77128926205852,	4.148209
1.77150194197757,	12.441486
