1.53098129113823,	20.754446
1.53113694216787,	26.414749
1.53129285744476,	9.431756
1.5314485718364,	9.429674
1.5316044332987,	11.31311
1.53176032838165,	20.736122
1.53191636875681,	16.962172
1.53207232735045,	22.611233
1.53222831580911,	15.070826
1.53238422241238,	24.484682
1.53254038993204,	15.064168
1.53269647561649,	18.82605
1.53285259120325,	18.82189
1.53300874049137,	13.172411
1.53316491970046,	20.694927
1.5333212482888,	28.214119
1.53347749118269,	15.044204
1.53363376781842,	16.920988
1.53379019014091,	5.639082
1.53394653052067,	5.637836
1.53410290087749,	7.515452
1.53425941891756,	13.149132
1.5344158549745,	16.902288
1.53457243688311,	9.388083
1.53472893678165,	18.772013
1.53488558259791,	18.76786
1.53504214637714,	28.145561
1.53519885614017,	16.8836
1.53535548383921,	15.004323
1.53551225758818,	5.625376
1.53566906525832,	11.248262
1.5358257870203,	11.245772
1.53598254267645,	5.621641
1.53613944451493,	20.608122
1.53629638031537,	5.619153
1.53645334628121,	18.72636
1.53661034622944,	18.722214
1.53676726018382,	7.487227
1.53692432429544,	14.971137
1.53708130238461,	26.193686
1.53723854694832,	13.093942
1.53739558923536,	14.961189
1.53755278181557,	14.957874
1.53771012095752,	14.954559
1.53786726152232,	22.426868
1.53802454866781,	9.342458
1.53818186989811,	11.208464
1.53833922140734,	16.808969
1.53849660702192,	3.734498
1.53865402293441,	13.067846
1.53881158946021,	5.599264
1.53896895332809,	14.928059
1.53912646782985,	16.790342
1.53928401266753,	11.191078
1.5394417082551,	5.594298
1.53959920103195,	11.186114
1.53975696120987,	16.775448
1.53991475180958,	13.044676
1.54007234330858,	11.17867
1.54023019855742,	18.626982
1.54038797135679,	11.173708
1.54054589131845,	5.585614
1.54070372880346,	13.030207
1.54086171351773,	22.332539
1.54101961572817,	14.885053
1.54117754838897,	1.860219
1.5413355153407,	0
1.54149362965575,	13.015747
1.54165166141257,	5.576938
1.54180984059982,	29.737064
1.54196793720162,	13.007075
1.54212606431121,	20.435148
1.54228434278769,	20.430609
1.54244265183916,	14.855323
1.5426008782507,	1.856503
1.54275936938014,	11.13654
1.54291754367064,	22.268129
1.54307609988029,	18.55265
1.54323445628556,	14.83882
1.5433929604575,	22.253283
1.54355149911383,	14.832223
1.54371006842216,	24.097002
1.54386855498143,	7.412813
1.5440271894422,	14.82233
1.5441858584291,	12.966653
1.54434456002997,	11.111802
1.5445032923311,	5.554665
1.54466205918971,	5.553429
1.54482085676791,	14.805849
1.54497968892452,	20.353512
1.54513843437278,	12.949352
1.54529744931496,	14.795965
1.54545637756815,	11.094504
1.54561534044166,	9.243361
1.54577433409285,	16.634348
1.54593336238533,	9.239246
1.54609242147489,	1.847438
1.54625151522673,	12.929185
1.54641063979507,	24.005995
1.54656991671167,	7.384815
1.54672899106358,	20.303717
1.54688833163956,	16.608431
1.54704758924117,	12.91479
1.54720699546984,	12.911913
1.54736631869672,	3.688296
1.54752567280819,	9.218684
1.54768517951138,	18.43326
1.54784448144916,	20.272066
1.54800417176638,	7.370017
1.54816365728913,	20.263027
1.54832317761107,	14.733461
1.54848284876608,	20.253992
1.54864243294204,	5.522584
1.54880216995378,	11.042705
1.54896181995739,	18.400404
1.54912162286661,	12.877409
1.5492813387386,	9.196097
1.5494412075861,	12.871664
1.54960098936725,	12.868792
1.54976092419383,	22.055862
1.54992077192494,	9.187892
1.55008077277147,	14.697346
1.5502408066557,	14.694065
1.55040087164937,	14.690784
1.55056085336627,	9.17969
1.55072098446091,	22.026339
1.55088115057311,	11.01071
1.55104134783412,	12.842959
1.55120158013399,	23.845884
1.55136184554329,	14.671112
1.55152214213097,	14.667835
1.55168247378951,	12.831489
1.55184283664616,	20.159262
1.55200311610184,	-5.496752
1.55216354524408,	21.982096
1.55232400949989,	21.977182
1.55248462356003,	20.141247
1.55264503562172,	18.306131
1.55280559945206,	10.981224
1.55296631318999,	12.808563
1.55312682481442,	5.488157
1.55328760505565,	9.144883
1.55344830182055,	0
1.55360902989242,	7.312634
1.55376991193733,	16.449747
1.55393070851788,	18.273409
1.55409153643516,	23.750116
1.55425239959461,	9.132616
1.55441341297217,	20.087261
1.55457434277649,	12.779942
1.55473542481742,	12.777081
1.55489641935869,	18.248888
1.5550574491959,	27.367205
1.55521851043948,	20.064791
1.55537972600985,	16.412971
1.55554085402186,	14.586041
1.55570213643157,	21.874163
1.55586333320572,	25.514141
1.55602468054415,	12.754213
1.55618594417063,	18.216225
1.55634735843077,	14.569715
1.55650880813334,	7.283226
1.55667017017467,	18.203983
1.55683156763063,	3.639981
1.55699311781418,	10.917496
1.55715469957344,	7.2767
1.55731631682931,	18.187672
1.55747784635033,	18.183594
1.55763953069552,	18.179518
1.55780136799382,	16.357897
1.55796299815766,	0
1.55812478325259,	14.533834
1.55828659999356,	18.163218
1.55844845230717,	21.790972
1.55861021874182,	14.524056
1.5587721363321,	21.781199
1.55893420908156,	10.888156
1.55909607441964,	27.214281
1.5592580949387,	21.766541
1.5594202687639,	21.761656
1.55958223505886,	18.130644
1.55974435664209,	23.564545
1.55990650997218,	12.685753
1.5600688187119,	21.742123
1.56023092172592,	19.925806
1.5603931762451,	14.488241
1.56055558628144,	21.727482
1.56071790833744,	14.481734
1.56088026612978,	21.717722
1.56104277758255,	18.094038
1.56120520101059,	9.044987
1.56136766020785,	10.851545
1.56153015125324,	21.698214
1.56169279806714,	19.885559
1.56185535876434,	9.03686
1.56201795134014,	3.613931
1.56218069979238,	14.452477
1.56234336208467,	18.061535
1.56250605628608,	19.863222
1.56266890647194,	21.664097
1.56283166848489,	16.244419
1.56299458655438,	16.240767
1.56315741839182,	7.216495
1.56332040241688,	5.411154
1.56348342240419,	12.623186
1.56364647639385,	9.014533
1.5638094421215,	16.222509
1.56397256412229,	5.406286
1.56413559783133,	14.41352
1.5642987878858,	14.410276
1.56446201199585,	14.407033
1.56462526819791,	23.406158
1.56478843999719,	9.000342
1.56495164583377,	21.595959
1.56511500424661,	17.99258
1.56527839874343,	14.390823
1.56544182538354,	16.186029
1.56560540870913,	28.768684
1.5657687850171,	14.381103
1.56593231407851,	16.175097
1.56609587927943,	16.171452
1.56625947865343,	10.778539
1.56642311023245,	10.776111
1.56658665725384,	10.773683
1.56675035720613,	19.747299
1.56691409335356,	30.511675
1.56707798453389,	23.327198
1.56724178718981,	26.909931
1.56740562607432,	8.967955
1.56756949921773,	17.931866
1.56773340464868,	14.342257
1.56789746727432,	19.716156
1.56806132232588,	28.671579
1.56822545161184,	19.707264
1.5683894962355,	23.285149
1.5685535751826,	30.442942
1.56871768647935,	23.274645
1.56888195518978,	16.109579
1.56904613719682,	25.05369
1.56921047271986,	21.469746
1.56937472349579,	12.521192
1.56953912785923,	32.190083
1.56970344744727,	28.606947
1.5698678014451,	17.875305
1.57003230913778,	19.658396
1.5701967320126,	16.080511
1.57036118932966,	16.07688
1.57052580044903,	33.932411
1.57069044807189,	30.353722
1.57085500883107,	28.561756
1.57101972350015,	28.555304
1.57118435326635,	19.627335
1.57134901753982,	16.055099
1.57151383583086,	30.319447
1.57167869069309,	19.614033
1.57184358014614,	19.609598
1.57200838064037,	7.129151
1.5721733392818,	19.600735
1.57233845416537,	24.940748
1.57250335845186,	26.716188
1.57266842099605,	30.271502
1.5728333965012,	19.583012
1.57299864806855,	19.578583
1.57316381461371,	23.133091
1.5733288940759,	30.244122
1.57349412798766,	21.343962
1.57365939860652,	7.113044
1.57382470394714,	14.22287
1.57399004202253,	31.994215
1.57415541683909,	24.878757
1.57432082641026,	23.096474
1.5744862687478,	14.209997
1.57465174786065,	21.310171
1.57481726176098,	23.080791
1.57498280845933,	12.425304
1.5751485140209,	24.844982
1.57531401029539,	21.290874
1.5754797835584,	15.96454
1.5756454715857,	31.921846
1.5758111944664,	19.503376
1.57597707239069,	17.726324
1.57614286503646,	35.444618
1.57630869256865,	5.315488
1.57647455299401,	30.114271
1.57664045033164,	17.710262
1.57680650489957,	24.788748
1.57697259444951,	26.55335
1.57713859462419,	17.698221
1.5773047541451,	17.694208
1.57747082626726,	24.766273
1.57763693135688,	28.297895
1.577803073439,	22.986824
1.57796937300919,	19.445978
1.57813570563037,	5.302246
1.57830207533015,	28.272228
1.57846823497398,	22.965973
1.57863467278669,	26.493187
1.57880114771255,	26.487175
1.57896765775334,	26.481165
1.57913420292017,	22.945133
1.57930065851463,	29.998363
1.57946715121662,	21.170507
1.57963380177607,	29.984743
1.5798006082691,	26.45112
1.57996720640453,	28.20812
1.58013396250853,	26.439108
1.58030062894895,	17.622068
1.58046757832506,	29.950712
1.5806344400739,	21.136875
1.58080133706013,	21.132074
1.5809681443219,	33.451515
1.58113511179003,	26.40309
1.58130211452905,	31.676508
1.58146915053317,	26.39109
1.58163622384709,	24.626085
1.58180333246545,	36.930733
1.58197047438119,	10.549239
1.58213765364158,	31.64052
1.58230486824,	29.875919
1.58247211818766,	22.841095
1.58263952469322,	26.349117
1.58280684539861,	24.586916
1.58297420148689,	12.290661
1.58314159094804,	21.064911
1.58330901783534,	21.06012
1.58347648013922,	35.092213
1.58364410124481,	33.330017
1.58381150901872,	31.568619
1.5839793244916,	28.054607
1.58414680517378,	36.81329
1.58431456620908,	21.031378
1.58448224130002,	15.769941
1.58464995188632,	21.021801
1.58481782153611,	22.768433
1.5849857247302,	28.016304
1.58515354192217,	17.506203
1.58532151829003,	24.503101
1.58548940457324,	27.997164
1.58565732844635,	36.737907
1.58582528789386,	38.478561
1.58599340666728,	24.480778
1.58616155906122,	22.726971
1.5863297491445,	27.965281
1.58649785108098,	26.211475
1.58666611249367,	27.952534
1.58683428369905,	24.45289
1.58700261648609,	20.954842
1.58717098499071,	20.950064
1.58733938922427,	26.181608
1.58750770318909,	22.685553
1.58767617888791,	29.658957
1.5878446903498,	29.652191
1.58801311149685,	29.645426
1.58818169449227,	34.869015
1.58835043739322,	33.118008
1.58851896788624,	20.911863
1.58868765627217,	27.87612
1.58885638252457,	34.837196
1.58902514461984,	27.863396
1.58919394256942,	15.669582
1.58936277434757,	29.591343
1.58953164403961,	29.584587
1.58970054962025,	27.837959
1.58986949110093,	33.050026
1.59003846645422,	38.259712
1.5902074797689,	22.602848
1.59037652901798,	41.7188
1.5905457386645,	39.971386
1.59071485780261,	26.062338
1.59088401494971,	29.530567
1.59105320807709,	34.733906
1.59122243719623,	31.25337
1.59139182486029,	41.661636
1.59156112602349,	19.090551
1.59173046321294,	38.172375
1.59189983644012,	43.367779
1.59206924367246,	34.686291
1.59223881372589,	31.210524
1.59240841990472,	32.936905
1.59257793745067,	38.128746
1.59274748904611,	55.447311
1.59291720361679,	39.843636
1.59308682950948,	36.370651
1.5932566164083,	39.825405
1.59342643745424,	34.622864
1.59359617182421,	39.807182
1.59376594235878,	36.337368
1.59393587405221,	38.059006
1.594105714928,	31.132059
1.59427571908797,	34.583256
1.59444575951216,	46.676708
1.59461583621217,	46.666019
1.59478582203251,	57.023182
1.59495597129186,	43.189487
1.59512603169246,	56.997063
1.59529637875416,	41.442913
1.59546651175751,	36.254242
1.59563667899968,	50.053913
1.59580713515099,	62.121651
1.5959773771185,	51.75618
1.59614790607258,	44.845078
1.59631821870413,	36.212719
1.59648869512386,	55.16864
1.59665920795902,	46.537868
1.59682975722129,	56.866577
1.59700034292234,	46.516529
1.59717096301663,	53.395618
1.59734162162985,	55.105419
1.59751219117273,	51.649479
1.59768292271847,	34.425087
1.5978538143003,	43.021488
1.5980246188786,	46.452549
1.59819545997754,	48.161961
1.59836633760884,	70.506683
1.59853725178421,	60.17482
1.59870832618642,	48.128807
1.59887918775246,	48.11776
1.599050337416,	46.388618
1.59922152372439,	60.119587
1.59939261878655,	42.932701
1.59956362665893,	51.507412
1.59973492289119,	51.495583
1.59990612989467,	49.767632
1.60007749949561,	46.324738
1.60024877777225,	48.02943
1.60042022078858,	39.443684
1.60059157451538,	48.007362
1.6007629649391,	47.996334
1.60093439207153,	53.126583
1.60110597996672,	61.68121
1.60127748057853,	49.67622
1.60144914409814,	56.515118
1.60162084442778,	47.941196
1.60179258157926,	53.065548
1.60196422724997,	58.187542
1.60213591178124,	41.064114
1.60230775941477,	46.186504
1.60247964391755,	59.85762
1.60265143894822,	49.584908
1.60282339512619,	56.411224
1.60299539028038,	41.016903
1.60316729591673,	52.967976
1.60333936488914,	54.66404
1.60351147080207,	46.112167
1.60368348507736,	54.638878
1.60385566487939,	52.919231
1.60402788165763,	68.267159
1.60420013542399,	49.482296
1.60437242619039,	49.470901
1.60454475189249,	49.459507
1.60471711669429,	54.563438
1.60488951853192,	40.913155
1.6050619574173,	56.24263
1.60523443336239,	56.229671
1.60540694430063,	64.734406
1.60557949440053,	59.610054
1.60575208159599,	52.785309
1.60592457902912,	69.796738
1.60609724042432,	66.376717
1.60627006587542,	59.555119
1.60644279949164,	59.541389
1.60661557234403,	68.031616
1.60678838236384,	69.716324
1.60696122956307,	59.500214
1.60713424101476,	45.88958
1.60730716055275,	59.472771
1.60748011938916,	67.953201
1.60765311545302,	54.350021
1.60782627592685,	61.129665
1.60799934650907,	61.115562
1.60817245435483,	62.798721
1.60834559739006,	78.056068
1.60851890707865,	64.466217
1.60869225412176,	81.412216
1.6088655111965,	71.219246
1.60903880559503,	67.812195
1.60921213524105,	66.101624
1.6093857591575,	71.169922
1.60955916565427,	74.541748
1.60973260952312,	77.91201
1.60990621827588,	76.200668
1.61007986447989,	93.11264
1.61025329094672,	69.395203
1.61042713961636,	62.61047
1.61060077060908,	79.51384
1.61077456668381,	60.890144
1.61094827260557,	72.713081
1.61112214368865,	69.315056
1.61129592249417,	67.60881
1.61146999638128,	91.250793
1.61164385233377,	70.956429
1.61181787360646,	92.897652
1.61199193246398,	69.234962
1.61216602891849,	60.777615
1.61234003509664,	77.642319
1.61251433257031,	69.186928
1.61268841394767,	48.925777
1.61286266088396,	69.154922
1.61303694547821,	65.766289
1.61321126774262,	59.00737
1.61338549963797,	48.880505
1.61356002323115,	72.461212
1.61373445857892,	65.705421
1.61390893164574,	52.215298
1.61408344244386,	55.571156
1.6142579909855,	57.241875
1.61443257728293,	70.694176
1.61460732959383,	79.091827
1.61478186109128,	62.249359
1.61495656072912,	67.281013
1.61513142650049,	68.947067
1.615306201788,	67.24984
1.61548101490489,	55.468266
1.61565599427553,	57.13588
1.61583075467594,	68.883179
1.61600580771636,	73.906281
1.616180772301,	55.416862
1.61635590329987,	77.229836
1.61653081515517,	85.60453
1.61670602202837,	65.447113
1.61688113827817,	63.754192
1.6170564211029,	80.512932
1.61723161116395,	72.109444
1.61740696998916,	80.475594
1.61758223812884,	90.514038
1.61775767300442,	82.114052
1.61793301716339,	77.068771
1.61810839933658,	98.826141
1.61828394836654,	100.477837
1.61845953337893,	80.363617
1.61863502972446,	113.822029
1.61881069304777,	102.081352
1.61898639450315,	118.788414
1.61916200513299,	127.124268
1.61933778286176,	145.490036
1.61951346973384,	150.471985
1.61968932378569,	197.23967
1.61986521391563,	150.4021
1.62004114436785,	185.45282
1.62021711303916,	222.157608
1.62039299077581,	238.805695
1.6205690358946,	238.750198
1.62074511926985,	280.424561
1.62092124091403,	287.034607
1.62109727156112,	221.899597
1.62127346763272,	183.483307
1.62144983346475,	138.414307
1.62162597894618,	145.051147
1.6218022920937,	161.686081
1.62197877300422,	123.319466
1.62215503343286,	118.292511
1.62233146164953,	108.270767
1.6225079282476,	119.902794
1.62268443111615,	106.555466
1.62286097451417,	106.530678
1.6230375563312,	91.528496
1.62321430619615,	88.179665
1.62339096491704,	91.485901
1.62356766209459,	104.768547
1.62374439774137,	91.443314
1.62392117186992,	101.395332
1.62409798449283,	99.709892
1.62427496328084,	91.379456
1.62445185295799,	86.375
1.62462891100963,	81.372871
1.6248057479212,	92.975906
1.62498288313141,	82.994858
1.62515992704086,	84.635033
1.62533713948843,	71.342323
1.62551426060384,	72.984436
1.625691420327,	71.309082
1.62586874871118,	72.950424
1.62604598358381,	67.960686
1.6262232592339,	58.001698
1.62640070366804,	67.929001
1.62657805667575,	66.256744
1.6267555785496,	74.521461
1.62693313917653,	81.126663
1.62711073856924,	67.865662
1.62728824647258,	61.230339
1.62746579311023,	67.834007
1.62764350881953,	51.277161
1.62782126120848,	69.45607
1.62799905456318,	56.213226
1.62817675634979,	56.200108
1.62835462737276,	71.06002
1.62853240679611,	71.043427
1.62871048603386,	56.160763
1.62888834317335,	66.056061
1.62906636971414,	77.597748
1.62924430459222,	69.326477
1.62942253956388,	66.009796
1.62960055226006,	72.593819
1.62977873238066,	62.680016
1.6299569536124,	64.314461
1.63013521382647,	79.137772
1.63031351303565,	69.22937
1.63049185125274,	59.325592
1.63067022849055,	77.434761
1.63084864476188,	70.828011
1.63102710007955,	90.572792
1.63120559445637,	74.087685
1.6313842588296,	80.654396
1.63156270043879,	78.989914
1.63174131207006,	75.680969
1.63192009382225,	77.308121
1.63209878156784,	88.801323
1.63227751059735,	77.271965
1.63245627877592,	69.035393
1.63263508611641,	73.949188
1.63281393263169,	87.075325
1.63299294951738,	78.842224
1.63317187444963,	101.814041
1.63335083859532,	82.088875
1.63352984196734,	68.938515
1.63370901587643,	93.537514
1.63388809776862,	93.515617
1.63406721892586,	82.012039
1.63424651074532,	96.751541
1.63442570834593,	85.252579
1.63460507884611,	95.067139
1.63478435725,	88.490051
1.63496367498359,	103.214211
1.63514316358828,	96.638283
1.63532269160632,	106.440956
1.63550212746447,	101.504509
1.63568173431925,	94.933578
1.63586124898233,	104.729744
1.6360408030529,	103.069176
1.63622052824575,	98.138107
1.63640029292991,	111.197113
1.63658009711839,	112.805908
1.63675994082421,	106.241516
1.63693969224277,	122.557617
1.63711961499341,	101.290535
1.63729957730048,	109.433456
1.63747944511009,	140.433868
1.63765948653971,	133.870651
1.63783956756492,	119.149567
1.63801968819878,	125.648819
1.63819971643371,	114.199387
1.63837991629504,	120.696732
1.63856015580424,	117.407097
1.63874043497439,	138.573059
1.63892075381859,	158.099197
1.63910111234993,	117.324425
1.63928151058152,	140.104599
1.63946194852647,	138.442963
1.63964242619789,	151.437302
1.63982281132651,	125.354126
1.64000350077263,	152.993759
1.64018409770222,	174.111557
1.6403647344108,	148.041397
1.64054541091152,	164.271072
1.64072612721752,	175.614914
1.64090688117053,	182.076355
1.6410876771261,	177.157669
1.64126864544218,	185.240601
1.64144952112967,	207.940552
1.6416304366883,	181.905197
1.64181152473466,	214.33786
1.64199252010435,	219.157623
1.64217355538476,	209.368027
1.64235463058908,	232.035553
1.64253587845098,	219.003006
1.64271703357204,	212.464035
1.64289822865668,	188.091812
1.64307959652643,	152.383362
1.64326087160719,	168.554688
1.64344218669123,	132.867599
1.64362367468808,	149.035889
1.64380506984772,	163.576965
1.6439865050504,	171.634415
1.64416811329373,	148.930649
1.64434976166536,	155.369293
1.64453131713546,	145.624405
1.64471304577422,	174.70813
1.64489481458119,	126.148376
1.64507649043834,	145.52153
1.64525833959228,	150.336807
1.64544009576419,	145.452957
1.64562202531839,	163.192078
1.64580386185832,	150.23056
1.64598587186611,	179.265182
1.64616792213544,	172.764435
1.64634987934214,	153.352829
1.64653201014516,	179.138428
1.64671418124981,	161.347916
1.64689639266949,	172.601562
1.64707850877417,	174.173569
1.64726093431915,	178.969498
1.64744313324903,	212.778397
1.64762550603263,	204.670303
1.64780791919822,	207.844421
1.64799037275921,	196.519653
1.64817286672902,	231.902878
1.64835540112108,	420
1.64853797594882,	400
1.64872059122567,	400
1.64890324696509,	440
1.64908594318052,	450
1.64926867988541,	440
1.64945145709323,	287.792114
1.64963427481744,	305.405518
1.64981726697128,	292.477264
1.65000003186895,	274.735138
1.65018310518237,	276.276489
1.6503659511478,	274.605347
1.65054910567479,	250.457947
1.65073216681026,	253.609009
1.65091526855656,	256.758545
1.65109854503505,	263.115295
1.65128172807336,	250.221252
1.65146495176309,	258.180115
1.65164821611776,	262.928741
1.65183165537787,	227.603973
1.65201500113288,	233.960007
1.65219838759348,	257.935974
1.65238194908962,	238.65448
1.65256541703193,	235.395355
1.6527490600966,	227.334915
1.65293260957493,	225.680557
1.65311633426252,	235.228317
1.65329996533123,	203.176361
1.6534836372006,	190.332794
1.65366748440968,	204.67926
1.65385137250645,	220.617584
1.65403516691922,	204.582352
1.65421913680233,	199.740158
1.65440301296888,	231.643707
1.65458706469292,	201.242722
1.65477115737289,	226.743637
1.65495515628739,	194.761765
1.65513933089025,	191.523575
1.65532341169503,	185.095596
1.65550780310052,	193.028107
1.65569196588025,	170.653824
1.65587630452306,	175.396927
1.65606068421761,	167.384659
1.65624497003244,	172.126266
1.6564295690295,	162.525162
1.65661393474358,	189.567734
1.65679848096592,	202.263809
1.65698306609542,	187.88559
1.65716769235903,	183.065414
1.65735222464485,	152.783569
1.6575370683436,	175.02298
1.65772168290617,	187.707382
1.65790647381366,	168.578491
1.65809144117026,	146.278687
1.65827617925118,	131.9375
1.65846109380878,	141.441574
1.65864618494738,	138.230301
1.65883118203754,	133.432053
1.6590162203996,	122.283676
1.65920130004738,	141.307312
1.65938642099469,	134.924377
1.65957171874315,	139.653244
1.65975678684321,	101.54187
1.65994216732039,	138.000702
1.6601274536344,	130.038727
1.66031278131716,	131.593292
1.66049815038249,	147.412872
1.6606836965137,	163.22493
1.66086914841611,	148.927155
1.66105477747277,	147.3078
1.66124017650741,	142.522049
1.66142588851479,	161.486588
1.66161150622766,	155.116898
1.66179730127174,	153.497574
1.66198300198843,	153.46106
1.66216874421272,	167.659836
1.66235466390111,	169.201279
1.66254048921276,	178.646698
1.66272649207719,	165.959656
1.66291240053196,	180.141907
1.66309848885882,	181.678864
1.66328448051303,	170.579544
1.66347064989758,	214.752747
1.66365672480658,	200.493439
1.66384297753482,	200.445709
1.66402927197113,	183.04068
1.66421547188243,	205.082962
1.66440184974642,	208.188507
1.66458826936053,	209.715729
1.6647747307388,	200.207184
1.66496123389525,	189.12709
1.66514764244415,	193.809082
1.66533422916855,	212.666611
1.66552072125235,	211.041
1.66570752809237,	204.69249
1.66589410379782,	215.662994
1.66608085785729,	214.037781
1.66626765379337,	196.679016
1.66645435500618,	206.070465
1.66664137135166,	190.294525
1.66682815856741,	240
1.66701525882655,	280
1.66720212762097,	290
1.66738931184975,	302
1.6675764013173,	300
1.66776339594566,	299
1.66795070623495,	289
1.66813778482323,	279
1.6683251792236,	270
1.66851234182836,	250
1.66869982039649,	200
1.66888720408744,	123.886665
1.66907462986695,	139.535202
1.66926209774921,	147.339081
1.66944960774841,	126.932083
1.66963729701502,	145.702026
1.66982489357014,	134.703033
1.67001253003667,	129.973038
1.67020020867697,	118.983032
1.67038806676489,	133.041336
1.67057582982624,	136.139191
1.67076363510405,	280
1.67095161996482,	290
1.67113950974915,	310
1.67132744179268,	330
1.67151555355467,	350
1.67170357019031,	345
1.67189176663484,	345
1.67207986791971,	344
1.67226814910397,	330
1.672456337351,	300
1.67264456570197,	300
1.67283297408818,	157.593811
1.67302128723143,	143.516449
1.67320991822436,	116.969116
1.67339831624821,	123.177986
1.6735868944887,	81.059776
1.67377537741951,	104.417404
1.67396404065776,	88.811455
1.67415274643199,	74.770691
1.67434135684643,	73.195442
1.67453014770466,	57.608143
1.67471898340387,	54.48114
1.67490772143184,	48.243168
1.6750966400401,	79.348785
1.67528546320501,	62.219433
1.67547460513813,	55.984074
1.67566365165677,	65.299103
1.67585260268187,	52.848515
1.6760417345151,	62.159824
1.67623090904288,	52.823185
1.67642012627967,	62.130032
1.67660938623994,	35.716202
1.67679855062293,	62.100246
1.67698803665676,	48.11615
1.67717742487482,	43.449329
1.67736671746531,	48.093079
1.67755632966964,	71.346809
1.6777458462754,	41.867428
1.67793526720326,	37.206566
1.67812486944205,	41.847343
1.6783145145348,	44.936363
1.67850434109277,	34.081474
1.67869407196833,	38.719654
1.67888384574146,	30.968288
1.67907366470032,	49.537365
1.67926352431275,	37.144104
1.67945356561997,	47.966286
1.67964351116082,	34.032417
1.67983363848844,	37.117355
1.6800235311683,	34.016071
1.68021374454328,	32.46209
1.68040386208466,	38.636059
1.68059402265482,	30.901423
1.68078422854662,	41.706898
1.68097461422368,	50.962849
1.68116504303633,	37.054981
1.68135537593124,	44.764011
1.68154589102755,	38.580387
1.68173631017243,	33.942581
1.68192677244851,	35.476894
1.68211741706454,	27.757851
1.68230796567856,	37.001568
1.6824985574678,	32.368584
1.68268933401908,	29.27882
1.68288001223486,	15.406199
1.68307087302182,	27.724485
1.68326177710596,	33.877331
1.68345272450199,	29.250654
1.6836435757779,	30.782755
1.68383447033192,	32.314114
1.68402554768884,	29.229542
1.68421667070421,	29.222506
1.6844078348182,	35.366096
1.68459904233262,	38.432156
1.68479015362547,	47.644398
1.6849814479534,	43.023285
1.68517264602592,	27.651165
1.68536402722649,	59.896427
1.68555545190145,	59.882
1.68574692235733,	49.122112
1.68593843402604,	55.249062
1.6861299892136,	49.098442
1.68632158793484,	44.484741
1.68651323020462,	52.141953
1.68670477608345,	33.730778
1.68689664544917,	30.656952
1.68708827843568,	29.117083
1.68728009731219,	24.513737
1.68747209759783,	35.23
1.68766400147138,	32.158764
1.68785594899755,	33.682007
1.68804780001393,	32.143253
1.68823983485812,	30.605236
1.68843191339963,	33.657639
1.68862417592638,	29.060946
1.68881634423928,	29.053932
1.68900855399472,	22.93178
1.68920094787604,	18.340996
1.68939324519245,	19.864616
1.68958544586301,	18.332142
1.68977797120103,	22.909645
1.68997039992313,	24.431053
1.69016287478081,	19.845438
1.69035553174287,	16.788237
1.69054809203795,	19.835852
1.69074069620982,	18.305593
1.69093334427349,	16.776073
1.69112617693296,	9.148375
1.6913189128573,	9.146164
1.69151183577909,	18.287909
1.69170465962477,	13.712616
1.69189766825474,	15.232557
1.69209058008139,	13.705987
1.69228353590504,	9.135116
1.69247667665455,	18.265814
1.69266972054953,	16.739613
1.69286295177594,	18.256981
1.6930562248134,	18.252563
1.69324940094509,	25.851543
1.69344262116424,	16.723423
1.69363602659286,	24.319094
1.69382947620359,	13.67618
1.69402282884017,	22.788118
1.6942163691431,	9.113041
1.69440995135928,	10.629308
1.69460343654999,	13.662945
1.69479710723446,	10.624162
1.69499082219197,	21.243179
1.69518444007264,	25.789042
1.69537838730483,	15.166351
1.69557209374338,	13.64641
1.69576598591313,	13.643105
1.69595992243188,	6.062133
1.69615390331486,	25.757824
1.69634778701814,	24.236782
1.69654199823442,	13.629887
1.69673611462317,	15.140648
1.69693013145955,	12.109583
1.69712447604909,	13.619978
1.69731872343794,	16.642605
1.69751287354406,	18.151167
1.69770720985762,	16.634535
1.69790159299757,	22.677956
1.69809601832993,	18.137964
1.69829048819436,	12.089043
1.69848500260618,	12.08611
1.69867956158067,	21.145561
1.69887416513316,	18.120369
1.69906895762073,	3.019329
1.69926365040828,	6.037192
1.69945838781982,	18.10718
1.69965316987071,	16.594219
1.69984799657629,	13.573792
1.70004286795192,	12.062664
1.7002379285534,	12.059735
1.70043288934839,	19.59231
1.70062789485955,	22.601021
1.70082294510227,	13.55732
1.70101818243165,	13.554026
1.70121346692269,	18.067644
1.70140865151837,	15.052711
1.70160388090725,	12.039244
1.7017992975752,	19.559015
1.70199461662946,	15.04174
1.70218998052321,	12.030467
1.70238553417772,	15.034429
1.70258098783008,	15.030773
1.70277662900242,	13.524406
1.70297217247472,	21.03285
1.70316790356351,	12.015848
1.70336353691768,	9.009694
1.70355936032533,	3.002501
1.70375522642201,	21.012394
1.70395099473217,	19.506762
1.70414695090042,	7.500775
1.70434280924753,	11.998319
1.70453871496308,	8.996549
1.70473480633932,	8.994359
1.70493094283774,	20.98173
1.70512698144573,	-2.99666
1.70532320820233,	16.477617
1.70551948247365,	13.478404
1.70571579958422,	11.977886
1.705912018735,	10.478098
1.70610842622846,	16.461571
1.70630487895327,	19.449844
1.70650137692504,	22.436661
1.70669792250847,	5.981652
1.70689451102163,	11.960388
1.70709100147081,	16.441526
1.70728768055438,	17.931837
1.7074845483871,	10.457689
1.70768132052154,	19.416687
1.70787799217125,	7.466136
1.70807499617336,	17.914356
1.70827190207332,	11.939992
1.70846870978756,	11.937079
1.70866570883185,	5.967084
1.70886275095724,	8.948442
1.7090598385334,	11.928346
1.70925711529793,	11.925435
1.70945415010091,	11.922525
1.70965152026915,	14.899519
1.70984864601802,	5.958353
1.71004610493918,	7.446123
1.71024346558418,	19.355194
1.71044087179019,	10.419483
1.71063832593291,	11.905073
1.71083582330886,	8.926624
1.71103351031395,	5.949629
1.7112310989557,	11.896352
1.71142887968688,	14.866807
1.71162655965828,	10.404222
1.71182442945527,	8.915726
1.71202205663183,	13.370321
1.71222001788624,	5.940913
1.71241802729131,	13.363787
1.71261579155925,	17.814026
1.71281389015265,	11.873115
1.71301189022551,	14.837764
1.71321008046843,	7.417068
1.71340831894422,	11.864407
1.71360631202573,	5.930752
1.71380478433373,	2.964651
1.71400301357945,	16.301592
1.71420128868732,	8.889602
1.71439975663155,	7.406189
1.71459826816698,	19.251379
1.7147966810243,	4.441539
1.7149951398075,	10.361053
1.71519379162701,	16.27767
1.7153924870994,	11.835407
1.71559122861261,	17.748764
1.71578987136002,	7.393508
1.71598870496933,	7.391697
1.71618744215298,	5.91191
1.71638651284629,	10.343307
1.71658533981383,	11.818027
1.71678435784164,	13.292024
1.71698342439987,	10.335708
1.71718253475026,	10.333175
1.71738154619431,	4.427418
1.71758074889731,	8.852666
1.71778000019721,	14.750827
1.71797929535134,	11.797769
1.71817863675489,	-1.47436
1.71837802442397,	7.36999
1.71857745837468,	5.894546
1.71877694100555,	8.83965
1.71897646756843,	16.202051
1.71917589506654,	13.252972
1.71937565970035,	10.305338
1.7195753276863,	10.30281
1.71977503966661,	13.243219
1.71997479804153,	0
1.72017460282722,	13.236719
1.72037445642671,	5.881542
1.72057435408303,	13.230222
1.72077429819868,	11.75731
1.72097428878985,	11.754422
1.72117432826182,	10.282594
1.7213745576201,	13.217231
1.72157468776956,	8.809323
1.72177486445942,	5.871439
1.72197523596584,	8.804996
1.72217550581972,	17.605665
1.72237582226274,	10.267447
1.72257633128166,	8.798506
1.72277674098573,	14.660573
1.72297719972183,	10.259878
1.72317770271866,	10.257357
1.72337839849247,	4.394929
1.72357899488068,	10.252313
1.72377964036833,	13.178304
1.72398047638825,	10.247271
1.72418121296944,	5.854143
1.72438214257944,	8.779055
1.72458297511381,	16.090973
1.72478399837988,	14.624558
1.72498492213633,	14.62096
1.7251858927103,	26.311251
1.72538705896618,	13.152388
1.7255882697404,	16.071184
1.72578952744959,	14.60657
1.72599068556042,	11.68238
1.72619203955766,	13.139441
1.7263934381367,	21.893675
1.7265947370641,	20.429064
1.72679608294022,	18.965172
1.72699762490752,	14.585001
1.72719921152019,	20.413971
1.72740069841011,	14.577815
1.72760238154502,	16.031645
1.72780410937307,	17.484756
1.72800588431712,	17.480448
1.72820755946725,	21.845173
1.72840943106773,	16.015844
1.72861149442026,	7.278134
1.72881331096463,	18.918484
1.72901532170274,	16.004
1.72921738206747,	13.090953
1.72941948725304,	13.087724
1.72962163968689,	21.807491
1.72982383938561,	26.162535
1.73002608877947,	18.890501
1.73022823578798,	18.885839
1.73043072465157,	18.88118
1.73063311599154,	21.7806
1.7308354048909,	21.775223
1.73103803590193,	26.123817
1.73124056692041,	24.666403
1.73144314775426,	17.407278
1.73164577358536,	13.052235
1.73184844684745,	17.398682
1.7320513151379,	20.293447
1.73225393815116,	17.390087
1.73245675380676,	15.936975
1.73265976464444,	20.278412
1.73286267776827,	17.377201
1.7330656360021,	21.716133
1.73326878957195,	10.13169
1.73347184295264,	15.917292
1.73367494633843,	11.573351
1.73387824279103,	20.248356
1.73408143900074,	21.689302
1.73428468284188,	10.119171
1.73448797675735,	13.007146
1.73469146394312,	23.118095
1.73489485081431,	15.889759
1.73509828781187,	12.997495
1.73530191823255,	23.100941
1.73550544828485,	12.991064
1.73570917429073,	18.760225
1.73591280232248,	10.09916
1.73611662398144,	8.65428
1.7363203452002,	20.18832
1.73652426501092,	12.974993
1.73672808191421,	8.647853
1.73693209508098,	14.409519
1.73713615861775,	12.965356
1.73734011919142,	12.962144
1.73754412766555,	8.639289
1.73774833261015,	7.197624
1.73795258799466,	7.19584
1.73815674034181,	14.388114
1.73836108931493,	14.384548
1.73856548878046,	12.942884
1.73876993388076,	20.128386
1.73897427830695,	14.373854
1.73917881956671,	10.059203
1.73938341138903,	15.803399
1.7395880489117,	17.235796
1.73979258568813,	17.231522
1.73999747088561,	17.227247
1.74020225292983,	12.917231
1.74040693417366,	12.914025
1.74061181505851,	15.779893
1.74081674174234,	4.302539
1.74102156757159,	7.169119
1.74122659075488,	8.600807
1.74143181386025,	10.031784
1.74163693368205,	10.029294
1.74184210183086,	11.459204
1.74204732077112,	8.592269
1.74225258562578,	18.611959
1.74245774949927,	10.019335
1.74266311354148,	12.878802
1.74286867297753,	10.014358
1.74307398198344,	10.011869
1.74327963836631,	28.598234
1.74348519619937,	12.866007
1.74369080006263,	8.575207
1.74389645242408,	7.144229
1.7441023053955,	8.570944
1.7443080548407,	15.70949
1.7445138528356,	8.566682
1.74471970185228,	7.137127
1.74492574678157,	15.697774
1.74513169056469,	8.560292
1.74533768542293,	8.558163
1.74554372646088,	12.834051
1.74574981615178,	15.682159
1.745956106931,	9.977073
1.74616229401553,	8.549648
1.74636867983541,	18.519629
1.74657496438205,	8.545393
1.74678130012862,	1.423878
1.74698783230864,	7.117616
1.74719426316091,	12.808517
1.74740089547475,	12.805328
1.74760742396262,	11.379679
1.74781415155531,	12.79895
1.74802093052632,	5.687006
1.74822760561499,	5.685588
1.74843432958139,	4.263129
1.74864125533015,	14.206889
1.74884822759718,	19.884687
1.74905509837261,	7.099904
1.74926202056288,	9.937388
1.74946913981444,	-1.419273
1.74967630811921,	18.445948
1.74988337732888,	12.767088
1.75009064375728,	7.091058
1.75029795929119,	8.507147
1.75050517567701,	7.087521
1.75071258943918,	5.668602
1.75092005235923,	4.250391
1.75112756692759,	15.580878
1.75133512821645,	7.08045
1.75154258779467,	5.662946
1.75175024996063,	12.738449
1.75195795889783,	12.73527
1.75216571709788,	7.073383
1.75237337599062,	11.314588
1.75258138383377,	8.483822
1.75278913879235,	12.722554
1.75299724783391,	11.306112
1.75320510140495,	11.303288
1.75341315551586,	0
1.75362126149249,	9.885436
1.75382941439302,	5.647409
1.75403761671446,	11.291996
1.75424587095616,	12.70032
1.75445417217281,	7.05397
1.75466267432231,	9.873089
1.75487107702356,	11.280709
1.75507937521982,	7.048681
1.75528787443782,	11.275069
1.7554965772885,	12.68128
1.75570517564938,	7.043394
1.75591382358989,	-1.408326
1.7561225236148,	7.03987
1.75633142251557,	7.038109
1.75654021933779,	7.036347
1.75674906829928,	11.255339
1.75695796444064,	4.219696
1.75716691275789,	7.031065
1.75737606021718,	4.217583
1.75758510550604,	12.649582
1.75779420302578,	9.836101
1.75800349984755,	7.024026
1.75821269444368,	14.044535
1.75842194132579,	4.212305
1.75863138767008,	4.21125
1.75884073173352,	12.630585
1.75905012813808,	12.627419
1.75925972416519,	9.818866
1.75946937014622,	11.218748
1.75967891626984,	9.813944
1.75988850981395,	11.213124
1.7600983056919,	9.809025
1.76030815409418,	5.603752
1.76051789756976,	15.406452
1.76072784604195,	0
1.76093768954932,	11.199073
1.76114773566168,	5.598132
1.76135783439088,	11.193456
1.76156782809807,	9.791816
1.7617780245732,	5.593919
1.76198812099438,	9.786902
1.76219841778912,	11.182224
1.76240876478853,	6.987136
1.7626190116803,	2.794153
1.76282945910711,	8.380354
1.76303980639048,	4.189125
1.76325050726193,	16.752291
1.76346110551926,	9.769716
1.76367160357936,	6.976616
1.76388230244411,	13.949726
1.76409305165758,	8.367733
1.76430385374814,	12.548446
1.76451470371383,	9.75745
1.76472545088113,	8.361426
1.76493640414618,	6.966105
1.7651474053388,	9.750094
1.76535845950185,	5.570082
1.76556956162746,	9.745193
1.76578071424642,	8.350923
1.76599191989196,	11.131763
1.76620317355261,	6.955602
1.76641447776098,	9.735394
1.76662583505216,	6.952103
1.76683724041105,	13.900708
1.76704869889026,	9.728047
1.76726020547233,	8.336228
1.76747176269295,	2.778043
1.76768352680554,	4.166016
1.76789518539523,	13.883224
1.76810674088913,	9.715811
1.76831865719403,	9.713365
1.76853046791843,	4.161822
1.76874248581314,	5.547699
1.76895439808891,	1.386575
1.769166361149,	6.931131
1.76937837753642,	5.543508
1.76959044222054,	9.698694
1.76980256026975,	8.311071
1.77001488077204,	6.924148
1.77022709806595,	11.075844
1.77043936878165,	4.152395
1.77065184211449,	9.686479
1.77086421471199,	2.766867
1.7710767900361,	6.915424
1.77128926205852,	11.061889
1.77150194197757,	13.823874
