1.50009,	452.828471111111
1.500174,	443.193833888889
1.500259,	462.38817
1.500344,	398.745151111111
1.500429,	412.162475555556
1.500513,	425.575426111111
1.500598,	433.207906111111
1.500683,	411.962042777778
1.500768,	413.820021111111
1.500853,	438.770548333333
1.500937,	384.824049444445
1.501022,	436.704474444445
1.501107,	386.622789444445
1.501192,	348.096415
1.501277,	409.571906111111
1.501362,	399.89268
1.501447,	388.294338888889
1.501532,	426.670125555556
1.501617,	468.876715555556
1.501702,	432.295735555556
1.501787,	409.173583888889
1.501872,	374.534810555556
1.501957,	432.085469444445
1.502042,	399.37422
1.502127,	435.784844444445
1.502212,	468.344760555556
1.502297,	420.290425555556
1.502382,	477.786967222222
1.502467,	416.317105
1.502552,	400.903964444445
1.502637,	427.689412222222
1.502722,	448.713412777778
1.502807,	440.971543888889
1.502893,	404.477844444445
1.502978,	400.578952222222
1.503063,	446.506008333334
1.503148,	400.449015555556
1.503233,	390.805494444445
1.503319,	356.264851666667
1.503404,	352.376878333333
1.503489,	377.21188
1.503574,	350.348103888889
1.50366,	398.145243333333
1.503745,	361.717529444444
1.50383,	386.534830555556
1.503916,	411.344096111111
1.504001,	395.974019444445
1.504086,	392.084553888889
1.504172,	413.0562
1.504257,	403.42926
1.504342,	389.982062222222
1.504428,	414.766540555556
1.504513,	397.499728888889
1.504599,	387.881503888889
1.504684,	458.504706666667
1.50477,	420.227762777778
1.504855,	460.265740555556
1.504941,	448.733995
1.505026,	431.478407222222
1.505112,	463.859456111111
1.505197,	435.155503888889
1.505283,	440.809698888889
1.505368,	456.001824444445
1.505454,	431.128370555556
1.505539,	465.390489444445
1.505625,	440.52358
1.505711,	417.571445
1.505796,	482.321607777778
1.505882,	459.370117222222
1.505968,	497.411363333333
1.506053,	493.51966
1.506139,	508.680894444445
1.506225,	527.646958888889
1.50631,	506.611226666667
1.506396,	508.433227777778
1.506482,	496.927049444445
1.506567,	506.364508888889
1.506653,	531.025424444445
1.506739,	544.260287777778
1.506825,	570.809665
1.506911,	538.376397222222
1.506997,	564.918111111111
1.507082,	530.594482222222
1.507168,	549.522942222222
1.507254,	515.212945
1.50734,	568.352966111111
1.507426,	520.74724
1.507512,	537.764756666667
1.507598,	516.778293333334
1.507684,	531.891276111111
1.50777,	535.603502222222
1.507856,	520.324537222222
1.507941,	512.645297777778
1.508028,	533.444213888889
1.508114,	578.911200555556
1.5082,	559.839579444445
1.508286,	574.928317777778
1.508372,	550.172017222222
1.508458,	610.781453333333
1.508544,	540.510660555556
1.50863,	559.385070555556
1.508716,	648.402099444445
1.508802,	606.593492222222
1.508888,	625.44793
1.508974,	634.821235
1.509061,	630.928751666667
1.509147,	659.241875555556
1.509233,	647.770385555556
1.509319,	606.002468333333
1.509405,	660.814005555556
1.509492,	628.523288333333
1.509578,	565.957573888889
1.509664,	558.295525555556
1.50975,	579.019232777778
1.509837,	582.708943888889
1.509923,	580.722656111111
1.510009,	527.671983333333
1.510095,	612.680799444445
1.510182,	635.269436111111
1.510268,	546.318562777778
1.510355,	582.141045555556
1.510441,	631.180284444445
1.510527,	593.288574444445
1.510614,	621.529405555556
1.5107,	604.428778888889
1.510787,	594.887898888889
1.510873,	638.220418333333
1.51096,	598.470391111111
1.511046,	624.799668888889
1.511133,	609.599677222222
1.511219,	613.274603888889
1.511306,	664.115600555556
1.511392,	626.279907222222
1.511479,	639.380696666667
1.511565,	588.360867222222
1.511652,	616.547241111111
1.511738,	588.169623333333
1.511825,	593.72857
1.511912,	537.095642222222
1.511998,	582.230088888889
1.512085,	559.528232222222
1.512172,	551.902737222222
1.512258,	568.762885
1.512345,	578.085462777778
1.512432,	581.756931111111
1.512518,	532.719862222222
1.512605,	662.497897777778
1.512692,	639.808688888889
1.512779,	650.993516666667
1.512865,	632.075873333333
1.512952,	652.662692777778
1.513039,	641.273125555556
1.513126,	659.971448888889
1.513213,	646.704440555556
1.5133,	699.229465
1.513386,	670.925564444444
1.513473,	665.179375555556
1.51356,	644.405110555556
1.513647,	661.206122777778
1.513734,	693.026665555556
1.513821,	662.868855555556
1.513908,	705.943807222222
1.513995,	685.179714444445
1.514082,	716.975504444445
1.514169,	684.956800555556
1.514256,	628.556722222222
1.514343,	645.338338333333
1.51443,	712.757771666667
1.514517,	708.891058888889
1.514604,	693.77516
1.514691,	710.535142777778
1.514778,	821.012573333334
1.514865,	841.494683333334
1.514953,	788.890041666667
1.51504,	874.944661666667
1.515127,	945.985311111111
1.515214,	842.820095555556
1.515301,	962.531127777778
1.515388,	982.970106111111
1.515475,	1035.22664388889
1.515563,	1079.97938388889
1.51565,	980.618896666667
1.515737,	1057.174615
1.515824,	1081.32297111111
1.515912,	1069.924045
1.515999,	1110.89409722222
1.516086,	1138.76166444444
1.516174,	1144.18497722222
1.516261,	1091.65900333333
1.516348,	1106.43310555556
1.516436,	1128.67702888889
1.516523,	1203.22794611111
1.51661,	1206.76825611111
1.516698,	1172.95220277778
1.516785,	1245.59190555556
1.516873,	1241.65486666667
1.51696,	1301.19181333333
1.517048,	1375.64168277778
1.517135,	1479.92702888889
1.517223,	1377.05973333333
1.51731,	1462.65448666667
1.517398,	1497.85766611111
1.517485,	1648.68055555556
1.517573,	1529.07009555556
1.51766,	1650.00813777778
1.517748,	1653.46774611111
1.517835,	1735.20602777778
1.517923,	1639.88471111111
1.518011,	1652.66018333333
1.518098,	1721.31822388889
1.518186,	1689.37377944445
1.518273,	1687.23646388889
1.518361,	1759.57912888889
1.518449,	1787.21788222222
1.518537,	1796.23372388889
1.518624,	1838.74593111111
1.518712,	1911.01671
1.5188,	1908.84507944444
1.518887,	1992.24175333333
1.518975,	2142.56646055556
1.519063,	2309.57817944445
1.519151,	2448.64664722222
1.519239,	2457.54258888889
1.519326,	2451.56629777778
1.519414,	2689.03591555556
1.519502,	2681.16563611111
1.51959,	2580.41042777778
1.519678,	2566.98811833333
1.519766,	2631.56982444445
1.519854,	2547.58327888889
1.519942,	2406.07150611111
1.52003,	2468.79123277778
1.520118,	2316.20279944445
1.520206,	2239.74446611111
1.520294,	2096.51936833333
1.520382,	2094.32278111111
1.52047,	1888.10723222222
1.520558,	1730.17388222222
1.520646,	1703.93432611111
1.520734,	1696.24131944444
1.520822,	1568.07251
1.52091,	1536.31239166667
1.520998,	1536.06201166667
1.521086,	1513.58032222222
1.521174,	1555.93668611111
1.521262,	1448.26687277778
1.521351,	1501.73014333333
1.521439,	1623.67784277778
1.521527,	1614.15757944444
1.521615,	1602.78971333333
1.521703,	1708.00672722222
1.521792,	1679.97531444444
1.52188,	1629.75436722222
1.521968,	1668.33007833333
1.522056,	1727.23537888889
1.522145,	1638.20244666667
1.522233,	1689.69848611111
1.522321,	1685.72631833333
1.52241,	1718.71690555556
1.522498,	1698.11116555556
1.522586,	1721.85153555556
1.522675,	1692.01592333333
1.522763,	1774.84944666667
1.522851,	1811.49156333333
1.52294,	1765.03933388889
1.523028,	1908.73752166667
1.523117,	1954.56814222222
1.523205,	1939.486355
1.523294,	2059.09966388889
1.523382,	2246.93047444445
1.523471,	2456.83349611111
1.523559,	2522.82307944444
1.523648,	2721.54920777778
1.523736,	2979.20491555556
1.523825,	3133.55333111111
1.523913,	3037.207845
1.524002,	3149.11512611111
1.524091,	3240.71967222222
1.524179,	2934.40836611111
1.524268,	2856.57552111111
1.524357,	2800.86588555556
1.524445,	2719.39778666667
1.524534,	2520.14078777778
1.524623,	2396.41194666667
1.524711,	2337.13270388889
1.5248,	2368.03087
1.524889,	2115.61075833333
1.524978,	2083.99644666667
1.525066,	2098.36886944444
1.525155,	1996.89466666667
1.525244,	1878.907335
1.525333,	1972.347005
1.525422,	1937.10571277778
1.52551,	1953.32777222222
1.525599,	1831.74967444444
1.525688,	2031.67955166667
1.525777,	2154.40443277778
1.525866,	2108.14371722222
1.525955,	2131.66843
1.526044,	2300.210775
1.526133,	2455.84960944444
1.526222,	2415.07541222222
1.526311,	2407.34158
1.5264,	2555.54850277778
1.526489,	2597.31933611111
1.526578,	2529.03862833333
1.526667,	2759.66769722222
1.526756,	2836.21880444445
1.526845,	2762.43299722222
1.526934,	2771.14583333333
1.527023,	2889.804145
1.527112,	3037.73790166667
1.527201,	3035.41015611111
1.52729,	3119.16693777778
1.527379,	3362.21706833333
1.527468,	3458.70958111111
1.527558,	3472.79025611111
1.527647,	3647.93945333333
1.527736,	3806.56033
1.527825,	4060.27804888889
1.527915,	4242.56293388889
1.528004,	4527.22222222222
1.528093,	4941.63899722222
1.528182,	5169.40538222222
1.528272,	5322.13704444445
1.528361,	5577.18587222222
1.52845,	5861.39431444445
1.52854,	5809.26974833333
1.528629,	5938.044705
1.528718,	6201.95963555556
1.528808,	6250.26204444445
1.528897,	6130.53819444445
1.528986,	6217.17990444445
1.529076,	6451.66666666667
1.529165,	6238.87803833334
1.529255,	6144.78352888889
1.529344,	6182.09852444445
1.529434,	6615.29730888889
1.529523,	6417.21299888889
1.529613,	6532.888455
1.529702,	6934.81716555556
1.529792,	7156.11653666667
1.529881,	7224.217665
1.529971,	7357.91124111111
1.53006,	8111.14963111111
1.53015,	8395.88216166667
1.53024,	8658.66048166667
1.530329,	9194.56705722222
1.530419,	9704.80143222222
1.530509,	9930.81922722223
1.530598,	10145.8409288889
1.530688,	10783.0859377778
1.530778,	11474.7200522222
1.530867,	11358.2074655556
1.530957,	11723.8585066667
1.531047,	12045.7335066667
1.531137,	12414.7894966667
1.531226,	12409.1232638889
1.531316,	13137.9937066667
1.531406,	13597.5824655556
1.531496,	13795.2907988889
1.531586,	13476.8326822222
1.531675,	13834.3891061111
1.531765,	14182.7441405556
1.531855,	13953.3789061111
1.531945,	13308.2074655556
1.532035,	13669.1872827778
1.532125,	13734.1254338889
1.532215,	13134.68316
1.532305,	12876.6362844444
1.532395,	13148.5340711111
1.532485,	12620.2387155556
1.532575,	11829.0863716667
1.532665,	11417.2547744444
1.532755,	11152.4446616667
1.532845,	10419.9370661111
1.532935,	9203.64908833334
1.533025,	8721.82725666667
1.533115,	8548.24001722222
1.533205,	7722.41699222223
1.533295,	7070.77962222222
1.533385,	6672.94216555556
1.533475,	6325.94292555556
1.533566,	5973.62521722222
1.533656,	5797.03504777778
1.533746,	5799.70703111111
1.533836,	5503.75271277778
1.533926,	5260.37272111111
1.534016,	5364.44878444445
1.534107,	5539.04079888889
1.534197,	5380.78070722222
1.534287,	5426.91786
1.534378,	5576.10026055556
1.534468,	5703.54003888889
1.534558,	5733.33441833333
1.534649,	5862.51356333333
1.534739,	6071.15342888889
1.534829,	5956.34494333333
1.53492,	5868.66753444445
1.53501,	5838.81130666667
1.5351,	6023.84385833333
1.535191,	5999.38802111111
1.535281,	5612.11100277778
1.535372,	5894.54969611111
1.535462,	6001.85655388889
1.535553,	5939.530165
1.535643,	5998.08810777778
1.535734,	6413.74728722222
1.535824,	6430.73133666667
1.535915,	6519.83127166667
1.536005,	6776.55816
1.536096,	7272.92806
1.536186,	7419.51497388889
1.536277,	7726.42035611111
1.536368,	8373.72287333334
1.536458,	8858.69737388889
1.536549,	9037.34592
1.53664,	9419.41297722223
1.53673,	10422.4924044444
1.536821,	10725.003255
1.536912,	11137.2026911111
1.537002,	12072.9242622222
1.537093,	12697.0757377778
1.537184,	12993.6176216667
1.537275,	13056.2402344444
1.537365,	13518.0729166667
1.537456,	13796.3530816667
1.537547,	13511.8478733333
1.537638,	13331.6872827778
1.537729,	13552.3513455556
1.53782,	13485.4448783333
1.53791,	12956.8424477778
1.538001,	13046.330295
1.538092,	13750.0130211111
1.538183,	13390.4199216667
1.538274,	13079.4194877778
1.538365,	13574.5193144444
1.538456,	13590.2430555556
1.538547,	13053.2541233333
1.538638,	12720.9798177778
1.538729,	13070.5045572222
1.53882,	13045.0466577778
1.538911,	12126.5158422222
1.539002,	12370.1757811111
1.539093,	12308.9887155556
1.539184,	12014.8025172222
1.539275,	11442.9275172222
1.539366,	11093.4309894444
1.539457,	10896.3324655556
1.539549,	10231.7740883333
1.53964,	9671.31076388889
1.539731,	9553.33116333333
1.539822,	8982.419705
1.539913,	8522.68120666667
1.540004,	7953.91493055556
1.540096,	8106.50987388889
1.540187,	7605.98795555556
1.540278,	7289.88986555556
1.540369,	7372.76095944445
1.540461,	7148.00944
1.540552,	6855.38574222223
1.540643,	6621.85329888889
1.540735,	6565.35644555556
1.540826,	6147.86946611111
1.540917,	5467.847765
1.541009,	5338.3176
1.5411,	5140.94997833333
1.541192,	4695.39333777778
1.541283,	4198.19715722222
1.541374,	4063.60270166667
1.541466,	3907.63102222222
1.541557,	3571.44232833333
1.541649,	3233.57964388889
1.54174,	3175.953505
1.541832,	2964.92648666667
1.541923,	2753.96864166667
1.542015,	2566.26356333333
1.542106,	2492.73681666667
1.542198,	2363.96782777778
1.542289,	2181.76622166667
1.542381,	2204.57709444444
1.542473,	2232.72596555556
1.542564,	2079.14116777778
1.542656,	2100.17591666667
1.542748,	2124.76589611111
1.542839,	2168.93581833333
1.542931,	2081.33829777778
1.543023,	2136.18164055556
1.543114,	2235.50333666667
1.543206,	2153.27650277778
1.543298,	2256.12128388889
1.54339,	2211.27658444444
1.543481,	2310.52056222222
1.543573,	2169.647895
1.543665,	2171.07001388889
1.543757,	2241.82644333333
1.543849,	2122.36450222222
1.543941,	1965.61971055556
1.544032,	1927.98149944445
1.544124,	1948.98491777778
1.544216,	1859.84714111111
1.544308,	1834.67705611111
1.5444,	1742.03572611111
1.544492,	1754.17819555556
1.544584,	1707.73532444445
1.544676,	1684.381375
1.544768,	1724.92092555556
1.54486,	1772.54448777778
1.544952,	1660.48977333333
1.545044,	1759.54644111111
1.545136,	1729.10915777778
1.545228,	1686.26953111111
1.54532,	1724.99579555556
1.545412,	1753.07373055556
1.545504,	1816.588135
1.545596,	1793.25398777778
1.545689,	1846.11056833333
1.545781,	1803.29372833333
1.545873,	1762.26196277778
1.545965,	1797.38918722222
1.546057,	1784.700385
1.54615,	1763.16433388889
1.546242,	1718.62603055556
1.546334,	1713.03480333333
1.546426,	1824.22403944444
1.546519,	1719.54861111111
1.546611,	1745.79820444444
1.546703,	1770.27045333333
1.546796,	1789.43006722222
1.546888,	1838.63810222222
1.54698,	1833.03317611111
1.547073,	1954.67868388889
1.547165,	1970.261095
1.547258,	2134.24614777778
1.54735,	2201.02145722222
1.547442,	2154.73931222222
1.547535,	2290.35888666667
1.547627,	2374.73144555556
1.54772,	2309.02479388889
1.547812,	2321.00070555556
1.547905,	2322.38416888889
1.547997,	2334.35357
1.54809,	2365.72482666667
1.548182,	2282.43462444445
1.548275,	2255.60614666667
1.548367,	2272.86838111111
1.54846,	2374.748535
1.548553,	2213.95250111111
1.548645,	2261.17377388889
1.548738,	2306.61729611111
1.548831,	2283.33441833333
1.548923,	2244.20532222222
1.549016,	2289.62917777778
1.549109,	2319.18918166667
1.549201,	2357.54286
1.549294,	2297.30251722222
1.549387,	2367.32855888889
1.549479,	2402.13568777778
1.549572,	2415.81705722222
1.549665,	2392.54991333333
1.549758,	2344.66525611111
1.549851,	2356.59044055556
1.549944,	2173.33360444444
1.550037,	2399.76752388889
1.550129,	2313.241645
1.550222,	2363.82866777778
1.550315,	2326.5389
1.550408,	2443.86962888889
1.550501,	2301.18109833333
1.550594,	2297.29003888889
1.550687,	2238.96267333333
1.55078,	2242.10612
1.550873,	2292.64621333333
1.550966,	2271.20700388889
1.551059,	2325.23518888889
1.551152,	2273.96918388889
1.551245,	2370.08273666667
1.551338,	2425.82194
1.551431,	2485.05018444444
1.551524,	2642.45198555556
1.551617,	2596.43527555556
1.55171,	2611.78412555556
1.551804,	2751.561415
1.551897,	2887.78808611111
1.55199,	2850.52083333333
1.552083,	2965.66569
1.552176,	2996.70355888889
1.55227,	3076.76350888889
1.552363,	3148.04253444445
1.552456,	3205.29324
1.552549,	3341.28797722222
1.552643,	3375.73811833333
1.552736,	3476.66585277778
1.552829,	3570.56233722222
1.552922,	3652.18397333333
1.553016,	3669.07145166667
1.553109,	3640.49072277778
1.553203,	3622.40912555556
1.553296,	3558.88563388889
1.553389,	3526.84163388889
1.553483,	3382.97417555556
1.553576,	3233.91248888889
1.55367,	3189.70947277778
1.553763,	3203.15700944445
1.553857,	3148.49582222222
1.55395,	3104.32834222222
1.554044,	3203.32112611111
1.554137,	3204.53938777778
1.554231,	3163.87451166667
1.554324,	3205.22922111111
1.554418,	3290.18364777778
1.554512,	3359.41162111111
1.554605,	3304.79600666667
1.554699,	3532.67252611111
1.554793,	3596.59613722222
1.554886,	3660.49831833333
1.55498,	3658.15294055556
1.555073,	3695.88595944445
1.555167,	3489.69401055556
1.555261,	3029.24533444444
1.555354,	2797.10584833333
1.555448,	2695.64561611111
1.555542,	2529.79844833333
1.555636,	2336.15315777778
1.55573,	2292.25558833333
1.555823,	2392.81114388889
1.555917,	2383.71744777778
1.556011,	2400.7213
1.556105,	2407.28325722222
1.556199,	2382.539605
1.556293,	2328.24462888889
1.556387,	2247.88981111111
1.556481,	2310.09548611111
1.556575,	2122.01809333333
1.556669,	2071.27672
1.556762,	2070.93546555556
1.556856,	1964.63270388889
1.55695,	1886.15342888889
1.557044,	1812.90961388889
1.557138,	1758.78811333333
1.557232,	1706.42035611111
1.557327,	1647.12727888889
1.55742,	1676.357015
1.557515,	1618.82337777778
1.557609,	1660.191515
1.557703,	1585.33433722222
1.557797,	1635.36539722222
1.557891,	1642.03152111111
1.557985,	1581.08344166667
1.558079,	1599.88973
1.558174,	1646.41899944445
1.558268,	1580.301785
1.558362,	1597.36640055556
1.558456,	1597.103
1.558551,	1619.35492611111
1.558645,	1496.14122166667
1.558739,	1551.29801444444
1.558833,	1525.07622611111
1.558928,	1446.93929055556
1.559022,	1356.71454555556
1.559116,	1398.01608611111
1.559211,	1287.06990555556
1.559305,	1305.88392444444
1.5594,	1248.59958222222
1.559494,	1180.95974388889
1.559588,	1201.51055222222
1.559683,	1211.68334944444
1.559777,	1197.65787777778
1.559872,	1174.99715166667
1.559966,	1205.90115
1.560061,	1184.97382277778
1.560155,	1219.32006833333
1.56025,	1245.02088777778
1.560344,	1213.73833555556
1.560439,	1287.76597777778
1.560534,	1275.472005
1.560628,	1358.09312611111
1.560723,	1287.12877055556
1.560817,	1290.36675333333
1.560912,	1253.93297
1.561007,	1153.70388444444
1.561101,	1106.95922833333
1.561196,	1089.53708222222
1.561291,	1004.89766444444
1.561386,	1080.56070944444
1.56148,	1149.30636944444
1.561575,	1133.61138222222
1.56167,	1055.91050888889
1.561765,	1055.73628722222
1.561859,	1095.16716833333
1.561954,	1014.06765388889
1.562049,	1015.62167722222
1.562144,	1111.83614111111
1.562239,	1089.28195555556
1.562334,	1063.29406722222
1.562429,	1114.72629111111
1.562523,	1128.30207
1.562618,	1081.68423111111
1.562713,	1109.01618111111
1.562808,	1169.00241444444
1.562903,	1204.90505666667
1.562998,	1113.62277555556
1.563093,	1226.84475388889
1.563188,	1157.92277
1.563283,	1174.90858277778
1.563378,	1198.758545
1.563473,	1208.86339
1.563569,	1217.24812833333
1.563664,	1165.54999444444
1.563759,	1314.67447888889
1.563854,	1242.38525388889
1.563949,	1267.91585277778
1.564044,	1293.43804277778
1.564139,	1366.97604722222
1.564235,	1438.77468555556
1.56433,	1501.976725
1.564425,	1520.58607333333
1.56452,	1645.45830611111
1.564615,	1629.76291222222
1.564711,	1596.93806944445
1.564806,	1735.44108055556
1.564901,	1822.51166444445
1.564997,	1829.06100777778
1.565092,	1938.34743944445
1.565187,	1883.24205166667
1.565283,	1934.28358277778
1.565378,	1901.44612611111
1.565474,	1897.70955388889
1.565569,	1931.61417666667
1.565664,	1856.02756055556
1.56576,	2026.7551
1.565855,	2036.68063666667
1.565951,	2046.60264777778
1.566046,	2186.44300666667
1.566142,	2276.66992166667
1.566237,	2264.33119055556
1.566333,	2352.80680333333
1.566428,	2360.95974388889
1.566524,	2430.60085722222
1.56662,	2454.10834444444
1.566715,	2556.1537
1.566811,	2600.11935777778
1.566906,	2635.53575277778
1.567002,	2647.04671222222
1.567098,	2817.24799277778
1.567193,	2885.02658444444
1.567289,	2903.31380222222
1.567385,	2907.950575
1.567481,	2996.14339166667
1.567576,	2939.38368055556
1.567672,	2804.22661666667
1.567768,	2718.54220944444
1.567864,	2791.37044277778
1.567959,	2680.15869166667
1.568055,	2611.57280833333
1.568151,	2643.50341777778
1.568247,	2801.445855
1.568343,	2703.92713777778
1.568439,	2861.80718333333
1.568535,	2776.22585722222
1.568631,	2818.31380222222
1.568727,	2754.88850888889
1.568823,	2837.79758055556
1.568919,	2930.88514555556
1.569014,	2935.50265833333
1.56911,	3047.24826388889
1.569206,	3014.44064666667
1.569302,	2764.05490444444
1.569399,	2829.883355
1.569495,	2759.742025
1.569591,	2701.51692722222
1.569687,	2515.90250666667
1.569783,	2496.80257166667
1.569879,	2440.34803611111
1.569975,	2361.83892166667
1.570071,	2369.93652333333
1.570167,	2310.135905
1.570264,	2257.14355444444
1.57036,	2239.801975
1.570456,	2239.43128777778
1.570552,	2252.63075111111
1.570649,	2211.55449777778
1.570745,	2282.40776888889
1.570841,	2239.64464
1.570938,	2269.78637722222
1.571034,	2191.44734722222
1.57113,	2199.55742722222
1.571227,	2195.80485
1.571323,	2134.45678722222
1.571419,	2040.948215
1.571516,	2011.82169611111
1.571612,	2043.65885444445
1.571708,	1973.91194666667
1.571805,	1960.04435222222
1.571901,	1944.48879666667
1.571998,	1881.56100777778
1.572094,	1847.41400833333
1.572191,	1757.45903888889
1.572287,	1701.3581
1.572384,	1643.58479833333
1.572481,	1612.88085944444
1.572577,	1658.25371611111
1.572674,	1576.85479055556
1.57277,	1569.83439111111
1.572867,	1581.40109611111
1.572964,	1543.97569444444
1.57306,	1506.56263555556
1.573157,	1541.77558055556
1.573254,	1436.83865
1.57335,	1418.03114166667
1.573447,	1456.61688888889
1.573544,	1358.496365
1.57364,	1331.27468555556
1.573737,	1285.50469277778
1.573834,	1303.84589277778
1.573931,	1271.58718555556
1.574028,	1180.32294388889
1.574124,	1186.87106666667
1.574221,	1115.87843166667
1.574318,	1102.21082888889
1.574415,	1031.25576444444
1.574512,	1007.49796555556
1.574609,	1015.75351277778
1.574706,	961.690131111111
1.574803,	943.007337777778
1.5749,	983.259006111111
1.574997,	1008.34676111111
1.575094,	964.418945555556
1.575191,	1016.42666277778
1.575288,	1091.97279166667
1.575385,	952.163560555556
1.575482,	958.733723888889
1.575579,	998.935818333334
1.575676,	946.645846666667
1.575773,	983.474256666667
1.57587,	1063.99319111111
1.575967,	998.273586666667
1.576064,	946.018202222222
1.576162,	976.102091666667
1.576259,	1014.57465277778
1.576356,	930.4324
1.576453,	942.032538333334
1.57655,	953.628811111111
1.576648,	945.077446666667
1.576745,	973.452962222222
1.576842,	1030.34654388889
1.57694,	1015.07534444444
1.577037,	1058.52281333333
1.577134,	1041.574775
1.577232,	1017.92433
1.577329,	1061.34962277778
1.577426,	1116.49542888889
1.577524,	1092.84423833333
1.577621,	988.759426666667
1.577719,	913.194037777778
1.577816,	928.120320555556
1.577913,	865.990261666667
1.578011,	914.414401666667
1.578108,	899.192369444445
1.578206,	939.223903888889
1.578303,	907.263658333334
1.578401,	910.460340555556
1.578499,	863.455132222222
1.578596,	811.446193888889
1.578694,	719.307183333333
1.578791,	653.959147222222
1.578889,	648.833821666667
1.578987,	630.334472777778
1.579084,	663.663805
1.579182,	579.982638888889
1.57928,	588.242051666667
1.579377,	563.081461666667
1.579475,	574.682142222222
1.579573,	579.597642777778
1.57967,	611.232096111111
1.579768,	520.963778888889
1.579866,	544.250013333333
1.579964,	507.437235555556
1.580062,	504.01513
1.580159,	482.239040555556
1.580257,	475.485466666667
1.580355,	457.057495
1.580453,	436.967807222222
1.580551,	460.240817777778
1.580649,	391.806640555556
1.580747,	430.082227777778
1.580845,	416.677144444445
1.580943,	376.613566111111
1.581041,	379.883355
1.581139,	364.827338333333
1.581237,	373.094753888889
1.581335,	296.427849444445
1.581433,	371.305779444445
1.581531,	339.613443888889
1.581629,	327.905544444445
1.581727,	316.201545
1.581825,	296.181708333333
1.581923,	331.069505555556
1.582021,	382.579583333333
1.58212,	294.370998888889
1.582218,	249.425506666667
1.582316,	305.911119444444
1.582414,	290.899726111111
1.582512,	297.499423333333
1.58261,	284.156138333333
1.582709,	254.202728333333
1.582807,	284.061703333333
1.582905,	287.336323888889
1.583004,	270.682288333333
1.583102,	280.599398888889
1.5832,	305.453898333333
1.583299,	287.145351666667
1.583397,	282.119038888889
1.583495,	313.597852777778
1.583594,	320.181613333333
1.583692,	330.080566666667
1.583791,	378.11988
1.583889,	422.826945
1.583988,	474.150593888889
1.584086,	568.554619444445
1.584185,	654.640638333333
1.584283,	702.585991666667
1.584382,	762.112766111111
1.58448,	816.650255
1.584579,	866.200968333333
1.584677,	895.863851111111
1.584776,	937.106526666667
1.584875,	902.1875
1.584973,	959.966430555556
1.585072,	895.26808
1.585171,	956.338026111111
1.585269,	1050.47342944444
1.585368,	1000.67830388889
1.585467,	1051.77775055556
1.585565,	1096.24633777778
1.585664,	1119.20864555556
1.585763,	1140.51025388889
1.585862,	1211.38400611111
1.58596,	1156.65445944444
1.586059,	1171.33083777778
1.586158,	1181.04682055556
1.586257,	1151.12264
1.586356,	1091.48566333333
1.586455,	1033.51942277778
1.586553,	1058.10811333333
1.586652,	1019.97192388889
1.586751,	960.396253888889
1.58685,	948.687201666667
1.586949,	890.792778888889
1.587048,	888.995157777778
1.587147,	860.813056111111
1.587246,	766.688639444445
1.587345,	799.531385555556
1.587444,	751.599188888889
1.587543,	753.122083888889
1.587642,	645.896538888889
1.587741,	644.141574444445
1.587841,	704.978773333333
1.58794,	632.399020555556
1.588039,	620.767551111111
1.588138,	567.981838888889
1.588237,	585.993787777778
1.588336,	538.168741666667
1.588436,	549.597642777778
1.588535,	505.084974444445
1.588634,	555.994432222222
1.588733,	503.272095
1.588833,	501.543884444445
1.588932,	422.542012777778
1.589031,	389.594455555556
1.589131,	419.114108888889
1.58923,	400.967882222222
1.589329,	351.609971666667
1.589429,	338.409288333333
1.589528,	354.777832222222
1.589627,	318.589986111111
1.589727,	269.278615555556
1.589826,	341.467217222222
1.589926,	285.602857777778
1.590025,	336.430087777778
1.590125,	300.275336111111
1.590224,	300.225321666667
1.590324,	272.290157777778
1.590423,	282.084961111111
1.590523,	295.156012777778
1.590622,	290.188361111111
1.590722,	262.273457777778
1.590822,	272.063378333333
1.590921,	311.345926666667
1.591021,	253.950415555556
1.591121,	257.184312777778
1.59122,	239.125179444445
1.59132,	243.998023333333
1.59142,	216.123301111111
1.591519,	224.272393333333
1.591619,	220.961507222222
1.591719,	230.743543888889
1.591819,	209.434407777778
1.591918,	189.768286666667
1.592018,	179.922688888889
1.592118,	186.434241666667
1.592218,	206.024542777778
1.592318,	212.529551111111
1.592418,	184.706421111111
1.592517,	171.601240555556
1.592617,	220.593380555556
1.592717,	168.27652
1.592817,	197.651096111111
1.592917,	176.386430555556
1.593017,	179.622887777778
1.593117,	195.919562222222
1.593217,	222.005140555556
1.593317,	199.118448888889
1.593417,	186.03046
1.593517,	138.683785555556
1.593617,	190.862308333333
1.593717,	207.140774444445
1.593817,	179.383341666667
1.593918,	146.743706666667
1.594018,	177.693277777778
1.594118,	200.482805
1.594218,	176.004316666667
1.594318,	210.192294444445
1.594419,	184.091220555556
1.594519,	175.916222222222
1.594619,	141.686647222222
1.594719,	136.778072777778
1.59482,	180.71228
1.59492,	174.171057777778
1.59502,	152.984551111111
1.59512,	200.148501666667
1.595221,	152.933485
1.595321,	198.455013888889
1.595421,	208.180338333333
1.595522,	164.239891666667
1.595622,	203.233252777778
1.595723,	160.933871666667
1.595823,	154.405703888889
1.595924,	146.254662222222
1.596024,	173.851521666667
1.596125,	181.945037777778
1.596225,	147.805667222222
1.596326,	180.260315
1.596426,	167.240651666667
1.596527,	188.317243888889
1.596627,	189.908956111111
1.596728,	165.534006666667
1.596828,	199.581197222222
1.596929,	199.547865
1.59703,	199.514533333333
1.59713,	210.833807777778
1.597231,	202.690955
1.597332,	207.520870555556
1.597432,	192.897338888889
1.597533,	196.106533333333
1.597634,	202.555558888889
1.597735,	213.862932222222
1.597836,	199.248080555556
1.597936,	197.595163888889
1.598037,	192.704061111111
1.598138,	234.768236111111
1.598239,	212.065514444444
1.59834,	207.174428333333
1.59844,	234.650573888889
1.598541,	237.847375
1.598642,	215.159285
1.598743,	231.298014444445
1.598844,	224.790564444444
1.598945,	227.986857222222
1.599046,	250.58197
1.599147,	237.608981666667
1.599248,	206.863030555556
1.599349,	239.145406111111
1.59945,	198.71599
1.599551,	213.220537222222
1.599652,	208.339792777778
1.599753,	163.091481666667
1.599854,	167.907697777778
1.599956,	174.336531111111
1.600057,	143.642205
1.600158,	164.596116666667
1.600259,	143.594173888889
1.60036,	148.409610555556
1.600462,	106.449957777778
1.600563,	141.909535555556
1.600664,	145.110490555556
1.600765,	140.250006666667
1.600867,	154.732750555556
1.600968,	107.972505555556
1.601069,	127.289564444444
1.601171,	132.101245555556
1.601272,	111.139772222222
1.601373,	132.057062777778
1.601475,	117.543326666667
1.601576,	114.303834444444
1.601677,	127.161865
1.601779,	114.265594444444
1.60188,	104.591844444444
1.601982,	114.227362777778
1.602083,	144.771016666667
1.602185,	86.8480766666667
1.602286,	110.953979444444
1.602388,	81.9957394444445
1.602489,	120.561786111111
1.602591,	120.541610555556
1.602693,	110.879728333333
1.602794,	85.1542322222222
1.602896,	107.629784444444
1.602997,	102.793333333333
1.603099,	67.4468316666667
1.603201,	97.9420977777778
1.603302,	125.216471111111
1.603404,	97.9093083333334
1.603506,	104.312133888889
1.603608,	89.8538633333334
1.603709,	109.09
1.603811,	107.467736111111
1.603913,	97.8273855555556
1.604015,	91.3971627777778
1.604117,	110.620151111111
1.604218,	80.1461027777778
1.60432,	88.1459555555556
1.604422,	105.757429444444
1.604524,	88.1164383333333
1.604626,	112.129406666667
1.604728,	96.0948266666667
1.60483,	91.2747955555556
1.604932,	121.67934
1.605034,	102.449654444444
1.605136,	84.8269061111111
1.605238,	88.0131783333334
1.60534,	108.798065
1.605442,	111.979242777778
1.605544,	113.559917777778
1.605646,	91.1525472222223
1.605748,	103.928477222222
1.60585,	121.496005555556
1.605952,	95.9018283333334
1.606054,	113.464821666667
1.606157,	105.456661666667
1.606259,	79.8780227777778
1.606361,	81.4619361111111
1.606463,	89.4334072222222
1.606566,	79.8378755555556
1.606668,	63.8595922222222
1.60677,	121.312891666667
1.606872,	97.3532361111111
1.606975,	111.698108333333
1.607077,	111.679382222222
1.607179,	84.5430755555556
1.607282,	86.1237844444445
1.607384,	100.460908888889
1.607486,	87.68926
1.607589,	82.8923116666667
1.607691,	98.8165705555556
1.607794,	111.548393888889
1.607896,	108.343124444444
1.607999,	97.1738605555556
1.608101,	101.935806111111
1.608204,	82.8089566666667
1.608306,	90.7561322222222
1.608409,	97.1086966666667
1.608511,	90.7256911111111
1.608614,	101.850357222222
1.608716,	89.1041227777778
1.608819,	95.4526861111111
1.608922,	100.208511111111
1.609024,	109.733767777778
1.609127,	92.2245027777778
1.60923,	106.517333888889
1.609332,	106.499464444444
1.609435,	90.5888194444445
1.609538,	82.6285722222222
1.609641,	60.372285
1.609743,	79.4238872222222
1.609846,	80.9987727777778
1.609949,	96.8646327777778
1.610052,	88.90998
1.610155,	96.8321227777778
1.610258,	69.8344
1.61036,	87.2783488888889
1.610463,	76.1574133333334
1.610566,	96.7671372222223
1.610669,	106.267378333333
1.610772,	80.8765155555556
1.610875,	72.9351977777778
1.610978,	93.5316211111111
1.611081,	99.8559822222223
1.611184,	77.6527233333334
1.611287,	110.913840555556
1.61139,	96.6372594444445
1.611493,	80.7815211111111
1.611596,	106.106931666667
1.611699,	112.422790555556
1.611802,	99.738685
1.611905,	96.5561588888889
1.612009,	90.2094605555556
1.612112,	102.853164444444
1.612215,	91.7612544444444
1.612318,	88.5821955555556
1.612421,	86.9857533333333
1.612525,	101.202791111111
1.612628,	91.6996255555556
1.612731,	85.3611672222222
1.612835,	75.8638511111111
1.612938,	88.4929572222222
1.613041,	82.1582283333334
1.613145,	83.7241277777778
1.613248,	80.55119
1.613351,	93.1710138888889
1.613455,	74.2085094444445
1.613558,	97.8756288888889
1.613661,	88.3889433333334
1.613765,	93.1084105555556
1.613868,	107.293362222222
1.613972,	112.008065
1.614075,	78.8656616666667
1.614179,	89.8917472222222
1.614282,	108.79804
1.614386,	100.897157222222
1.614489,	74.0838961111111
1.614593,	107.167197222222
1.614697,	92.9676733333334
1.6148,	94.5275033333333
1.614904,	92.9364183333334
1.615008,	81.8962944444445
1.615111,	107.077153333333
1.615215,	78.7199655555556
1.615319,	96.0222116666667
1.615422,	75.5457561111111
1.615526,	113.299577777778
1.61563,	108.560511111111
1.615734,	73.9345805555556
1.615837,	110.096808333333
1.615941,	95.9253694444445
1.616045,	100.626085
1.616149,	108.469255
1.616253,	88.0182138888889
1.616357,	119.433195555556
1.61646,	108.414535555556
1.616565,	102.112452222222
1.616668,	70.6813472222222
1.616772,	98.9372422222223
1.616876,	119.332783888889
1.61698,	92.6243338888889
1.617084,	73.7730744444445
1.617188,	69.052535
1.617292,	92.5775911111111
1.617396,	83.1489311111111
1.6175,	83.1349438888889
1.617605,	59.596155
1.617709,	98.7875194444445
1.617813,	89.3641494444445
1.617917,	100.321807777778
1.618021,	68.9596344444445
1.618125,	134.762056111111
1.61823,	108.104841666667
1.618334,	101.820755
1.618438,	98.6711966666667
1.618542,	100.220531666667
1.618647,	120.557530555556
1.618751,	87.6634472222222
1.618855,	104.865392222222
1.618959,	95.4583911111111
1.619064,	107.959340555556
1.619168,	92.2975161111111
1.619272,	84.461475
1.619377,	87.5749288888889
1.619481,	90.6873322222222
1.619586,	100.051922222222
1.61969,	68.7741172222222
1.619794,	89.0787338888889
1.619899,	132.814339444444
1.620003,	92.17325
1.620108,	95.2817194444444
1.620212,	98.3891294444445
1.620317,	104.618437222222
1.620422,	92.1111638888889
1.620526,	92.0956505555556
1.620631,	104.565573888889
1.620735,	93.6250388888889
1.62084,	76.4475672222222
1.620945,	93.5934955555556
1.621049,	70.1832961111111
1.621154,	73.2902016666667
1.621259,	93.5461933333333
1.621364,	67.0301438888889
1.621468,	63.9016894444445
1.621573,	82.590705
1.621678,	74.7865211111111
1.621783,	63.8693872222222
1.621887,	99.6817527777778
1.621992,	102.779481666667
1.622097,	98.0911511111111
1.622202,	102.744835555556
1.622307,	93.388655
1.622412,	88.7042661111111
1.622517,	102.692887777778
1.622622,	96.452815
1.622727,	73.1051294444445
1.622832,	69.9824694444445
1.622936,	90.1844194444445
1.623042,	83.9506444444445
1.623147,	82.3821088888889
1.623252,	93.247045
1.623357,	107.216017222222
1.623462,	65.2509183333333
1.623567,	114.946509444444
1.623672,	107.161780555556
1.623777,	105.590896666667
1.623882,	102.467998888889
1.623987,	91.5847272222222
1.624092,	85.3611922222222
1.624198,	88.4503172222222
1.624303,	89.9868944444444
1.624408,	103.932842777778
1.624514,	80.6506855555556
1.624619,	83.738505
1.624724,	103.880242222222
1.624829,	88.3608161111111
1.624935,	102.295261111111
1.62504,	88.3310022222222
1.625145,	122.403013333333
1.625251,	82.1046194444445
1.625356,	92.9329427777778
1.625461,	89.8200138888889
1.625567,	102.19173
1.625672,	88.2416027777778
1.625778,	92.8702205555556
1.625883,	116.068174444444
1.625989,	103.670069444444
1.626094,	54.1468638888889
1.6262,	91.2607322222222
1.626305,	81.9661372222222
1.626411,	102.053816111111
1.626517,	78.8464527777778
1.626622,	136.025806111111
1.626728,	80.3653122222222
1.626834,	91.1683233333333
1.626939,	100.422719444444
1.627045,	83.4140183333333
1.627151,	118.922127777778
1.627256,	92.6509433333333
1.627362,	112.706273333333
1.627468,	80.2703605555556
1.627573,	126.558803888889
1.627679,	112.649171666667
1.627785,	83.315455
1.627891,	128.037304444444
1.627997,	126.473312222222
1.628103,	86.3574305555556
1.628209,	112.554058333333
1.628314,	98.6608633333334
1.62842,	144.88366
1.628526,	98.6275227777778
1.628632,	87.8253005555556
1.628738,	101.675262222222
1.628844,	81.6345216666667
1.62895,	129.361156666667
1.629056,	95.464715
1.629162,	121.619966111111
1.629268,	109.285549444444
1.629374,	124.656804444444
1.62948,	118.480885555556
1.629587,	123.076214444444
1.629693,	110.749876111111
1.629799,	109.193217222222
1.629905,	90.72269
1.630011,	119.918196111111
1.630117,	87.6177133333334
1.630224,	113.730078888889
1.63033,	104.491051666667
1.630436,	102.937003333333
1.630542,	105.99183
1.630649,	110.58147
1.630755,	127.4543
1.630861,	89.0493861111111
1.630968,	112.060453888889
1.631074,	101.297793888889
1.63118,	96.6769916666667
1.631287,	78.2490877777778
1.631393,	88.9741094444445
1.6315,	95.0941722222222
1.631606,	104.279191666667
1.631713,	118.060870555556
1.631819,	114.974899444444
1.631926,	102.693532222222
1.632032,	111.871041111111
1.632139,	98.0621255555556
1.632245,	119.492992777778
1.632352,	101.092351111111
1.632458,	96.4809161111111
1.632565,	120.963533333333
1.632672,	105.633816111111
1.632778,	96.4319438888889
1.632885,	111.719691111111
1.632992,	116.291223888889
1.633098,	107.092208888889
1.633205,	119.311116666667
1.633312,	111.644066666667
1.633419,	110.096062777778
1.633525,	107.019712777778
1.633632,	116.173163333333
1.633739,	108.511818888889
1.633846,	114.605755
1.633953,	128.336715555556
1.634059,	97.7637988888889
1.634166,	116.074854444444
1.634273,	97.7306961111111
1.63438,	111.455196666667
1.634487,	116.015896111111
1.634594,	109.891187777778
1.634701,	91.5604738888889
1.634808,	119.008458333333
1.634915,	118.988308333333
1.635022,	108.291524444444
1.635129,	129.622819444444
1.635236,	93.0076766666667
1.635343,	102.138671666667
1.63545,	105.169762777778
1.635558,	108.199836111111
1.635665,	155.415683333333
1.635772,	132.537968888889
1.635879,	124.899681666667
1.635986,	92.8974322222222
1.636093,	130.947960555556
1.636201,	129.403381111111
1.636308,	109.593700555556
1.636415,	156.753302777778
1.636522,	135.424075555556
1.63663,	130.837046111111
1.636737,	107.998318333333
1.636844,	98.8549466666667
1.636952,	117.085240555556
1.637059,	127.707697777778
1.637167,	150.487128333333
1.637274,	139.822921666667
1.637381,	100.290739444444
1.637489,	124.582527777778
1.637596,	141.270862222222
1.637704,	139.728122222222
1.637811,	144.260016666667
1.637919,	132.089394444444
1.638026,	116.886885
1.638134,	133.562359444444
1.638242,	135.057203333333
1.638349,	133.517057777778
1.638457,	107.705722222222
1.638564,	150.155741111111
1.638672,	104.636256111111
1.63878,	145.556182777778
1.638887,	133.403862777778
1.638995,	145.506812222222
1.639103,	130.327733333333
1.639211,	118.18417
1.639318,	151.492462222222
1.639426,	134.805416666667
1.639534,	178.700442777778
1.639642,	145.358751111111
1.639749,	130.195117777778
1.639857,	157.418535
1.639965,	137.717844444444
1.640073,	148.286353333333
1.640181,	187.595791111111
1.640289,	157.311706666667
1.640397,	192.069193333333
1.640505,	185.988193333333
1.640613,	217.705315555556
1.640721,	170.809207222222
1.640829,	175.314195555556
1.640937,	207.016957777778
1.641045,	169.211408888889
1.641153,	152.566528333333
1.641261,	184.256981666667
1.641369,	158.554907777778
1.641477,	173.625895
1.641585,	169.067806666667
1.641694,	156.964874444444
1.641802,	181.08256
1.64191,	125.2275
1.642018,	132.748777777778
1.642126,	129.709727222222
1.642235,	164.371608888889
1.642343,	134.188893888889
1.642451,	129.643647777778
1.64256,	150.722825555556
1.642668,	129.599601111111
1.642776,	131.084306666667
1.642884,	129.555570555556
1.642993,	128.027360555556
1.643101,	138.547244444444
1.64321,	124.972475
1.643318,	130.972985
1.643427,	118.909285
1.643535,	108.354602222222
1.643644,	105.326851666667
1.643752,	153.450181666667
1.643861,	130.86174
1.643969,	124.823888333333
1.644078,	139.839138333333
1.644186,	136.808590555556
1.644295,	117.244567777778
1.644404,	145.779368333333
1.644512,	115.702090555556
1.644621,	147.232174444444
1.64473,	111.156412777778
1.644838,	136.669099444444
1.644947,	147.157083888889
1.645056,	111.099726111111
1.645164,	93.06772
1.645273,	99.0552433333334
1.645382,	117.045381111111
1.645491,	126.027442222222
1.6456,	129.006152777778
1.645709,	137.98311
1.645817,	125.963151666667
1.645926,	113.947279444444
1.646035,	121.423153333333
1.646144,	127.397681111111
1.646253,	115.387675
1.646362,	124.357766111111
1.646471,	107.858267777778
1.64658,	116.826578888889
1.646689,	124.294306666667
1.646798,	128.764962222222
1.646907,	133.234091666667
1.647016,	149.675750555556
1.647125,	110.741203888889
1.647234,	140.64732
1.647343,	122.671466666667
1.647453,	104.701724444444
1.647562,	121.134228333333
1.647671,	113.637466666667
1.64778,	116.608072777778
1.647889,	115.093502222222
1.647999,	121.05178
1.648108,	144.938557777778
1.648217,	125.492443333333
1.648326,	134.433297222222
1.648436,	131.423509444444
1.648545,	117.962383888889
1.648654,	113.463473888889
1.648764,	146.283247222222
1.648873,	125.364295
1.648983,	135.788192777778
1.649092,	117.861981111111
1.649201,	129.775272222222
1.649311,	122.296083333333
1.64942,	135.695716111111
1.64953,	114.799889444444
1.649639,	138.630803333333
1.649749,	114.760784444444
1.649858,	132.622994444444
1.649968,	120.681262777778
1.650078,	135.557081666667
1.650187,	131.065835
1.650297,	125.086983333333
1.650406,	120.599043333333
1.650516,	116.11262
1.650626,	135.44164
1.650735,	129.466095
1.650845,	123.492584444444
1.650955,	127.934366666667
1.651065,	124.937854444444
1.651174,	96.6616227777778
1.651284,	133.816358888889
1.651394,	141.226526666667
1.651504,	141.202451666667
1.651614,	135.234027222222
1.651724,	129.267637222222
1.651834,	142.615831111111
1.651943,	111.399621111111
1.652053,	120.291086666667
1.652163,	149.967007222222
1.652273,	118.765496111111
1.652383,	117.260928888889
1.652493,	123.177185
1.652603,	123.156178888889
1.652713,	127.585847777778
1.652823,	139.430516666667
1.652933,	126.059282222222
1.653044,	136.417363333333
1.653154,	112.673382222222
1.653264,	134.888542777778
1.653374,	133.383492222222
1.653484,	106.688588333333
1.653594,	114.078055555556
1.653705,	114.058592222222
1.653815,	125.887357777778
1.653925,	139.192852222222
1.654035,	103.636567777778
1.654145,	124.34266
1.654256,	103.601201111111
1.654366,	130.219285555556
1.654476,	122.799504444444
1.654587,	115.382249444444
1.654697,	125.715603333333
1.654808,	144.917958333333
1.654918,	121.237191111111
1.655028,	112.346996666667
1.655139,	110.849821111111
1.655249,	96.0534411111112
1.65536,	137.406853333333
1.65547,	159.541998888889
1.655581,	168.376702222222
1.655692,	118.138911111111
1.655802,	124.024683888889
1.655913,	125.479736111111
1.656023,	149.073995
1.656134,	103.300967777778
1.656244,	147.547607222222
1.656355,	107.691353888889
1.656466,	123.897662777778
1.656576,	140.098419444444
1.656687,	140.074488333333
1.656798,	135.627916111111
1.656909,	145.922495555556
1.657019,	135.581588888889
1.65713,	166.501108888889
1.657241,	141.428103888889
1.657352,	194.430423333333
1.657463,	142.852495
1.657574,	132.520896111111
1.657685,	164.886712222222
1.657795,	132.475611111111
1.657906,	178.075663333333
1.658017,	122.130203333333
1.658128,	142.706095555556
1.658239,	151.507365
1.65835,	148.54009
1.658461,	167.630462777778
1.658572,	155.840267777778
1.658683,	171.982981111111
1.658794,	179.302012222222
1.658906,	183.679673888889
1.659017,	176.302354444444
1.659128,	170.396457222222
1.659239,	218.833906111111
1.65935,	167.401343333333
1.659461,	160.031806111111
1.659572,	137.985483888889
1.659684,	124.752773888889
1.659795,	151.145155
1.659906,	110.038325
1.660017,	129.089558888889
1.660129,	123.200776666667
1.66024,	140.776799444444
1.660351,	108.496890555556
1.660463,	123.137563333333
1.660574,	142.170248888889
1.660686,	140.680508333333
1.660797,	130.400237777778
1.660908,	140.632375
1.66102,	109.850243333333
1.661131,	123.011220555556
1.661243,	130.311016666667
1.661354,	128.824802222222
1.661466,	149.294111666667
1.661577,	137.561221666667
1.661689,	150.706176666667
1.661801,	130.199559444444
1.661912,	146.266598333333
1.662024,	141.854316111111
1.662135,	127.208387777778
1.662247,	135.958099444444
1.662359,	122.779846111111
1.662471,	130.065901111111
1.662582,	109.587334444444
1.662694,	111.029485
1.662806,	135.841767777778
1.662918,	115.372712777778
1.663029,	157.697702777778
1.663141,	118.253029444444
1.663253,	122.611770555556
1.663365,	97.7807361111111
1.663477,	142.998080555556
1.663589,	125.466613888889
1.663701,	126.903788333333
1.663813,	121.048397222222
1.663924,	135.609308888889
1.664037,	109.343617777778
1.664148,	126.816863888889
1.664261,	128.252555
1.664372,	104.915932777778
1.664485,	123.837865
1.664597,	128.186645555556
1.664709,	142.728847777778
1.664821,	115.037222777778
1.664933,	99.0024144444445
1.665045,	122.276136666667
1.665157,	98.9684805555556
1.665269,	130.965245555556
1.665382,	84.3853588888889
1.665494,	126.556345555556
1.665606,	120.716976666667
1.665718,	116.333762222222
1.665831,	104.682439444444
1.665943,	132.284291666667
1.666055,	129.354765
1.666168,	145.317518333333
1.66628,	127.857487777778
1.666392,	119.119508333333
1.666505,	149.600067222222
1.666617,	113.26995
1.666729,	105.990871666667
1.666842,	94.3592494444445
1.666955,	123.371709444444
1.667067,	142.215932222222
1.667179,	117.52566
1.667292,	127.660302222222
1.667405,	136.341018888889
1.667517,	129.066696111111
1.66763,	111.645287222222
1.667742,	117.424901111111
1.667855,	117.404751111111
1.667968,	144.919281111111
1.66808,	139.098637777778
1.668193,	140.523461111111
1.668306,	118.772650555556
1.668418,	95.5810972222222
1.668531,	111.49214
1.668644,	124.502317777778
1.668757,	117.243686111111
1.668869,	96.9627038888889
1.668982,	138.907792777778
1.669095,	125.863579444444
1.669208,	105.591541111111
1.669321,	128.712793888889
1.669434,	114.231075555556
1.669547,	102.645746666667
1.66966,	108.409991666667
1.669773,	115.617472222222
1.669886,	125.712407222222
1.669999,	118.467212222222
1.670112,	130.002670555556
1.670225,	124.203440555556
1.670338,	118.406202777778
1.670451,	105.392295
1.670564,	124.139463888889
1.670677,	112.572267222222
1.67079,	90.9081355555556
1.670903,	113.976338888889
1.671016,	92.3194038888889
1.67113,	115.379435
1.671243,	125.453576111111
1.671356,	106.689308888889
1.671469,	106.670981666667
1.671582,	83.5926227777778
1.671696,	110.957345
1.671809,	93.6491988888889
1.671922,	116.681255555556
1.672036,	106.579369444444
1.672149,	95.0409444444445
1.672263,	92.1450722222222
1.672376,	116.601070555556
1.672489,	80.5992294444444
1.672603,	102.170740555556
1.672716,	70.5000855555556
1.67283,	105.012681666667
1.672943,	122.25402
1.673057,	97.7864072222223
1.67317,	115.023049444444
1.673284,	109.253116111111
1.673397,	96.2986838888889
1.673511,	104.904412222222
1.673625,	107.759967222222
1.673738,	87.6297083333333
1.673852,	103.413992777778
1.673966,	103.396207777778
1.674079,	91.8919372222222
1.674193,	111.974037777778
1.674307,	107.648823888889
1.674421,	111.935526666667
1.674534,	123.39486
1.674648,	104.724129444444
1.674762,	113.312098333333
1.674876,	114.726689444444
1.67499,	107.537765555556
1.675103,	97.4841394444445
1.675217,	88.8672977777778
1.675331,	114.647759444444
1.675445,	117.493726666667
1.675559,	98.8496655555556
1.675673,	111.72387
1.675787,	97.3835327777778
1.675901,	98.7986333333334
1.676015,	105.939721111111
1.676129,	108.784230555556
1.676243,	98.7476266666667
1.676357,	88.7144811111111
1.676472,	95.8523727777778
1.676586,	134.456295555556
1.6767,	91.5289561111111
1.676814,	92.94309
1.676928,	104.364267777778
1.677042,	121.499108333333
1.677157,	68.5994511111111
1.677271,	91.4501866666667
1.677385,	92.8631
1.677499,	108.559688888889
1.677614,	105.684653333333
1.677728,	101.382675
1.677842,	101.365212222222
1.677957,	107.057486666667
1.678071,	94.1943611111111
1.678186,	98.4589638888889
1.6783,	89.8818288888889
1.678414,	122.674687777778
1.678529,	121.227349444444
1.678643,	92.6872933333334
1.678758,	119.759868888889
1.678872,	105.48456
1.678987,	112.592493888889
1.679101,	84.0735711111111
1.679216,	84.0590838888889
1.679331,	109.685321111111
1.679445,	119.636095
1.67956,	109.647522222222
1.679675,	105.357377777778
1.679789,	89.6806844444445
1.679904,	101.051288333333
1.680019,	115.263985555556
1.680133,	89.6343144444445
1.680248,	99.5765094444445
1.680363,	99.5593433333334
1.680478,	78.2117122222222
1.680592,	92.416085
1.680707,	125.095587777778
1.680822,	83.8564383333333
1.680937,	92.3682827777778
1.681052,	102.297990555556
1.681167,	106.542027777778
1.681282,	115.045547222222
1.681397,	90.8845094444445
1.681512,	103.647257222222
1.681627,	107.888124444444
1.681742,	114.966193333333
1.681857,	78.0499944444445
1.681972,	106.413447222222
1.682087,	112.069498888889
1.682202,	75.1728905555556
1.682317,	120.5395
1.682432,	77.9826861111111
1.682547,	76.5516066666667
1.682663,	104.885948888889
1.682778,	93.5307905555556
1.682893,	109.100418333333
1.683008,	130.331251111111
1.683123,	84.98397
1.683239,	93.4662288888889
1.683354,	97.69783
1.683469,	103.343632777778
1.683585,	118.895425
1.6837,	99.062415
1.683815,	103.290117222222
1.683931,	106.101658888889
1.684046,	94.7677866666667
1.684162,	93.3372161111111
1.684277,	118.772311666667
1.684393,	110.269529444444
1.684508,	118.731291111111
1.684624,	105.991770555556
1.684739,	81.9528111111111
1.684855,	93.2405427777778
1.68497,	87.5744711111111
1.685086,	101.681823888889
1.685202,	74.8361883333334
1.685317,	107.293735
1.685433,	81.8679133333333
1.685548,	115.724292222222
1.685664,	110.060187222222
1.68578,	98.7549
1.685896,	91.68513
1.686011,	77.5663166666667
1.686127,	97.2936588888889
1.686243,	102.916081666667
1.686359,	70.4782866666667
1.686475,	94.4245827777778
1.68659,	104.271808333333
1.686706,	85.9389327777778
1.686822,	109.870130555556
1.686938,	81.6841805555556
1.687054,	74.6295333333333
1.68717,	108.405295555556
1.687286,	97.1256172222223
1.687402,	98.5161927777778
1.687518,	85.8349861111111
1.687634,	85.8201427777778
1.68775,	75.9587944444445
1.687866,	88.60327
1.687982,	99.8372055555556
1.688098,	87.1667055555556
1.688215,	89.9629722222222
1.688331,	70.27142
1.688447,	103.983713888889
1.688563,	98.3459555555556
1.688679,	115.185335
1.688795,	105.33421
1.688912,	102.507561666667
1.689028,	85.6421833333334
1.689144,	80.0124611111111
1.689261,	105.261332222222
1.689377,	113.662567222222
1.689493,	81.3739266666667
1.68961,	96.7901611111111
1.689726,	113.603575
1.689843,	91.1475794444445
1.689959,	99.5439738888889
1.690075,	92.5178188888889
1.690192,	84.0925511111111
1.690308,	103.696195555556
1.690425,	114.886703333333
1.690541,	116.267623888889
1.690658,	78.4320494444444
1.690775,	95.2224222222222
1.690891,	67.2041916666667
1.691008,	96.5892961111111
1.691124,	89.5745594444445
1.691241,	95.1564872222222
1.691358,	96.5391288888889
1.691474,	76.9381544444445
1.691591,	107.694761666667
1.691708,	100.684153333333
1.691825,	124.435246666667
1.691941,	81.0785844444445
1.692058,	88.05286
1.692175,	136.947394444444
1.692292,	107.582880555556
1.692409,	121.533627222222
1.692526,	93.5786438888889
1.692642,	99.1482461111111
1.69276,	115.88562
1.692876,	121.449415555556
1.692993,	106.075363333333
1.69311,	76.75176
1.693227,	111.619576111111
1.693344,	110.205230555556
1.693461,	124.133741666667
1.693578,	124.112218333333
1.693696,	131.062096666667
1.693813,	118.493058888889
1.69393,	117.078721666667
1.694047,	136.568162777778
1.694164,	129.577925
1.694281,	115.624771111111
1.694399,	143.461286666667
1.694516,	154.577094444444
1.694633,	158.727332222222
1.69475,	155.915595
1.694868,	128.051317222222
1.694985,	134.987207777778
1.695102,	130.789659444444
1.69522,	122.420145555556
1.695337,	129.353400555556
1.695454,	112.643093333333
1.695572,	105.67148
1.695689,	122.335230555556
1.695807,	130.653593333333
1.695924,	101.447423333333
1.696042,	102.819273333333
1.696159,	106.969053333333
1.696277,	98.6166888888889
1.696394,	124.985377222222
1.696512,	134.683091666667
1.696629,	112.447806666667
1.696747,	84.6682144444445
1.696864,	92.9801011111111
1.696982,	102.676612222222
1.6971,	95.722385
1.697218,	99.8668922222222
1.697335,	77.6607683333334
1.697453,	74.8741661111111
1.697571,	117.837024444444
1.697688,	97.0254005555556
1.697806,	102.551905555556
1.697924,	80.3645661111111
1.698042,	96.9748772222222
1.69816,	109.424065555556
1.698278,	109.40506
1.698396,	120.463129444444
1.698514,	112.135848888889
1.698631,	85.8174727777778
1.698749,	96.8738638888889
1.698867,	98.2407122222222
1.698985,	94.0733505555556
1.699103,	82.9914772222222
1.699221,	96.8065727777778
1.69934,	92.6416183333333
1.699458,	103.685285555556
1.699576,	106.431732222222
1.699694,	110.559209444444
1.699812,	107.776497777778
1.69993,	102.231733333333
1.700048,	85.6387244444445
1.700167,	84.2428166666667
1.700285,	98.0360666666667
1.700403,	113.205075
1.700521,	56.5926994444445
1.700639,	84.1842566666667
1.700758,	111.766221666667
1.700876,	107.608023888889
1.700994,	108.968666666667
1.701113,	85.5048455555556
1.701231,	91.0054611111111
1.70135,	97.8827922222223
1.701468,	64.784385
1.701587,	95.0924511111111
1.701705,	103.343387222222
1.701824,	96.4370555555556
1.701942,	79.8910861111111
1.702061,	89.5175427777778
1.702179,	119.794947222222
1.702298,	94.9932605555556
1.702416,	77.0825705555556
1.702535,	86.7028044444445
1.702654,	112.831641111111
1.702772,	96.3029311111111
1.702891,	90.784115
1.70301,	105.896368888889
1.703128,	78.3771766666667
1.703247,	86.6123366666667
1.703366,	78.3499061111111
1.703485,	89.3308344444445
1.703604,	82.4448816666667
1.703722,	96.1689505555556
1.703841,	104.393827777778
1.70396,	78.2817416666667
1.704079,	96.1187405555556
1.704198,	94.7291227777778
1.704317,	71.37764
1.704436,	97.4409572222223
1.704555,	101.540501666667
1.704674,	86.4315966666667
1.704793,	85.0448522222222
1.704912,	86.4014944444445
1.705031,	95.9849461111111
1.70515,	86.3714088888889
1.705269,	95.9515127777778
1.705388,	98.6758
1.705507,	112.361196111111
1.705626,	104.121508888889
1.705746,	90.4055616666667
1.705865,	73.9552983333333
1.705984,	86.2661572222222
1.706103,	71.1914061111111
1.706223,	84.8672738888889
1.706342,	72.5351883333334
1.706461,	127.256554444444
1.70658,	71.1417983333334
1.7067,	87.5438861111111
1.706819,	79.322815
1.706938,	98.4525466666667
1.707058,	112.106967777778
1.707177,	116.188193333333
1.707297,	112.067896666667
1.707416,	98.3839244444445
1.707536,	86.0709294444445
1.707655,	66.9323855555556
1.707775,	94.2352972222222
1.707894,	90.1223922222222
1.708014,	105.124461111111
1.708133,	90.0909677777778
1.708253,	92.8048111111111
1.708373,	110.527632222222
1.708492,	107.779761666667
1.708612,	84.5718977777778
1.708732,	90.0124444444445
1.708851,	85.9059905555556
1.708971,	96.7977988888889
1.709091,	88.6022438888889
1.709211,	110.392769444444
1.70933,	74.944975
1.70945,	91.2806788888889
1.70957,	85.8161161111111
1.70969,	100.782292777778
1.70981,	95.3179677777778
1.70993,	111.638709444444
1.71005,	89.8398672222222
1.71017,	117.043643333333
1.71029,	88.4477827777778
1.71041,	85.7113477777778
1.71053,	99.2989944444445
1.71065,	97.9216344444445
1.71077,	96.5447572222222
1.71089,	104.685194444444
1.71101,	120.978647777778
1.71113,	96.4942083333334
1.71125,	89.683185
1.71137,	86.9503277777778
1.711491,	88.2935077777778
1.711611,	112.724329444444
1.711731,	103.199437222222
1.711851,	103.181415
1.711971,	81.4447866666667
1.712092,	104.502555
1.712212,	119.410637777778
1.712332,	99.0392472222223
1.712453,	81.3879055555556
1.712573,	107.142020555556
1.712693,	112.547268333333
1.712814,	79.9895055555556
1.712934,	66.4203561111111
1.713055,	94.8696477777778
1.713175,	117.888819444444
1.713296,	105.674955555556
1.713416,	71.7922294444445
1.713537,	96.1576927777778
1.713657,	69.0589483333333
1.713778,	82.5854833333334
1.713899,	102.875408333333
1.714019,	87.9701655555556
1.71414,	86.6016388888889
1.71426,	83.8806744444445
1.714381,	90.6293994444444
1.714502,	85.2037894444445
1.714623,	83.8366955555556
1.714743,	54.0787338888889
1.714864,	116.248948888889
1.714985,	106.768154444444
1.715106,	90.5343711111111
1.715227,	87.8164927777778
1.715347,	72.9424794444445
1.715468,	71.5791744444445
1.715589,	79.668545
1.71571,	76.9544561111111
1.715831,	68.8419427777778
1.715952,	76.9275327777778
1.716073,	94.4558883333333
1.716194,	84.9954222222222
1.716315,	102.516225
1.716436,	105.195617777778
1.716557,	105.177213888889
1.716678,	83.5877738888889
1.716799,	90.3129155555556
1.71692,	79.5153638888889
1.717041,	90.2813127777778
1.717163,	82.1820322222222
1.717284,	99.6787855555556
1.717405,	86.1935933333334
1.717526,	96.9508194444445
1.717648,	95.5875483333334
1.717769,	111.723624444444
1.71789,	82.0957605555556
1.718011,	88.8093738888889
1.718133,	92.8299033333334
1.718254,	122.406412777778
1.718376,	92.7974022222222
1.718497,	94.1258072222222
1.718618,	100.831417777778
1.71874,	59.144075
1.718861,	94.0763683333333
1.718983,	76.5916272222222
1.719104,	91.3564638888889
1.719226,	81.9377644444445
1.719347,	81.9234127777778
1.719469,	76.5379755555556
1.719591,	79.2096455555556
1.719712,	97.9879844444445
1.719834,	112.733544444444
1.719956,	68.4333716666667
1.720077,	88.5453205555556
1.720199,	101.94341
1.720321,	88.5142855555556
1.720442,	89.8396727777778
1.720564,	99.2085183333334
1.720686,	92.4890222222222
1.720808,	76.3905844444445
1.72093,	109.875962777778
1.721051,	83.0623883333334
1.721173,	60.2766505555556
1.721295,	107.139706111111
1.721417,	104.442893333333
1.721539,	96.3919238888889
1.721661,	87.0052338888889
1.721783,	76.2835183333334
1.721905,	93.665085
1.722027,	112.378396111111
1.722149,	74.9057938888889
1.722271,	77.5673927777778
1.722393,	93.5994044444445
1.722515,	90.9091866666667
1.722637,	104.259889444444
1.72276,	96.2230172222223
1.722882,	76.1631944444445
1.723004,	80.1577166666667
1.723126,	104.186757222222
1.723248,	90.8135394444445
1.723371,	94.8033822222222
1.723493,	84.1065555555556
1.723615,	61.4003583333334
1.723738,	72.0660316666667
1.72386,	110.748723333333
1.723982,	88.0497994444445
1.724105,	78.6973655555556
1.724227,	93.3533733333334
1.724349,	93.3369872222222
1.724472,	99.9863605555556
1.724594,	106.633393888889
1.724717,	87.9571111111111
1.724839,	94.6039155555556
1.724962,	101.248381111111
1.725085,	75.9229533333334
1.725207,	99.8810833333334
1.72533,	94.5374888888889
1.725452,	83.8706461111111
1.725575,	79.8627811111111
1.725698,	102.472568333333
1.72582,	82.4958883333334
1.725943,	81.151055
1.726066,	101.088468888889
1.726189,	102.400588888889
1.726311,	113.019756666667
1.726434,	83.752865
1.726557,	97.0299277777778
1.72668,	89.0392216666667
1.726803,	85.0374433333334
1.726926,	106.278127222222
1.727048,	104.931208333333
1.727171,	90.3046588888889
1.727294,	104.894332777778
1.727417,	106.203443888889
1.72754,	87.6024372222222
1.727663,	111.474414444444
1.727786,	82.2642772222222
1.727909,	116.741672222222
1.728032,	91.5199955555556
1.728155,	100.786904444444
1.728279,	112.702382222222
1.728402,	98.1001194444445
1.728525,	90.1302083333334
1.728648,	90.1143561111111
1.728771,	70.2238377777778
1.728895,	107.304356666667
1.729018,	98.0138988888889
1.729141,	86.0781438888889
1.729264,	107.247746666667
1.729388,	96.6383783333334
1.729511,	83.3855777777778
1.729634,	80.7242077777778
1.729758,	89.9718138888889
1.729881,	124.350925
1.730005,	103.166656666667
1.730128,	92.5691733333334
1.730251,	99.1638016666667
1.730375,	85.9268355555556
1.730498,	99.1289094444445
1.730622,	114.969296111111
1.730746,	97.7727677777778
1.730869,	79.2612627777778
1.730993,	116.229392222222
1.731116,	106.965043888889
1.73124,	105.62589
1.731364,	106.927388333333
1.731488,	95.0298311111111
1.731611,	80.4972161111111
1.731735,	83.1218294444445
1.731859,	77.8305477777778
1.731982,	114.746873888889
1.732106,	133.188425555556
1.73223,	88.337165
1.732354,	98.8674672222223
1.732478,	92.2600555555556
1.732602,	113.328102777778
1.732726,	94.8626283333333
1.732849,	114.605483888889
1.732973,	107.999937222222
1.733097,	110.61459
1.733221,	119.811367222222
1.733345,	100.044606666667
1.733469,	113.188425555556
1.733593,	110.53666
1.733717,	113.148549444444
1.733842,	103.920466111111
1.733966,	111.793458888889
1.73409,	117.033691666667
1.734214,	90.7179938888889
1.734338,	78.8713072222222
1.734462,	116.971825555556
1.734587,	90.6700388888889
1.734711,	118.244417222222
1.734835,	106.401214444444
1.734959,	85.3686355555556
1.735084,	90.6061127777778
1.735208,	106.344952222222
1.735332,	95.8248477777778
1.735457,	90.5582005555556
1.735581,	89.2300244444445
1.735706,	94.4621872222222
1.73583,	101.00424
1.735955,	108.855506111111
1.736079,	100.968619444444
1.736204,	97.0176611111111
1.736328,	110.108727222222
1.736453,	90.4305011111111
1.736577,	81.2420572222222
1.736702,	79.9176027777778
1.736827,	94.3123288888889
1.736951,	102.153659444444
1.737076,	86.4224583333334
1.737201,	104.736014444444
1.737325,	108.644443333333
1.73745,	73.2893372222222
1.737575,	104.680574444444
1.7377,	96.8124388888889
1.737824,	98.1034005555556
1.737949,	109.856415
1.738074,	111.144603888889
1.738199,	107.202928333333
1.738324,	115.026728333333
1.738449,	121.540883333333
1.738574,	101.919513333333
1.738699,	101.901516111111
1.738824,	101.883527777778
1.738949,	109.701343333333
1.739074,	120.127877222222
1.739199,	110.968110555556
1.739324,	101.811574444444
1.739449,	103.098636111111
1.739574,	90.0322722222222
1.739699,	106.975970555556
1.739824,	97.8265972222222
1.739949,	101.721683333333
1.740075,	116.046541111111
1.7402,	109.507726111111
1.740325,	89.9368794444445
1.74045,	97.7402072222223
1.740576,	115.964550555556
1.740701,	74.2563033333334
1.740826,	104.200956666667
1.740952,	101.577979444444
1.741077,	97.6538677777778
1.741202,	121.069395
1.741328,	82.0002577777778
1.741453,	89.79393
1.741579,	84.5735255555556
1.741704,	81.9567788888889
1.74183,	87.1449705555556
1.741955,	106.636182777778
1.742081,	118.319227222222
1.742206,	110.49842
1.742332,	100.080863333333
1.742458,	96.1646016666667
1.742583,	97.4468911111111
1.742709,	93.5324688888889
1.742834,	90.9182572222222
1.74296,	101.290995555556
1.743086,	97.3779633333334
1.743212,	73.9941577777778
1.743338,	92.1518538888889
1.743463,	110.303124444444
1.743589,	88.2268861111111
1.743715,	98.5890788888889
1.743841,	102.462616111111
1.743967,	99.8509555555556
1.744093,	94.6471405555556
1.744219,	99.8156144444445
1.744344,	98.501875
1.74447,	71.2716333333334
1.744596,	123.083758888889
1.744722,	98.44958
1.744848,	97.1369933333334
1.744975,	86.7603472222222
1.745101,	93.2184938888889
1.745227,	77.66833
1.745353,	84.12579
1.745479,	93.1689877777778
1.745605,	87.9773544444445
1.745731,	84.0811072222222
1.745858,	89.2395188888889
1.745984,	93.1030105555556
1.74611,	69.8148894444445
1.746236,	94.3626744444445
1.746363,	111.147291666667
1.746489,	78.8230644444445
1.746616,	98.1883916666667
1.746742,	118.838577222222
1.746868,	69.7407194444445
1.746995,	82.641025
1.747121,	86.4994894444445
1.747248,	112.30033
1.747374,	91.6311561111111
1.747501,	70.9693016666667
1.747627,	104.499901666667
1.747754,	95.4521266666667
1.74788,	92.8558772222222
1.748007,	65.7612566666667
1.748134,	72.1956377777778
1.74826,	113.430175555556
1.748387,	97.9450566666667
1.748514,	81.1769016666667
1.74864,	91.4688616666667
1.748767,	70.8435988888889
1.748894,	99.1634455555556
1.749021,	115.884781111111
1.749147,	83.6797161111111
1.749274,	99.1107005555556
1.749401,	96.519275
1.749528,	114.515897777778
1.749655,	86.193305
1.749782,	99.0404
1.749909,	96.4508138888889
1.750036,	117.006225555556
1.750163,	105.41548
1.75029,	109.252751666667
1.750417,	83.5314011111111
1.750544,	70.6678727777778
1.750671,	107.909961111111
1.750798,	69.3583805555556
1.750925,	101.450729444444
1.751052,	97.5808544444445
1.751179,	112.968300555556
1.751307,	85.9946866666667
1.751434,	88.5459727777778
1.751561,	102.643771666667
1.751688,	101.342731111111
1.751816,	105.172517777778
1.751943,	97.4596572222222
1.75207,	89.7495355555556
1.752197,	76.91452
1.752325,	93.5627155555556
1.752452,	80.7315655555556
1.75258,	111.466641111111
1.752707,	89.6698761111111
1.752835,	106.303973888889
1.752962,	99.8823716666667
1.75309,	78.0992633333334
1.753217,	70.4048583333334
1.753345,	108.788181111111
1.753472,	111.328116666667
1.7536,	97.23487
1.753727,	103.613493333333
1.753855,	84.4108072222222
1.753983,	88.2319811111111
1.75411,	111.229247777778
1.754238,	88.2006244444445
1.754366,	67.7362611111111
1.754494,	80.5023788888889
1.754621,	99.6518961111111
1.754749,	85.5832077777778
1.754877,	109.833543333333
1.755005,	88.1065961111111
1.755133,	75.3241305555556
1.755261,	85.5223677777778
1.755388,	95.7169683333334
1.755516,	104.631949444444
1.755644,	100.786022777778
1.755772,	110.972468333333
1.7559,	84.1710411111111
1.756028,	100.732260555556
1.756156,	90.515425
1.756285,	86.6754066666667
1.756413,	89.208815
1.756541,	99.3864272222223
1.756669,	66.2458294444445
1.756797,	90.4349433333334
1.756925,	91.6923605555556
1.757053,	103.135553888889
1.757182,	115.847718888889
1.75731,	86.5521238888889
1.757438,	87.8093211111111
1.757567,	80.1594627777778
1.757695,	90.3223588888889
1.757823,	104.297400555556
1.757952,	90.2902138888889
1.75808,	80.1024033333334
1.758208,	97.8855133333334
1.758337,	78.8028716666667
1.758465,	123.266415
1.758594,	77.5042555555556
1.758722,	104.167497222222
1.758851,	63.5054566666667
1.758979,	107.940055
1.759108,	90.1456366666667
1.759236,	87.5907222222222
1.759365,	105.343983888889
1.759494,	77.4076927777778
1.759622,	96.4251961111111
1.759751,	100.213597777778
1.75988,	96.3908472222222
1.760009,	97.6417538888889
1.760137,	93.8208094444445
1.760266,	93.8040922222222
1.760395,	91.2525855555556
1.760524,	103.908038888889
1.760653,	91.2200672222222
1.760781,	119.071646666667
1.76091,	77.2561222222222
1.761039,	102.567723333333
1.761168,	121.540078333333
1.761297,	112.657699444444
1.761426,	92.3881533333333
1.761555,	88.5755922222222
1.761684,	97.41578
1.761813,	94.8685794444444
1.761942,	87.2635394444445
1.762071,	104.950468333333
1.762201,	70.7973266666667
1.76233,	101.121003888889
1.762459,	99.8391811111111
1.762588,	97.2942522222223
1.762717,	94.7502305555556
1.762847,	85.8915538888889
1.762976,	118.711259444444
1.763105,	70.7089866666667
1.763234,	108.569429444444
1.763364,	84.5680744444445
1.763493,	100.958786111111
1.763623,	88.3231777777778
1.763752,	102.184303888889
1.763881,	93.3369022222222
1.764011,	78.1872305555556
1.76414,	102.12961
1.76427,	112.196451666667
1.764399,	88.2286577777778
1.764529,	95.7740105555556
1.764658,	91.9770388888889
1.764788,	102.038497777778
1.764918,	107.058317222222
1.765047,	105.779927777778
1.765177,	109.538218333333
1.765307,	109.518661666667
1.765436,	99.4302283333334
1.765566,	95.6373088888889
1.765696,	88.0712722222222
1.765826,	98.1190322222223
1.765955,	104.390063888889
1.766085,	90.5390677777778
1.766215,	94.2946794444445
1.766345,	91.7637633333334
1.766475,	106.829130555556
1.766605,	96.7573377777778
1.766735,	99.2527772222223
1.766865,	118.077146666667
1.766994,	85.4022472222222
1.767125,	84.1313
1.767255,	96.6709305555556
1.767385,	111.716562777778
1.767515,	97.891405
1.767645,	96.61911
1.767775,	112.91125
1.767905,	112.891065555556
1.768035,	102.837922777778
1.768165,	102.819536111111
1.768296,	76.4740327777778
1.768426,	85.2345022222222
1.768556,	97.7515072222222
1.768686,	68.9150194444445
1.768817,	80.17768
1.768947,	76.4056905555556
1.769077,	73.8873716666667
1.769208,	78.8825733333334
1.769338,	83.8759866666667
1.769469,	77.6027
1.769599,	98.8631777777778
1.76973,	87.5846183333334
1.76986,	91.3219027777778
1.76999,	101.311653888889
1.770121,	75.0322466666667
1.770252,	96.2741511111111
1.770382,	91.25657
1.770513,	81.2413111111111
1.770643,	103.720338333333
1.770774,	102.452358888889
1.770905,	97.4372438888889
1.771036,	87.4280294444445
1.771166,	117.382337777778
1.771297,	93.6393566666667
1.771428,	81.1395855555556
1.771559,	74.8846688888889
1.771689,	96.0847894444445
1.77182,	107.296261111111
1.771951,	107.277052222222
1.772082,	78.5726083333333
1.772213,	88.5342238888889
1.772344,	97.2455344444445
1.772475,	97.2281222222223
1.772606,	84.7477977777778
1.772737,	93.4550983333334
1.772868,	105.896801666667
1.772999,	93.4216222222222
1.77313,	82.1962994444445
1.773261,	90.8978016666667
1.773392,	99.5961844444445
1.773523,	80.9073977777778
1.773655,	99.5604961111111
1.773786,	82.1226927777778
1.773917,	103.257005555556
1.774048,	94.53164
1.774179,	100.732769444444
1.774311,	106.931677777778
1.774442,	67.1311105555556
1.774573,	105.650397222222
1.774705,	84.5051744444445
1.774836,	113.067533888889
1.774968,	132.923702777778
1.775099,	90.670005
1.77523,	74.50993
1.775362,	105.536812777778
1.775493,	115.448981666667
1.775625,	103.016637222222
1.775756,	105.48005
1.775888,	102.979693888889
1.77602,	90.5562588888889
1.776151,	114.105224444444
1.776283,	101.684239444444
1.776415,	117.783779444444
1.776546,	89.2516922222222
1.776678,	80.5599888888889
1.77681,	102.850460555556
1.776942,	91.6815438888889
1.777073,	107.768418888889
1.777205,	99.079615
1.777337,	102.776658888889
1.777469,	100.282109444444
1.777601,	81.6966838888889
1.777733,	87.8700594444445
1.777865,	98.9907411111111
1.777996,	91.550005
1.778129,	112.561552222222
1.778261,	112.541342777778
1.778393,	96.4466944444445
1.778525,	103.847020555556
1.778657,	92.7039083333333
1.778789,	80.3289538888889
1.778921,	82.7857461111111
1.779053,	79.0647211111111
1.779185,	86.4615122222222
1.779317,	90.1508161111111
1.77945,	86.4304605555556
1.779582,	106.166916111111
1.779714,	83.9308588888889
1.779846,	113.533113333333
1.779979,	113.512717222222
1.780111,	108.557875
1.780243,	109.771762222222
1.780376,	103.586196666667
1.780508,	113.431158888889
1.780641,	109.712600555556
1.780773,	94.9028355555556
1.780905,	121.995993888889
1.781038,	83.78017
1.78117,	105.938228888889
1.781303,	108.382424444444
1.781436,	109.594336666667
1.781568,	89.8758272222222
1.781701,	107.093031111111
1.781834,	95.9971788888889
1.781966,	99.6714527777778
1.782099,	116.877602222222
1.782232,	93.4852683333334
1.782364,	81.1699761111111
1.782497,	113.125678333333
1.78263,	78.6819711111111
1.782763,	89.7304788888889
1.782895,	97.0881227777778
1.783028,	117.959281111111
1.783161,	89.6820661111111
1.783294,	88.4376355555556
1.783427,	104.386757777778
1.78356,	108.051554444444
1.783693,	119.080844444444
1.783826,	119.059422777778
1.783959,	114.129215
1.784092,	94.4770727777778
1.784225,	84.6460383333334
1.784358,	88.3104027777778
1.784491,	116.499701666667
1.784624,	110.348273333333
1.784758,	107.876663333333
1.784891,	91.9237855555556
1.785024,	95.58353
1.785157,	95.5663216666667
1.78529,	85.7492066666667
1.785424,	99.2062122222222
1.785557,	96.7392561111111
1.78569,	82.0299105555556
1.785824,	83.2392461111111
1.785957,	99.1347672222223
1.786091,	74.6436055555556
1.786224,	97.8756122222222
1.786358,	102.750888333333
1.786491,	110.070402222222
1.786625,	110.050574444444
1.786758,	97.8051077777778
1.786892,	92.8981105555556
1.787025,	113.657472222222
1.787159,	84.3113116666667
1.787292,	100.178002222222
1.787426,	80.61654
1.78756,	130.672963333333
1.787694,	97.6818
1.787827,	86.676975
1.787961,	107.411253333333
1.788095,	65.8995694444445
1.788228,	89.0703922222222
1.788362,	115.892630555556
1.788496,	114.652031666667
1.78863,	102.436531666667
1.788764,	104.856584444444
1.788898,	101.180547222222
1.789032,	97.5058322222223
1.789166,	114.548696111111
1.7893,	85.2868311111111
1.789434,	102.325744444444
1.789568,	101.089341666667
1.789702,	96.2002138888889
1.789836,	98.6178672222222
1.78997,	111.990203888889
1.790104,	96.1481561111111
1.790238,	88.8297355555556
1.790372,	94.8968338888889
1.790507,	104.61096
1.790641,	94.8625861111111
1.790775,	93.6295066666667
1.790909,	93.6126033333334
1.791044,	92.3801761111111
1.791178,	88.717575
1.791312,	102.067548888889
1.791447,	99.6193866666667
1.791581,	121.465123333333
1.791716,	111.727735555556
1.79185,	95.9228005555556
1.791985,	116.543367222222
1.792119,	116.522327222222
1.792253,	88.58952
1.792388,	84.9335138888889
1.792523,	70.3607727777778
1.792657,	101.883400555556
1.792792,	115.204467777778
1.792927,	83.6597105555556
1.793061,	105.464926666667
1.793196,	112.718005555556
1.793331,	112.697635
1.793465,	79.9645233333333
1.7936,	106.600096111111
1.793735,	79.935625
1.79387,	99.2960105555556
1.794004,	113.806567777778
1.794139,	95.6286538888889
1.794274,	117.396248888889
1.794409,	95.5940922222222
1.794544,	96.7866433333334
1.794679,	93.1403094444445
1.794814,	94.3328688888889
1.794949,	113.662643333333
1.795084,	110.015225
1.795219,	130.543907777778
1.795354,	105.141355555556
1.795489,	118.413671111111
1.795624,	119.600346666667
1.79576,	91.7977988888889
1.795895,	84.5353105555556
1.79603,	109.876030555556
1.796165,	108.648944444444
1.7963,	115.871242777778
1.796436,	112.229961666667
1.796571,	95.3178827777778
1.796706,	85.6499394444445
1.796842,	107.344589444444
1.796977,	94.0602533333333
1.797112,	95.2489133333334
1.797248,	103.669933888889
1.797383,	127.756093333333
1.797519,	86.7620172222222
1.797654,	109.637705555556
1.79779,	112.027045555556
1.797925,	116.824256111111
1.798061,	91.5158422222222
1.798196,	98.7228988888889
1.798332,	115.557106666667
1.798468,	99.8906538888889
1.798603,	93.8561505555556
1.798739,	91.4330205555556
1.798875,	105.850643333333
1.799011,	117.857776111111
1.799146,	96.1930083333334
1.799282,	113.006312222222
1.799418,	110.581893888889
1.799554,	98.5442688888889
1.79969,	66.0847894444445
1.799826,	106.917835
1.799961,	115.30621
1.800097,	111.682654444444
1.800233,	80.4449633333333
1.800369,	114.043087222222
1.800505,	118.823369444444
1.800641,	102.001571666667
1.800777,	93.5844844444445
1.800913,	107.962519444444
1.80105,	103.145488888889
1.801186,	95.9318966666667
1.801322,	105.505964444444
1.801458,	124.666256111111
1.801594,	83.8947722222222
1.801731,	116.233105
1.801867,	106.627527777778
1.802003,	99.4211238888889
1.802139,	83.8339405555556
1.802276,	106.569536111111
1.802412,	99.3670483333334
1.802549,	98.1520505555556
1.802685,	100.527767777778
1.802821,	108.885328333333
1.802958,	120.828823333333
1.803094,	90.9042016666667
1.803231,	83.71237
1.803367,	78.9144811111111
1.803504,	88.4638216666667
1.80364,	103.985892222222
1.803777,	114.722230555556
1.803914,	89.6104772222222
1.80405,	107.513055
1.804187,	99.1329361111111
1.804324,	126.580530555556
1.804461,	99.0969511111111
1.804597,	101.466403333333
1.804734,	93.0934483333333
1.804871,	87.1101038888889
1.805008,	91.8665738888889
1.805144,	99.0070344444445
1.805281,	112.108086666667
1.805418,	122.819527777778
1.805555,	106.106338333333
1.805692,	106.08707
1.805829,	94.1500683333334
1.805966,	110.814768333333
1.806103,	73.8630933333334
1.80624,	106.010013333333
1.806377,	97.6544022222223
1.806514,	90.49252
1.806652,	115.476048888889
1.806789,	96.4109294444445
1.806926,	114.244045555556
1.807063,	122.552066111111
1.8072,	90.4103344444444
1.807338,	91.5832944444445
1.807475,	82.0532311111111
1.807612,	96.3058555555556
1.80775,	126.00697
1.807887,	91.5167238888889
1.808024,	102.194908888889
1.808161,	98.612035
1.808299,	104.533513333333
1.808437,	78.3858827777778
1.808574,	125.869581666667
1.808711,	111.599901111111
1.808849,	93.7743461111111
1.808987,	90.1968894444445
1.809124,	98.4865822222223
1.809262,	96.0959288888889
1.809399,	85.4030694444445
1.809537,	94.8750388888889
1.809675,	112.643610555556
1.809812,	114.994125555556
1.80995,	84.1556466666667
1.810088,	88.8806322222222
1.810226,	114.931369444444
1.810363,	92.402225
1.810501,	106.598544444444
1.810639,	105.394931111111
1.810777,	92.3517861111111
1.810915,	102.989010555556
1.811053,	94.6852961111111
1.811191,	114.785028888889
1.811329,	106.482187777778
1.811467,	92.2677611111111
1.811605,	98.1644861111111
1.811743,	95.7816316666667
1.811881,	91.0350966666667
1.812019,	109.931453888889
1.812157,	101.638531111111
1.812295,	116.981184444444
1.812433,	98.0572766666667
1.812572,	134.656541666667
1.81271,	129.908091111111
1.812848,	98.0037011111112
1.812986,	118.055241666667
1.813125,	80.2629344444445
1.813263,	118.012228888889
1.813401,	113.271094444444
1.81354,	107.35199
1.813678,	104.973475
1.813817,	84.9068872222222
1.813955,	109.651404444444
1.814094,	104.916093888889
1.814232,	102.539732222222
1.814371,	114.305072222222
1.814509,	91.8986594444445
1.814648,	88.34799
1.814786,	128.375667777778
1.814925,	93.0259533333334
1.815064,	113.023588333333
1.815202,	100.054719444444
1.815341,	91.7981722222222
1.81548,	98.8415444444445
1.815619,	121.176461111111
1.815757,	97.6292416666667
1.815896,	125.836418888889
1.816035,	104.64859
1.816174,	83.4684755555556
1.816313,	94.03183
1.816452,	90.4891205555556
1.816591,	116.321928333333
1.81673,	97.5046372222222
1.816869,	102.184999444444
1.817008,	95.1204005555556
1.817147,	103.321821666667
1.817286,	83.34671
1.817425,	95.0683255555556
1.817564,	106.785668333333
1.817703,	118.498721666667
1.817842,	110.265808333333
1.817981,	103.20872
1.81812,	138.368242222222
1.81826,	104.343431111111
1.818399,	119.562767777778
1.818538,	134.776552222222
1.818678,	93.74048
1.818817,	123.011906666667
1.818956,	85.5069477777778
1.819096,	122.966978333333
1.819235,	103.039211666667
1.819375,	115.897945555556
1.819514,	107.683461666667
1.819654,	119.366378888889
1.819793,	104.133987222222
1.819933,	95.9261405555556
1.820072,	123.979424444444
1.820212,	81.8582494444445
1.820351,	101.719512777778
1.820491,	116.897616666667
1.820631,	114.538726666667
1.820771,	99.326655
1.82091,	106.318512222222
1.82105,	116.812167777778
1.82119,	98.1042905555556
1.82133,	98.0863527777778
1.821469,	91.0635288888889
1.821609,	124.897647222222
1.821749,	101.53372
1.821889,	113.18356
1.822029,	108.496356666667
1.822169,	115.474997777778
1.822309,	110.789074444444
1.822449,	103.772888333333
1.822589,	109.582773888889
1.822729,	103.734927777778
1.822869,	108.377337777778
1.823009,	118.843722777778
1.823149,	107.172766666667
1.82329,	94.3413627777778
1.82343,	95.488595
1.82357,	111.771070555556
1.82371,	112.914682777778
1.82385,	96.6000366666667
1.823991,	86.1095683333333
1.824131,	117.506417222222
1.824271,	94.2205727777778
1.824412,	103.507351111111
1.824552,	109.302359444444
1.824692,	86.0307822222222
1.824833,	105.77524
1.824973,	106.91803
1.825114,	111.546207222222
1.825254,	106.878873888889
1.825395,	106.859300555556
1.825536,	123.097949444444
1.825676,	107.981253888889
1.825817,	105.639716111111
1.825957,	107.941699444444
1.826098,	85.8733538888889
1.826239,	119.50453
1.82638,	103.242280555556
1.82652,	90.4654183333333
1.826661,	88.1296455555556
1.826802,	91.5916527777778
1.826943,	98.5299261111111
1.827083,	89.2401633333333
1.827224,	83.4300572222222
1.827365,	86.8903772222222
1.827506,	96.1410605555556
1.827647,	130.866843333333
1.827788,	98.4216138888889
1.827929,	107.665083333333
1.82807,	86.8107605555556
1.828211,	115.726462222222
1.828352,	98.3494566666667
1.828493,	76.3514538888889
1.828635,	90.2169883333333
1.828776,	90.2004411111111
1.828917,	90.1839022222222
1.829058,	128.315090555556
1.8292,	102.864396666667
1.829341,	104.001091666667
1.829482,	114.380213333333
1.829623,	103.962936666667
1.829765,	130.507295555556
1.829906,	96.9964683333334
1.830047,	102.751210555556
1.830189,	96.9608733333334
1.83033,	93.4808266666667
1.830472,	116.541120555556
1.830613,	107.290446111111
1.830755,	92.2759161111111
1.830896,	115.323723888889
1.831038,	123.373726666667
1.83118,	80.6969705555556
1.831321,	111.802410555556
1.831463,	112.934273888889
1.831605,	103.696102777778
1.831746,	89.8534561111111
1.831888,	126.693140555556
1.83203,	102.487445555556
1.832172,	70.2313022222222
1.832313,	92.0897083333333
1.832455,	87.4691516666667
1.832597,	93.206575
1.832739,	96.6409133333334
1.832881,	115.027576111111
1.833023,	82.8046333333334
1.833165,	106.936331666667
1.833307,	101.168475555556
1.833449,	110.345331666667
1.833591,	101.131295
1.833733,	87.3246172222222
1.833875,	85.0109694444445
1.834017,	104.521297777778
1.834159,	98.760215
1.834301,	106.779208888889
1.834444,	92.9841444444445
1.834586,	86.0806022222222
1.834728,	99.8351372222223
1.834871,	100.964101111111
1.835013,	114.710837222222
1.835155,	106.661461666667
1.835298,	91.7349161111111
1.83544,	102.036327777778
1.835582,	108.895145
1.835725,	114.605390555556
1.835867,	98.5425061111111
1.83601,	114.563225555556
1.836152,	119.123831666667
1.836295,	127.118394444444
1.836437,	93.8899994444445
1.83658,	111.044566111111
1.836723,	100.722927777778
1.836865,	94.9825455555556
1.837008,	108.694958333333
1.837151,	115.538635
1.837293,	97.217585
1.837436,	109.778476111111
1.837579,	124.621361666667
1.837722,	100.593219444444
1.837865,	94.8602294444445
1.838008,	105.126919444444
1.83815,	118.817240555556
1.838293,	98.2346261111111
1.838436,	98.2165355555556
1.838579,	117.60977
1.838722,	92.4722033333333
1.838865,	113.000759444444
1.839008,	106.132676666667
1.839151,	111.818135555556
1.839294,	83.2777572222222
1.839438,	107.214618333333
1.839581,	109.475606111111
1.839724,	95.7735016666667
1.839867,	126.534525555556
1.84001,	119.672758333333
1.840154,	103.697281111111
1.840297,	99.1208816666667
1.84044,	100.241724444444
1.840583,	104.778849444444
1.840727,	109.314303888889
1.84087,	110.432628888889
1.841014,	101.306101666667
1.841157,	114.944161111111
1.841301,	97.8551994444445
1.841444,	95.5618711111111
1.841588,	112.605726666667
1.841731,	102.349963888889
1.841875,	110.290171111111
1.842018,	109.133029444444
1.842162,	94.3371922222222
1.842306,	92.0470261111111
1.842449,	107.936477777778
1.842593,	113.596377777778
1.842737,	102.217882222222
1.84288,	121.503278888889
1.843024,	89.6914755555556
1.843168,	98.7559338888889
1.843312,	95.3329638888889
1.843456,	112.335967777778
1.8436,	103.239254444444
1.843744,	100.951622777778
1.843888,	100.93299
1.844032,	105.449837777778
1.844176,	96.3610922222223
1.84432,	103.144005555556
1.844464,	95.1922694444445
1.844608,	109.904115555556
1.844752,	104.219707777778
1.844896,	94.0069411111111
1.84504,	105.313618888889
1.845184,	115.483932222222
1.845329,	91.6908944444445
1.845473,	115.441275555556
1.845617,	96.1832938888889
1.845761,	109.741838333333
1.845906,	98.4100594444445
1.84605,	118.748821666667
1.846194,	113.073221666667
1.846339,	90.4418605555556
1.846483,	106.249550555556
1.846628,	100.579384444444
1.846772,	97.1711055555556
1.846917,	86.9859566666667
1.847061,	103.912065555556
1.847206,	91.4708877777778
1.84735,	92.5830416666667
1.847495,	91.4370727777778
1.847639,	81.2623683333334
1.847784,	92.5316961111111
1.847929,	126.361388888889
1.848074,	108.289735555556
1.848218,	98.1194305555556
1.848363,	107.122090555556
1.848508,	82.2996438888889
1.848653,	111.591203333333
1.848798,	76.6343266666667
1.848943,	107.042855
1.849087,	91.2512377777778
1.849232,	86.7289566666667
1.849377,	111.488028888889
1.849522,	106.963662222222
1.849667,	99.0637972222222
1.849812,	117.053731111111
1.849957,	122.658615
1.850102,	87.7578055555556
1.850248,	92.2411344444445
1.850393,	104.595582777778
1.850538,	125.941255555556
1.850683,	89.9413805555556
1.850828,	95.5450272222222
1.850974,	97.7750394444445
1.851119,	92.1387227777778
1.851264,	108.973185
1.85141,	111.199459444444
1.851555,	114.547924444444
1.8517,	78.5967677777778
1.851846,	101.034266111111
1.851991,	98.7707605555556
1.852137,	89.7749666666667
1.852282,	111.075948333333
1.852428,	100.95943
1.852573,	99.8191577777778
1.852719,	82.98033
1.852864,	113.235948333333
1.85301,	89.675225
1.853156,	99.745195
1.853301,	118.775635
1.853447,	103.069178333333
1.853593,	105.290298333333
1.853739,	101.91107
1.853884,	96.2937077777778
1.85403,	102.992782777778
1.854176,	99.6158516666667
1.854322,	89.5257316666667
1.854468,	106.292097222222
1.854614,	116.340298333333
1.85476,	116.318723888889
1.854906,	115.178909444444
1.855052,	107.331305555556
1.855198,	100.604442777778
1.855344,	126.291037777778
1.85549,	97.2148811111111
1.855636,	127.361391111111
1.855782,	108.348795555556
1.855928,	80.4089272222222
1.856075,	107.19201
1.856221,	94.891985
1.856367,	101.571392222222
1.856513,	99.3206194444445
1.85666,	92.6076505555556
1.856806,	107.092590555556
1.856952,	98.1499822222223
1.857099,	111.513366666667
1.857245,	91.4239838888889
1.857392,	93.6364577777778
1.857538,	96.9626111111111
1.857685,	105.859052777778
1.857831,	109.181696666667
1.857978,	85.7696872222222
1.858124,	105.800094444444
1.858271,	103.553483888889
1.858418,	80.155555
1.858564,	85.70599
1.858711,	90.1415
1.858858,	92.3500572222222
1.859004,	103.457345
1.859151,	111.223788888889
1.859298,	114.539218333333
1.859445,	95.6169211111111
1.859592,	111.161804444444
1.859739,	78.9102172222222
1.859885,	110.009291111111
1.860032,	93.3238644444445
1.860179,	87.7525583333333
1.860326,	104.395031666667
1.860473,	99.9341072222223
1.86062,	112.127431111111
1.860767,	104.336818888889
1.860915,	108.756459444444
1.861062,	102.078916666667
1.861209,	93.1851622222222
1.861356,	97.6043955555556
1.861503,	102.021976111111
1.86165,	103.111733333333
1.861798,	123.045951111111
1.861945,	107.506646111111
1.862092,	108.594758888889
1.86224,	114.114074444444
1.862387,	120.739025555556
1.862535,	100.781716111111
1.862682,	109.621251666667
1.862829,	117.350404444444
1.862977,	106.259833333333
1.863124,	107.346725555556
1.863272,	115.071978888889
1.86342,	82.9691566666667
1.863567,	98.4384072222223
1.863715,	98.4200794444445
1.863862,	88.4510211111111
1.86401,	112.754050555556
1.864158,	100.57557
1.864305,	107.186966111111
1.864453,	111.58627
1.864601,	101.62401
1.864749,	86.1434427777778
1.864897,	104.898749444444
1.865044,	100.463248333333
1.865192,	77.2650316666667
1.86534,	87.1828627777778
1.865488,	112.544242222222
1.865636,	100.388412222222
1.865784,	134.561589444444
1.865932,	91.5289388888889
1.86608,	98.1272038888889
1.866228,	111.337085555556
1.866377,	78.2520805555556
1.866525,	91.4607322222222
1.866673,	103.562732222222
1.866821,	106.848000555556
1.866969,	115.638648333333
1.867118,	89.1903261111111
1.867266,	96.8800694444445
1.867414,	108.969760555556
1.867563,	118.853937777778
1.867711,	114.430601111111
1.867859,	95.707745
1.868008,	108.888507222222
1.868156,	98.9710911111111
1.868305,	84.6594744444445
1.868453,	97.834905
1.868602,	86.8260194444445
1.86875,	106.589270555556
1.868899,	103.273425555556
1.869048,	98.8603633333334
1.869196,	82.3682655555556
1.869345,	104.313668333333
1.869493,	88.924535
1.869642,	83.4197911111111
1.869791,	107.547556666667
1.86994,	115.208019444444
1.870089,	104.216367777778
1.870237,	121.745868333333
1.870386,	93.2114155555556
1.870535,	121.700413888889
1.870684,	103.042373888889
1.870833,	71.2394038888889
1.870982,	90.9502494444445
1.871131,	112.844899444444
1.87128,	107.346937222222
1.871429,	100.755852777778
1.871578,	93.0722638888889
1.871727,	111.665852777778
1.871876,	107.266761111111
1.872025,	116.001552777778
1.872175,	109.414986666667
1.872324,	105.01876
1.872473,	104.999143888889
1.872623,	84.2023211111111
1.872772,	80.9065922222222
1.872921,	109.312803333333
1.873071,	91.8055894444445
1.87322,	105.993787777778
1.873369,	108.159001666667
1.873519,	93.9387427777778
1.873668,	95.0132922222222
1.873818,	111.374071111111
1.873967,	112.444941111111
1.874117,	94.960005
1.874267,	120.041927777778
1.874416,	122.201656666667
1.874566,	111.269980555556
1.874715,	119.974593888889
1.874865,	111.228366666667
1.875015,	131.922692222222
1.875165,	120.997348333333
1.875314,	124.2443
1.875464,	86.0830177777778
1.875614,	103.498178888889
1.875764,	87.1400538888889
1.875914,	114.349925
1.876064,	102.351252222222
1.876214,	116.484408888889
1.876364,	94.6939
1.876514,	99.0291
1.876664,	83.7781694444445
1.876814,	117.485046111111
1.876964,	98.9734988888889
1.877114,	95.6927233333334
1.877264,	95.6748027777778
1.877414,	105.439978888889
1.877565,	110.854271666667
1.877715,	92.3612638888889
1.877865,	108.639958888889
1.878015,	118.395377222222
1.878166,	127.06114
1.878316,	108.578923333333
1.878466,	94.4459705555556
1.878617,	99.8551855555556
1.878767,	111.773452777778
1.878918,	123.687243888889
1.879068,	105.222939444444
1.879219,	107.37236
1.879369,	107.352235555556
1.87952,	92.1538372222222
1.879671,	108.395962222222
1.879821,	111.626917777778
1.879972,	105.104675555556
1.880122,	94.2514716666667
1.880273,	87.7349177777778
1.880424,	112.626181666667
1.880575,	113.687803333333
1.880725,	107.171266111111
1.880876,	122.303856666667
1.881027,	97.3918827777778
1.881178,	115.766415
1.881329,	122.235056666667
1.88148,	126.53823
1.881631,	99.4814811111111
1.881782,	127.571877222222
1.881933,	103.767818888889
1.882084,	95.1026577777778
1.882235,	113.453471111111
1.882386,	108.03065
1.882537,	103.689965
1.882689,	113.389612777778
1.88284,	104.73075
1.882991,	106.870083333333
1.883142,	112.246492222222
1.883293,	97.1181488888889
1.883445,	114.362131666667
1.883596,	100.317747222222
1.883747,	91.6710494444445
1.883899,	121.845694444444
1.88405,	97.02702
1.884202,	114.254811666667
1.884353,	118.544048888889
1.884505,	118.521787777778
1.884656,	76.4860533333333
1.884808,	113.091939444444
1.884959,	119.531877222222
1.885111,	105.512822222222
1.885263,	109.798838333333
1.885414,	115.159496666667
1.885566,	85.0083244444445
1.885718,	102.205988333333
1.88587,	108.640687777778
1.886021,	119.374753888889
1.886173,	97.8474
1.886325,	130.080328888889
1.886477,	121.457146666667
1.886629,	114.986470555556
1.886781,	106.369348888889
1.886933,	122.462895555556
1.887085,	111.699532222222
1.887237,	103.087870555556
1.887389,	117.025680555556
1.887541,	111.636530555556
1.887693,	123.421028888889
1.887845,	107.302449444444
1.887997,	98.6996883333334
1.888149,	107.26209
1.888302,	125.473039444444
1.888454,	94.3551294444445
1.888606,	103.985519444444
1.888759,	129.689492222222
1.888911,	102.874781111111
1.889063,	87.8556738888889
1.889216,	91.0527716666667
1.889368,	117.810821666667
1.889521,	124.213485555556
1.889673,	118.837085555556
1.889825,	129.518737777778
1.889978,	120.932752777778
1.890131,	100.579986666667
1.890283,	123.026818333333
1.890436,	95.1941344444445
1.890589,	115.494723888889
1.890741,	88.743125
1.890894,	96.2093605555556
1.891047,	115.429492777778
1.891199,	82.2814516666667
1.891352,	104.702122777778
1.891505,	84.3868338888889
1.891658,	123.886438888889
1.891811,	106.778530555556
1.891964,	97.1501583333334
1.892117,	108.873070555556
1.89227,	114.188461111111
1.892423,	104.564115555556
1.892576,	94.9433983333333
1.892729,	119.456812777778
1.892882,	106.637768333333
1.893035,	139.669138333333
1.893188,	108.729519444444
1.893341,	119.366768888889
1.893494,	127.868855555556
1.893648,	100.145051666667
1.893801,	106.517206666667
1.893954,	119.276775555556
1.894107,	100.088416111111
1.894261,	94.7466955555556
1.894414,	90.4713438888889
1.894568,	101.095962777778
1.894721,	108.52467
1.894874,	103.185365555556
1.895028,	96.7844983333334
1.895182,	113.780085
1.895335,	103.126975
1.895489,	127.555686111111
1.895642,	108.401879444444
1.895796,	102.006038888889
1.89595,	104.111514444444
1.896103,	92.4080827777778
1.896257,	112.56791
1.896411,	125.287797777778
1.896564,	96.6020116666667
1.896718,	119.933700555556
1.896872,	105.054812777778
1.897026,	114.583613333333
1.89718,	113.501222222222
1.897334,	108.176998333333
1.897488,	101.794416666667
1.897642,	95.4142422222222
1.897796,	126.134999444444
1.89795,	108.095296111111
1.898104,	133.504257222222
1.898258,	104.876386666667
1.898412,	118.625623888889
1.898566,	92.1292794444445
1.898721,	120.698318333333
1.898875,	84.6845666666667
1.899029,	130.177917222222
1.899183,	111.106491111111
1.899338,	112.143452777778
1.899492,	117.411041111111
1.899646,	111.043506111111
1.899801,	115.251939444444
1.899955,	116.287307777778
1.70830235537106,	19.657301
1.70842201863401,	17.19714
1.7085416986625,	22.106752
1.70866125419277,	24.558775
1.7087809677431,	22.099043
1.70890069806954,	12.275105
1.7090204451756,	31.909708
1.70914021142059,	24.541647
1.70925999209682,	31.898577
1.70937978956327,	7.359926
1.7094994600608,	12.264403
1.70961929345521,	29.429434
1.70973928509665,	12.260125
1.7098591497596,	34.322361
1.70997903358853,	31.865202
1.7100989318711,	14.704451
1.71021884696863,	7.350942
1.71033878124373,	34.298412
1.7104587299821,	22.045132
1.71057883949029,	22.041285
1.71069882190353,	31.831854
1.71081882350982,	41.619003
1.7109389835971,	39.16399
1.7110588725144,	-4.894644
1.71117906868651,	17.128265
1.71129913531933,	24.464678
1.71141936288826,	7.338122
1.71153960971398,	14.673682
1.71165972694936,	19.561493
1.71177986104577,	22.002838
1.71190015617348,	7.332999
1.71202047057354,	24.43906
1.71214065531518,	17.104355
1.71226085693207,	9.77221
1.71238122204022,	31.754137
1.71250145743887,	21.979794
1.71262185401172,	12.208863
1.71274226988031,	17.089424
1.71286270031713,	17.086439
1.71298314769113,	21.964439
1.7131036143726,	29.280804
1.71322395124222,	9.758563
1.71334444942922,	24.392145
1.7134651089981,	14.63273
1.71358549902925,	29.260345
1.71370604808173,	14.627617
1.71382661409642,	19.50008
1.71394719944594,	17.059589
1.71406779939612,	21.929924
1.71418841631925,	14.617393
1.71430905258896,	14.614839
1.71442984806217,	9.741523
1.7145503713329,	14.60973
1.71467120318886,	29.214352
1.71479190505155,	14.604623
1.71491276858328,	19.469425
1.71503350683092,	26.765779
1.7151542597085,	21.895445
1.71527502959133,	12.162009
1.71539596361215,	14.59186
1.71551676753698,	21.883961
1.71563758847783,	12.15563
1.71575857362968,	17.014906
1.71587942863413,	19.442205
1.71600044552354,	29.158209
1.7161213369807,	26.723682
1.71624238799616,	19.432005
1.71636345609011,	12.142879
1.71648439870234,	16.997057
1.71660550094401,	21.849535
1.716726620275,	16.99111
1.71684775907602,	21.84189
1.71696876757518,	26.690973
1.71708993817575,	19.40822
1.7172111282582,	7.276809
1.71733218798725,	19.401428
1.71745340988996,	16.973278
1.71757465128643,	19.394638
1.71769576227791,	12.119527
1.71781718306013,	24.234812
1.71793832825842,	14.538342
1.71805978095694,	14.535796
1.7181811079835,	9.688834
1.71830244976607,	12.108923
1.7184238086887,	29.056326
1.7185451871368,	24.209366
1.7186665803508,	9.682051
1.71878799071576,	4.840178
1.7189094206181,	4.83933
1.71903101066648,	14.515448
1.71915247252703,	12.094089
1.71927395393688,	7.255182
1.71939545013243,	4.835941
1.71951711133772,	24.175468
1.7196386419034,	26.588358
1.71976018964916,	0
1.71988190247832,	19.330214
1.72000348461609,	4.831707
1.72012522950025,	12.07715
1.72024684843078,	31.395088
1.72036862777004,	0
1.72049028112245,	19.313284
1.72061209493144,	0
1.72073378033251,	7.239944
1.7208556310137,	26.541807
1.72097749656487,	12.062344
1.72109923365725,	14.472275
1.72122113610362,	9.646492
1.72134305342995,	9.644801
1.72146499041864,	16.875444
1.72158694229396,	14.462131
1.72170891144911,	9.639729
1.72183075443448,	-4.81902
1.72195275813998,	7.227262
1.72207477913634,	21.677986
1.72219681981913,	26.490669
