1.50009,	832.433655
1.500174,	922.613953
1.500259,	821.894958
1.500344,	825.229126
1.500429,	904.831421
1.500513,	856.157593
1.500598,	786.705566
1.500683,	800.438416
1.500768,	762.19873
1.500853,	762.075195
1.500937,	741.171143
1.501022,	792.993774
1.501107,	813.638977
1.501192,	844.662659
1.501277,	809.914001
1.501362,	854.77063
1.501447,	833.871704
1.501532,	847.574463
1.501617,	875.108459
1.501702,	906.091858
1.501787,	919.776123
1.501872,	843.567627
1.501957,	815.777344
1.502042,	763.803223
1.502127,	884.624023
1.502212,	898.300598
1.502297,	915.427124
1.502382,	970.540771
1.502467,	966.930054
1.502552,	932.245605
1.502637,	987.329651
1.502722,	918.136658
1.502807,	883.476929
1.502893,	986.849304
1.502978,	955.639587
1.503063,	817.508423
1.503148,	813.927002
1.503233,	924.140076
1.503319,	948.124207
1.503404,	1016.913696
1.503489,	975.389465
1.503574,	1016.583801
1.50366,	988.85498
1.503745,	1050.703247
1.50383,	1167.641357
1.503916,	1019.368103
1.504001,	1022.645935
1.504086,	1043.13623
1.504172,	1111.809692
1.504257,	991.174072
1.504342,	1066.715698
1.504428,	1087.185303
1.504513,	1169.566528
1.504599,	1203.770142
1.504684,	1127.921631
1.50477,	1292.773438
1.504855,	1296.001343
1.504941,	1144.558105
1.505026,	1171.864746
1.505112,	1175.110596
1.505197,	1082.163086
1.505283,	1099.161865
1.505368,	1123.023682
1.505454,	1088.503784
1.505539,	1050.561768
1.505625,	1208.293213
1.505711,	1221.825562
1.505796,	1159.859497
1.505882,	1228.290894
1.505968,	1231.521851
1.506053,	1214.172607
1.506139,	1097.379028
1.506225,	1138.345947
1.50631,	1145.017578
1.506396,	959.739136
1.506482,	1093.239502
1.506567,	1103.341675
1.506653,	986.679504
1.506739,	1109.834229
1.506825,	1205.550049
1.506911,	1225.900146
1.506997,	1170.921143
1.507082,	1091.997681
1.507168,	1132.891968
1.507254,	1016.357361
1.50734,	1064.093628
1.507426,	1067.341797
1.507512,	1026.123535
1.507598,	1025.956909
1.507684,	1005.274475
1.50777,	1042.717407
1.507856,	1128.002808
1.507941,	1165.413696
1.508028,	1154.973145
1.508114,	1165.035156
1.5082,	1325.396484
1.508286,	1250.042114
1.508372,	1147.393188
1.508458,	1157.449829
1.508544,	1085.572998
1.50863,	1068.330688
1.508716,	1037.443359
1.508802,	1132.813354
1.508888,	1115.571655
1.508974,	1156.322144
1.509061,	1132.261353
1.509147,	1285.521606
1.509233,	1285.312744
1.509319,	1135.118286
1.509405,	1271.262329
1.509492,	1192.679688
1.509578,	1199.300049
1.509664,	1049.217041
1.50975,	1011.580627
1.509837,	970.550964
1.509923,	1024.87146
1.510009,	1034.917969
1.510095,	1157.286011
1.510182,	1157.0979
1.510268,	1058.2323
1.510355,	1132.906982
1.510441,	1057.888306
1.510527,	1152.944946
1.510614,	1067.745972
1.5107,	1036.973145
1.510787,	1094.59375
1.510873,	1006.046875
1.51096,	944.714783
1.511046,	975.140564
1.511133,	957.996277
1.511219,	1035.96228
1.511306,	1042.58606
1.511392,	1110.326416
1.511479,	1066.011719
1.511565,	1147.303711
1.511652,	1126.75415
1.511738,	980.659729
1.511825,	1099.245972
1.511912,	1048.18457
1.511998,	1003.922913
1.512085,	1010.54187
1.512172,	1010.377563
1.512258,	918.683899
1.512345,	1064.279907
1.512432,	1081.051147
1.512518,	1155.418579
1.512605,	1311.068237
1.512692,	1205.851196
1.512779,	1293.708496
1.512865,	1269.795288
1.512952,	1157.86499
1.513039,	1188.141846
1.513126,	1204.870972
1.513213,	1184.371582
1.5133,	1106.36145
1.513386,	1177.220703
1.513473,	1200.705078
1.51356,	1230.945312
1.513647,	1278.081421
1.513734,	1409.717651
1.513821,	1443.289062
1.513908,	1446.433716
1.513995,	1354.966309
1.514082,	1395.286987
1.514169,	1438.97229
1.514256,	1290.136108
1.514343,	1306.810059
1.51443,	1482.161011
1.514517,	1512.300903
1.514604,	1593.057739
1.514691,	1592.798584
1.514778,	1754.492676
1.514865,	1892.519653
1.514953,	1932.68689
1.51504,	1932.372437
1.515127,	1955.660767
1.515214,	1894.659546
1.515301,	1752.780518
1.515388,	1806.418213
1.515475,	1822.972412
1.515563,	1927.117432
1.51565,	1899.855469
1.515737,	1990.482056
1.515824,	2131.590576
1.515912,	2185.114014
1.515999,	2191.491211
1.516086,	2157.476562
1.516174,	2237.891357
1.516261,	2183.691895
1.516348,	2126.145752
1.516436,	2199.799072
1.516523,	2048.103271
1.51661,	2158.73291
1.516698,	2235.706543
1.516785,	2477.364746
1.516873,	2712.222412
1.51696,	2839.473145
1.517048,	2845.730469
1.517135,	3103.927734
1.517223,	3130.291748
1.51731,	2935.010254
1.517398,	2867.380615
1.517485,	3054.908203
1.517573,	2789.247559
1.51766,	2755.233887
1.517748,	2754.7854
1.517835,	2958.98291
1.517923,	3065.839111
1.518011,	3125.70752
1.518098,	3229.148438
1.518186,	3627.590332
1.518273,	3536.492188
1.518361,	3267.789795
1.518449,	3344.331543
1.518537,	3276.7771
1.518624,	2994.848145
1.518712,	3024.505127
1.5188,	2933.593506
1.518887,	2869.497803
1.518975,	3116.764648
1.519063,	3320.437012
1.519151,	3811.856689
1.519239,	3848.042969
1.519326,	3921.019043
1.519414,	3873.549805
1.519502,	3836.129395
1.51959,	3711.77832
1.519678,	3356.773438
1.519766,	3366.255127
1.519854,	3138.429443
1.519942,	2900.652832
1.52003,	2813.30835
1.520118,	2839.575439
1.520206,	3216.547852
1.520294,	2985.592041
1.520382,	3125.345459
1.52047,	3178.252197
1.520558,	3217.789551
1.520646,	2850.149902
1.520734,	2792.95874
1.520822,	2565.633545
1.52091,	2531.857666
1.520998,	2261.290771
1.521086,	2204.232422
1.521174,	2463.936768
1.521262,	2543.541748
1.521351,	2573.124756
1.521439,	2619.360596
1.521527,	2958.79541
1.521615,	2821.724365
1.521703,	2698.021484
1.521792,	2581.019287
1.52188,	2497.353516
1.521968,	2300.52002
1.522056,	2270.186523
1.522145,	2233.206299
1.522233,	2086.426514
1.522321,	2052.81543
1.52241,	1969.317017
1.522498,	2308.248535
1.522586,	2191.480957
1.522675,	2297.52124
1.522763,	2207.388184
1.522851,	2323.362549
1.52294,	2322.983887
1.523028,	2239.536133
1.523117,	2056.449219
1.523205,	2082.687256
1.523294,	2125.522217
1.523382,	2091.969727
1.523471,	2088.308594
1.523559,	2230.706543
1.523648,	2485.902832
1.523736,	2515.363281
1.523825,	2584.628418
1.523913,	2617.380371
1.524002,	2474.331055
1.524091,	2354.542236
1.524179,	2427.104004
1.524268,	2171.439453
1.524357,	1935.746216
1.524445,	2233.698975
1.524534,	2196.885498
1.524623,	2199.840088
1.524711,	2451.229004
1.5248,	2626.361328
1.524889,	2821.304932
1.524978,	2794.35791
1.525066,	2608.524414
1.525155,	2717.321289
1.525244,	2773.134766
1.525333,	2653.56958
1.525422,	2686.218018
1.52551,	2665.934082
1.525599,	2794.474609
1.525688,	2840.310059
1.525777,	3226.647461
1.525866,	3487.251709
1.525955,	3480.072754
1.526044,	3681.071533
1.526133,	3779.585693
1.526222,	3858.247803
1.526311,	3748.627197
1.5264,	3635.73999
1.526489,	3549.302979
1.526578,	3575.132812
1.526667,	3452.427002
1.526756,	3804.969971
1.526845,	3913.23291
1.526934,	4282.080078
1.527023,	4406.722168
1.527112,	4861.11377
1.527201,	5120.812012
1.52729,	5370.535156
1.527379,	5455.361816
1.527468,	5451.175293
1.527558,	5348.133789
1.527647,	5455.984863
1.527736,	5547.32959
1.527825,	5862.609863
1.527915,	6266.699219
1.528004,	6440.179688
1.528093,	7268.708984
1.528182,	7892.897461
1.528272,	8276.644531
1.528361,	8456.263672
1.52845,	8836.503906
1.52854,	8841.639648
1.528629,	8488.297852
1.528718,	8019.983398
1.528808,	8058.125488
1.528897,	8290.197266
1.528986,	8430.166992
1.529076,	8839.549805
1.529165,	9744.915039
1.529255,	10883.219727
1.529344,	11433.232422
1.529434,	12120.990234
1.529523,	12769.123047
1.529613,	13298.859375
1.529702,	12443.283203
1.529792,	12785.837891
1.529881,	13102.029297
1.529971,	12929.291992
1.53006,	13242.076172
1.53015,	14571.447266
1.53024,	16152.874023
1.530329,	16976.433594
1.530419,	18494.667969
1.530509,	19943.576172
1.530598,	21234.71875
1.530688,	20579.238281
1.530778,	19920.697266
1.530867,	19963.296875
1.530957,	19223.199219
1.531047,	17717.160156
1.531137,	18382.109375
1.531226,	18352.917969
1.531316,	18143.740234
1.531406,	18755.9375
1.531496,	19596.947266
1.531586,	20509.644531
1.531675,	19803.126953
1.531765,	19528.478516
1.531855,	19152.566406
1.531945,	17465.931641
1.532035,	15953.074219
1.532125,	14672.729492
1.532215,	13843.695312
1.532305,	13439.615234
1.532395,	12441.207031
1.532485,	12837.591797
1.532575,	13204.459961
1.532665,	12866.040039
1.532755,	12524.466797
1.532845,	11895.808594
1.532935,	11123.780273
1.533025,	9663.610352
1.533115,	8797.601562
1.533205,	7690.526855
1.533295,	7102.302246
1.533385,	6387.11377
1.533475,	6359.990234
1.533566,	6137.315918
1.533656,	5989.666016
1.533746,	6063.626465
1.533836,	6473.108398
1.533926,	6302.675293
1.534016,	6171.37793
1.534107,	5694.973145
1.534197,	5596.373535
1.534287,	5396.898926
1.534378,	4842.745117
1.534468,	4669.491211
1.534558,	4880.202637
1.534649,	4729.769043
1.534739,	4862.34375
1.534829,	5063.164062
1.53492,	5159.875977
1.53501,	5028.999023
1.5351,	4969.671387
1.535191,	5040.352539
1.535281,	5016.783203
1.535372,	4765.813477
1.535462,	4605.874512
1.535553,	4462.225586
1.535643,	4480.977539
1.535734,	4632.83252
1.535824,	5031.334961
1.535915,	5293.395996
1.536005,	5646.230469
1.536096,	5924.327148
1.536186,	6267.210449
1.536277,	6441.326172
1.536368,	6304.072754
1.536458,	6140.925293
1.536549,	6363.602539
1.53664,	6093.537598
1.53673,	6011.521973
1.536821,	6042.939941
1.536912,	6395.072266
1.537002,	6568.937988
1.537093,	6639.111328
1.537184,	6861.450195
1.537275,	6831.188965
1.537365,	6373.65332
1.537456,	5968.05127
1.537547,	5853.815918
1.537638,	5390.193359
1.537729,	5120.815918
1.53782,	4958.259766
1.53791,	4989.785645
1.538001,	5438.395996
1.538092,	5414.875977
1.538183,	5863.269531
1.538274,	6127.308594
1.538365,	6226.471191
1.538456,	6335.293457
1.538547,	6689.568359
1.538638,	6323.529297
1.538729,	6051.252441
1.53882,	6079.317871
1.538911,	5975.025879
1.539002,	6061.188965
1.539093,	6289.308594
1.539184,	6672.221191
1.539275,	6942.102539
1.539366,	7111.908691
1.539457,	7529.971191
1.539549,	7912.428711
1.53964,	7708.034668
1.539731,	7452.135742
1.539822,	7112.529297
1.539913,	7040.475586
1.540004,	6456.202148
1.540096,	6381.058105
1.540187,	6560.365723
1.540278,	6958.57959
1.540369,	7192.466309
1.540461,	7461.685059
1.540552,	8236.118164
1.540643,	8331.306641
1.540735,	8146.547363
1.540826,	8405.782227
1.540917,	8385.105469
1.541009,	7840.251953
1.5411,	7556.017578
1.541192,	7631.934082
1.541283,	7325.327148
1.541374,	7214.858887
1.541466,	7583.196289
1.541557,	8153.812012
1.541649,	7975.806152
1.54174,	7849.244141
1.541832,	7722.724121
1.541923,	7432.504883
1.542015,	6590.250488
1.542106,	5979.358887
1.542198,	5894.944336
1.542289,	5566.712402
1.542381,	5299.539551
1.542473,	5202.447266
1.542564,	5512.663574
1.542656,	5579.093262
1.542748,	5340.945312
1.542839,	5695.860352
1.542931,	5746.203125
1.543023,	5271.027832
1.543114,	4639.025391
1.543206,	4570.996582
1.543298,	4176.31543
1.54339,	3762.550293
1.543481,	3637.068848
1.543573,	3630.069824
1.543665,	3549.459473
1.543757,	3337.672607
1.543849,	3567.492188
1.543941,	3538.115479
1.544032,	3438.381592
1.544124,	3313.09668
1.544216,	3082.336914
1.544308,	2874.031494
1.5444,	2806.435547
1.544492,	2515.150635
1.544584,	2569.058838
1.544676,	2440.844238
1.544768,	2600.158691
1.54486,	2644.44458
1.544952,	2672.75
1.545044,	2579.722168
1.545136,	2764.446533
1.545228,	2703.35083
1.54532,	2533.775879
1.545412,	2472.738037
1.545504,	2389.389404
1.545596,	2251.845215
1.545689,	2232.341064
1.545781,	2251.105713
1.545873,	2295.368408
1.545965,	2400.178711
1.546057,	2300.98877
1.54615,	2367.526123
1.546242,	2456.343262
1.546334,	2255.26001
1.546426,	2219.855957
1.546519,	2289.547119
1.546611,	2250.965332
1.546703,	2183.746338
1.546796,	2129.280273
1.546888,	2316.683838
1.54698,	2214.488037
1.547073,	2230.030273
1.547165,	2286.916504
1.547258,	2410.567383
1.54735,	2295.704346
1.547442,	2362.088623
1.547535,	2431.629883
1.547627,	2339.066162
1.54772,	2192.514404
1.547812,	2100.020264
1.547905,	2007.556396
1.547997,	2061.218506
1.54809,	2029.125122
1.548182,	2225.638428
1.548275,	2253.842529
1.548367,	2005.907715
1.54846,	2227.715088
1.548553,	2148.027344
1.548645,	2154.019043
1.548738,	2102.916016
1.548831,	2058.172363
1.548923,	1969.052368
1.549016,	1943.366821
1.549109,	1946.217163
1.549201,	2126.54248
1.549294,	2072.325195
1.549387,	2097.330078
1.549479,	2087.482422
1.549572,	2372.180908
1.549665,	2248.293213
1.549758,	2260.588135
1.549851,	2250.719727
1.549944,	2234.524658
1.550037,	2072.766357
1.550129,	2142.033691
1.550222,	2195.460938
1.550315,	2074.907227
1.550408,	2280.125244
1.550501,	2488.4375
1.550594,	2371.056396
1.550687,	2370.666504
1.55078,	2484.049805
1.550873,	2486.80127
1.550966,	2524.304443
1.551059,	2369.107666
1.551152,	2488.73291
1.551245,	2677.790039
1.551338,	2611.047363
1.551431,	2932.604736
1.551524,	3310.86792
1.551617,	3417.617188
1.55171,	3609.520752
1.551804,	3700.412109
1.551897,	3734.498779
1.55199,	3345.989502
1.552083,	3121.569092
1.552176,	3092.682373
1.55227,	3152.062744
1.552363,	3006.573242
1.552456,	3267.613525
1.552549,	3475.009521
1.552643,	3713.836914
1.552736,	3820.307861
1.552829,	4314.064941
1.552922,	4621.901855
1.553016,	4633.73291
1.553109,	4683.328613
1.553203,	4937.455566
1.553296,	4640.884766
1.553389,	4747.080078
1.553483,	4607.904297
1.553576,	4858.730469
1.55367,	5027.722656
1.553763,	4916.863281
1.553857,	5554.135254
1.55395,	5779.498535
1.554044,	5671.711426
1.554137,	5981.806641
1.554231,	6049.928223
1.554324,	5882.476562
1.554418,	5790.443848
1.554512,	5795.77002
1.554605,	5832.485352
1.554699,	5944.514648
1.554793,	6304.416016
1.554886,	6664.19873
1.55498,	6835.639648
1.555073,	7007.023438
1.555167,	7209.710938
1.555261,	7161.491211
1.555354,	7392.30127
1.555448,	7228.091309
1.555542,	7139.150391
1.555636,	7147.375
1.55573,	7105.469727
1.555823,	7426.9375
1.555917,	7538.462402
1.556011,	7612.374023
1.556105,	7852.196289
1.556199,	8279.760742
1.556293,	8406.719727
1.556387,	8411.59375
1.556481,	8610.451172
1.556575,	8799.857422
1.556669,	8785.896484
1.556762,	8800.085938
1.556856,	9186.351562
1.55695,	8969.128906
1.557044,	9302.101562
1.557138,	9650.589844
1.557232,	9711.494141
1.557327,	9700.521484
1.55742,	9811.374023
1.557515,	9819.126953
1.557609,	9767.546875
1.557703,	8941.702148
1.557797,	8855.945312
1.557891,	8445.625977
1.557985,	7810.760254
1.558079,	7506.828613
1.558174,	7187.398926
1.558268,	6840.003418
1.558362,	6555.092285
1.558456,	6089.431641
1.558551,	5645.746582
1.558645,	5298.833496
1.558739,	4821.143555
1.558833,	4449.552734
1.558928,	4006.429443
1.559022,	3725.42749
1.559116,	3640.724609
1.559211,	3235.320068
1.559305,	2991.944336
1.5594,	3044.369385
1.559494,	2947.38501
1.559588,	2741.518555
1.559683,	2663.283691
1.559777,	2401.537354
1.559872,	2258.068115
1.559966,	1965.376953
1.560061,	1806.480469
1.560155,	1650.745239
1.56025,	1625.607056
1.560344,	1594.261719
1.560439,	1513.211304
1.560534,	1457.041138
1.560628,	1481.650269
1.560723,	1496.934326
1.560817,	1447.004761
1.560912,	1403.301025
1.561007,	1201.300659
1.561101,	1073.853882
1.561196,	1008.511414
1.561291,	1057.986572
1.561386,	1113.649658
1.56148,	1169.294312
1.561575,	1150.494995
1.56167,	1181.310669
1.561765,	1224.516357
1.561859,	1084.835449
1.561954,	1035.072144
1.562049,	1050.393799
1.562144,	988.260559
1.562239,	1037.657227
1.562334,	969.352539
1.562429,	932.035034
1.562523,	981.416443
1.562618,	981.254456
1.562713,	1058.465698
1.562808,	940.703125
1.562903,	1002.425964
1.562998,	1011.540649
1.563093,	983.53772
1.563188,	946.266846
1.563283,	912.100098
1.563378,	902.675476
1.563473,	797.437744
1.563569,	917.829102
1.563664,	840.431946
1.563759,	855.739746
1.563854,	926.64093
1.563949,	969.72406
1.564044,	1031.31958
1.564139,	1046.585571
1.564235,	987.764282
1.56433,	993.773682
1.564425,	1021.381226
1.56452,	1070.576294
1.564615,	1033.382812
1.564711,	999.285767
1.564806,	1033.041504
1.564901,	1116.117065
1.564997,	1069.692505
1.565092,	1115.748413
1.565187,	1171.03418
1.565283,	1167.759521
1.565378,	1130.598755
1.565474,	1099.610596
1.565569,	1087.110352
1.565664,	1108.484619
1.56576,	1049.807861
1.565855,	1218.930176
1.565951,	1163.332031
1.566046,	1224.681641
1.566142,	1350.619019
1.566237,	1479.590942
1.566333,	1380.928345
1.566428,	1411.450684
1.566524,	1454.261108
1.56662,	1395.614014
1.566715,	1284.736206
1.566811,	1321.400146
1.566906,	1256.658936
1.567002,	1320.963379
1.567098,	1259.315063
1.567193,	1256.035889
1.567289,	1268.110107
1.567385,	1280.18042
1.567481,	1258.482544
1.567576,	1261.343384
1.567672,	1169.081299
1.567768,	1119.800781
1.567864,	1061.334351
1.567959,	1137.832153
1.568055,	965.924133
1.568151,	990.291748
1.568247,	1036.109253
1.568343,	1078.846558
1.568439,	1011.251343
1.568535,	1204.109253
1.568631,	1164.086182
1.568727,	1166.956543
1.568823,	1056.518066
1.568919,	1117.580688
1.569014,	1016.370972
1.56911,	1025.385376
1.569206,	1012.974426
1.569302,	991.388
1.569399,	1058.529297
1.569495,	1000.236511
1.569591,	1027.595947
1.569687,	978.500854
1.569783,	963.052429
1.569879,	1036.256348
1.569975,	846.594482
1.570071,	822.008057
1.570167,	937.9729
1.570264,	968.36554
1.57036,	980.422363
1.570456,	894.754578
1.570552,	915.97937
1.570649,	928.038818
1.570745,	976.721313
1.570841,	1040.646362
1.570938,	979.44928
1.571034,	970.134949
1.57113,	954.723206
1.571227,	933.217041
1.571323,	826.339722
1.571419,	862.787598
1.571516,	841.307251
1.571612,	889.931335
1.571708,	868.453552
1.571805,	874.403198
1.571901,	852.935059
1.571998,	807.108459
1.572094,	843.517029
1.572191,	822.064575
1.572287,	773.221619
1.572384,	742.656799
1.572481,	800.354065
1.572577,	769.794861
1.572674,	751.414429
1.57277,	766.498291
1.572867,	720.753967
1.572964,	732.797241
1.57306,	799.559143
1.573157,	750.792358
1.573254,	717.237427
1.57335,	744.46637
1.573447,	665.351562
1.573544,	677.391846
1.57364,	677.279663
1.573737,	686.277344
1.573834,	746.886047
1.573931,	707.299255
1.574028,	643.444641
1.574124,	779.89563
1.574221,	713.015991
1.574318,	685.595398
1.574415,	606.621033
1.574512,	670.205139
1.574609,	676.158325
1.574706,	682.109436
1.574803,	688.058594
1.5749,	672.791565
1.574997,	712.071289
1.575094,	684.686951
1.575191,	717.893433
1.575288,	732.917358
1.575385,	711.599304
1.575482,	714.508911
1.575579,	726.498779
1.575676,	635.581055
1.575773,	735.336121
1.57587,	677.728333
1.575967,	668.540771
1.576064,	671.454529
1.576162,	641.102478
1.576259,	725.656067
1.576356,	752.743347
1.576453,	689.144653
1.57655,	734.361328
1.576648,	670.786743
1.576745,	700.886108
1.576842,	706.811035
1.57694,	664.412964
1.577037,	703.557007
1.577134,	745.707153
1.577232,	760.676208
1.577329,	688.116699
1.577426,	811.722351
1.577524,	733.144287
1.577621,	675.70813
1.577719,	660.515747
1.577816,	726.748352
1.577913,	672.356873
1.578011,	599.895996
1.578108,	602.810547
1.578206,	623.80542
1.578303,	656.845459
1.578401,	611.548218
1.578499,	599.398499
1.578596,	584.241272
1.578694,	505.856934
1.578791,	478.678009
1.578889,	424.417603
1.578987,	559.7771
1.579084,	568.711365
1.579182,	490.394531
1.57928,	535.43396
1.579377,	535.345093
1.579475,	502.178619
1.579573,	493.075592
1.57967,	571.151306
1.579768,	477.884094
1.579866,	570.96167
1.579964,	489.743683
1.580062,	507.686768
1.580159,	510.606018
1.580257,	540.551941
1.580355,	507.433929
1.580453,	507.34967
1.580551,	492.257568
1.580649,	456.162964
1.580747,	492.094086
1.580845,	450.011322
1.580943,	425.939972
1.581041,	464.857239
1.581139,	434.79422
1.581237,	410.737366
1.581335,	431.652222
1.581433,	419.592194
1.581531,	488.444031
1.581629,	452.40979
1.581727,	452.334656
1.581825,	521.146729
1.581923,	512.076355
1.582021,	491.032562
1.58212,	443.053314
1.582218,	571.683289
1.582316,	502.758301
1.582414,	547.556396
1.582512,	481.649933
1.58261,	457.640961
1.582709,	475.508636
1.582807,	415.627136
1.582905,	466.381714
1.583004,	460.325958
1.583102,	457.260803
1.5832,	510.971252
1.583299,	483.997589
1.583397,	415.21283
1.583495,	492.796631
1.583594,	444.93631
1.583692,	507.561066
1.583791,	495.536072
1.583889,	492.469025
1.583988,	525.212952
1.584086,	543.027649
1.584185,	626.466187
1.584283,	572.673889
1.584382,	542.756836
1.58448,	524.776489
1.584579,	503.820923
1.584677,	527.582703
1.584776,	482.791992
1.584875,	566.143372
1.584973,	574.986816
1.585072,	542.125366
1.585171,	550.969849
1.585269,	512.167847
1.585368,	625.217224
1.585467,	529.857849
1.585565,	601.199341
1.585664,	517.778625
1.585763,	544.469727
1.585862,	532.480164
1.58596,	493.726227
1.586059,	517.434204
1.586158,	558.973816
1.586257,	564.826355
1.586356,	532.037354
1.586455,	588.412659
1.586553,	609.113708
1.586652,	528.800964
1.586751,	445.544647
1.58685,	492.987366
1.586949,	478.058777
1.587048,	495.792114
1.587147,	534.297791
1.587246,	439.238373
1.587345,	448.067261
1.587444,	522.163635
1.587543,	516.144043
1.587642,	504.194733
1.587741,	601.96759
1.587841,	480.307983
1.58794,	521.729187
1.588039,	506.822937
1.588138,	459.324432
1.588237,	548.134644
1.588336,	619.14093
1.588436,	542.02832
1.588535,	598.204895
1.588634,	571.457031
1.588733,	559.520142
1.588833,	532.787598
1.588932,	479.428986
1.589031,	603.624817
1.589131,	426.017151
1.58923,	482.14743
1.589329,	582.621033
1.589429,	496.771698
1.589528,	555.818604
1.589627,	535.034119
1.589727,	517.211975
1.589826,	555.540894
1.589926,	531.812256
1.590025,	487.41333
1.590125,	510.960358
1.590224,	525.640381
1.590324,	507.837555
1.590423,	540.225525
1.590523,	543.087036
1.590622,	566.605103
1.590722,	590.115295
1.590822,	528.065186
1.590921,	584.019409
1.591021,	560.329285
1.591121,	589.721985
1.59122,	566.038757
1.59132,	524.677612
1.59142,	492.171692
1.591519,	439.050049
1.591619,	486.115326
1.591719,	580.295471
1.591819,	491.843597
1.591918,	512.37439
1.592018,	568.228516
1.592118,	529.865723
1.592218,	520.947754
1.592318,	517.918213
1.592418,	506.062927
1.592517,	526.570679
1.592617,	532.365356
1.592717,	517.572815
1.592817,	488.083862
1.592917,	464.484283
1.593017,	505.556793
1.593117,	517.227661
1.593217,	478.94342
1.593317,	525.86853
1.593417,	455.285095
1.593517,	481.640656
1.593617,	475.687622
1.593717,	484.415833
1.593817,	496.076447
1.593918,	466.644958
1.594018,	472.435883
1.594118,	425.414734
1.594218,	507.479095
1.594318,	524.991943
1.594419,	419.336975
1.594519,	454.450256
1.594619,	483.688904
1.594719,	442.574768
1.59482,	413.196198
1.59492,	486.37677
1.59502,	503.872528
1.59512,	477.427429
1.595221,	471.490692
1.595321,	494.836212
1.595421,	491.82608
1.595522,	433.203033
1.595622,	479.955658
1.595723,	421.354126
1.595823,	435.911682
1.595924,	488.490601
1.596024,	397.746277
1.596125,	476.631042
1.596225,	456.08606
1.596326,	473.548737
1.596426,	485.160278
1.596527,	438.324646
1.596627,	455.781494
1.596728,	493.680817
1.596828,	388.453156
1.596929,	405.909576
1.59703,	414.600952
1.59713,	472.916443
1.597231,	499.106201
1.597332,	481.513275
1.597432,	466.843964
1.597533,	504.690704
1.597634,	475.438416
1.597735,	452.028473
1.597836,	443.205475
1.597936,	472.284821
1.598037,	443.057404
1.598138,	486.698853
1.598239,	425.426086
1.59834,	442.835358
1.59844,	439.84845
1.598541,	500.935699
1.598642,	442.613403
1.598743,	462.919525
1.598844,	424.999725
1.598945,	456.943878
1.599046,	407.397766
1.599147,	488.795624
1.599248,	433.442688
1.599349,	445.004333
1.59945,	415.849579
1.599551,	450.670685
1.599652,	447.688293
1.599753,	430.17395
1.599854,	453.3508
1.599956,	464.89743
1.600057,	502.586304
1.600158,	467.646637
1.600259,	371.731415
1.60036,	406.513275
1.600462,	461.605713
1.600563,	502.16626
1.600664,	438.233673
1.600765,	478.784515
1.600867,	443.889587
1.600968,	536.639465
1.601069,	461.1427
1.601171,	490.063416
1.601272,	553.765991
1.601373,	426.12558
1.601475,	478.224213
1.601576,	501.326965
1.601677,	437.50119
1.601779,	515.643616
1.60188,	477.904266
1.601982,	521.262878
1.602083,	503.803162
1.602185,	497.928986
1.602286,	480.478973
1.602388,	460.140778
1.602489,	526.613892
1.602591,	497.595764
1.602693,	503.297546
1.602794,	563.945923
1.602896,	523.369934
1.602997,	546.410828
1.603099,	485.617188
1.603201,	630.040649
1.603302,	517.240356
1.603404,	488.262512
1.603506,	525.733154
1.603608,	511.204315
1.603709,	499.568024
1.603811,	563.002625
1.603913,	484.967224
1.604015,	522.406982
1.604117,	562.71991
1.604218,	493.379425
1.60432,	496.18158
1.604422,	498.982788
1.604524,	530.621155
1.604626,	544.948914
1.604728,	510.263519
1.60483,	504.41333
1.604932,	489.919464
1.605034,	489.837402
1.605136,	498.398071
1.605238,	452.227692
1.60534,	495.351166
1.605442,	581.652161
1.605544,	475.032349
1.605646,	532.522766
1.605748,	552.579712
1.60585,	489.181305
1.605952,	506.361664
1.606054,	480.387665
1.606157,	566.589905
1.606259,	497.480347
1.606361,	451.394928
1.606463,	457.068573
1.606566,	462.740326
1.606668,	454.041718
1.60677,	508.556427
1.606872,	453.889526
1.606975,	471.046875
1.607077,	542.76178
1.607179,	442.176239
1.607282,	479.422394
1.607384,	442.027985
1.607486,	418.995239
1.607589,	467.703918
1.607691,	502.051941
1.607794,	461.810333
1.607896,	530.562683
1.607999,	484.594879
1.608101,	487.380585
1.608204,	487.298859
1.608306,	452.825317
1.608409,	449.883881
1.608511,	432.618317
1.608614,	421.087585
1.608716,	547.035645
1.608819,	452.44574
1.608922,	466.685333
1.609024,	486.645416
1.609127,	455.080231
1.60923,	466.450531
1.609332,	520.73468
1.609435,	414.801453
1.609538,	500.538452
1.609641,	531.911621
1.609743,	477.496429
1.609846,	471.69873
1.609949,	477.336182
1.610052,	508.692108
1.610155,	420.029175
1.610258,	522.805725
1.61036,	399.893524
1.610463,	408.394135
1.610566,	442.590668
1.610669,	453.936157
1.610772,	428.169769
1.610875,	408.120026
1.610978,	422.319031
1.611081,	465.043579
1.611184,	422.177277
1.611287,	496.260223
1.61139,	439.145081
1.611493,	447.624695
1.611596,	438.99762
1.611699,	507.327637
1.611802,	447.399231
1.611905,	544.196838
1.612009,	481.433624
1.612112,	512.683472
1.612215,	521.140625
1.612318,	486.885712
1.612421,	435.561401
1.612525,	435.488251
1.612628,	426.877563
1.612731,	523.548523
1.612835,	440.958649
1.612938,	435.19574
1.613041,	375.399902
1.613145,	435.04953
1.613248,	486.150146
1.613351,	491.753479
1.613455,	497.354919
1.613558,	534.211487
1.613661,	488.664581
1.613765,	480.060669
1.613868,	511.221313
1.613972,	528.173218
1.614075,	485.497009
1.614179,	570.57605
1.614282,	638.597168
1.614386,	510.79187
1.614489,	550.427612
1.614593,	544.661499
1.614697,	601.296021
1.6148,	538.806763
1.614904,	535.880859
1.615008,	521.616394
1.615111,	592.388611
1.615215,	512.93927
1.615319,	544.020935
1.615422,	532.597595
1.615526,	512.680603
1.61563,	586.226746
1.615734,	603.117371
1.615837,	549.22583
1.615941,	619.898071
1.616045,	557.531433
1.616149,	594.2229
1.616253,	613.927063
1.616357,	630.795898
1.61646,	740.989746
1.616565,	656.033264
1.616668,	647.441162
1.616772,	726.481995
1.616876,	655.702209
1.61698,	644.288635
1.617084,	740.242188
1.617188,	658.196228
1.617292,	663.734314
1.617396,	598.672302
1.6175,	703.039246
1.617605,	722.681763
1.617709,	716.915161
1.617813,	671.64209
1.617917,	660.242859
1.618021,	710.911133
1.618125,	722.073914
1.61823,	685.29071
1.618334,	645.700256
1.618438,	603.303894
1.618542,	710.313049
1.618647,	684.829407
1.618751,	690.349609
1.618855,	659.243347
1.618959,	639.414734
1.619064,	552.000793
1.619168,	642.01532
1.619272,	613.753357
1.619377,	608.020203
1.619481,	641.69104
1.619586,	635.955078
1.61969,	604.899597
1.619794,	590.732666
1.619899,	663.759216
1.620003,	638.338806
1.620108,	615.738586
1.620212,	728.07959
1.620317,	640.826965
1.620422,	708.163147
1.620526,	772.66687
1.620631,	747.253723
1.620735,	710.614075
1.62084,	688.028076
1.620945,	786.185364
1.621049,	780.438232
1.621154,	760.658752
1.621259,	729.660278
1.621364,	709.895935
1.621468,	625.613159
1.621573,	642.337524
1.621678,	695.514648
1.621783,	555.19635
1.621887,	630.798584
1.621992,	557.812317
1.622097,	602.559937
1.622202,	523.998657
1.622307,	585.546875
1.622412,	633.068359
1.622517,	588.150146
1.622622,	562.848816
1.622727,	568.353455
1.622832,	543.063965
1.622936,	556.966553
1.623042,	512.098938
1.623147,	593.151184
1.623252,	579.064148
1.623357,	606.935852
1.623462,	601.240601
1.623567,	634.691162
1.623672,	559.104919
1.623777,	642.862244
1.623882,	586.862183
1.623987,	597.939636
1.624092,	505.648682
1.624198,	589.358398
1.624303,	617.185974
1.624408,	555.652893
1.624514,	619.76947
1.624619,	650.36908
1.624724,	597.233887
1.624829,	605.50415
1.624935,	641.670288
1.62504,	591.352844
1.625145,	658.187317
1.625251,	702.691589
1.625356,	638.44928
1.625461,	607.678833
1.625567,	599.215149
1.625672,	713.363647
1.625778,	621.301758
1.625883,	632.339417
1.625989,	607.166199
1.626094,	554.15448
1.6262,	662.645752
1.626305,	620.777527
1.626411,	623.455994
1.626517,	648.396118
1.626622,	623.245483
1.626728,	637.049683
1.626834,	720.384277
1.626939,	756.414795
1.627045,	728.482422
1.627151,	672.75946
1.627256,	717.118286
1.627362,	739.229614
1.627468,	691.868774
1.627573,	733.423706
1.627679,	697.190369
1.627785,	799.828308
1.627891,	710.83844
1.627997,	732.928284
1.628103,	682.840515
1.628209,	713.25354
1.628314,	788.05365
1.62842,	704.689453
1.628526,	732.309387
1.628632,	879.177429
1.628738,	715.424133
1.628844,	845.610413
1.62895,	864.871704
1.629056,	731.690857
1.629162,	770.362427
1.629268,	792.397217
1.629374,	714.699036
1.62948,	808.747437
1.629587,	791.995483
1.629693,	728.18042
1.629799,	675.460022
1.629905,	733.469849
1.630011,	761.019287
1.630117,	700.019409
1.630224,	661.171326
1.63033,	730.208008
1.630436,	724.55365
1.630542,	691.251038
1.630649,	699.427795
1.630755,	624.679626
1.630861,	721.300049
1.630968,	784.730164
1.631074,	693.429443
1.63118,	737.507385
1.631287,	798.140747
1.631393,	731.735352
1.6315,	748.176392
1.631606,	720.446533
1.631713,	745.163391
1.631819,	681.571228
1.631926,	692.491638
1.632032,	714.4422
1.632139,	695.01532
1.632245,	628.71698
1.632352,	714.07959
1.632458,	667.096619
1.632565,	639.422424
1.632672,	677.893494
1.632778,	619.919617
1.632885,	633.588379
1.632992,	721.617615
1.633098,	804.109497
1.633205,	726.880066
1.633312,	696.475464
1.633419,	729.386414
1.633525,	693.487793
1.633632,	726.388
1.633739,	673.995972
1.633846,	632.623779
1.633953,	643.516968
1.634059,	632.409546
1.634166,	673.539612
1.634273,	634.944092
1.63438,	645.829407
1.634487,	601.756165
1.634594,	620.885193
1.634701,	664.729065
1.634808,	587.718689
1.634915,	620.569763
1.635022,	595.75592
1.635129,	612.124695
1.635236,	672.39978
1.635343,	617.405396
1.63545,	674.915527
1.635558,	710.461426
1.635665,	660.973755
1.635772,	663.603943
1.635879,	647.04126
1.635986,	663.379028
1.636093,	622.15509
1.636201,	665.894592
1.636308,	643.862976
1.636415,	567.05127
1.636522,	660.078247
1.63663,	640.797241
1.636737,	665.330505
1.636844,	555.716858
1.636952,	656.893799
1.637059,	569.211487
1.637167,	604.684631
1.637274,	574.489807
1.637381,	620.890869
1.637489,	683.68457
1.637596,	727.317078
1.637704,	661.582275
1.637811,	707.937012
1.637919,	746.077332
1.638026,	699.499695
1.638134,	652.937805
1.638242,	715.651428
1.638349,	633.599121
1.638457,	644.41394
1.638564,	685.256226
1.638672,	685.140015
1.63878,	584.044189
1.638887,	649.434265
1.638995,	649.324097
1.639103,	632.847229
1.639211,	700.923035
1.639318,	714.438416
1.639426,	755.213257
1.639534,	716.921997
1.639642,	749.506042
1.639749,	694.878601
1.639857,	798.29364
1.639965,	841.743591
1.640073,	754.444702
1.640181,	786.994629
1.640289,	852.205933
1.640397,	724.115967
1.640505,	786.593994
1.640613,	789.181763
1.640721,	688.376221
1.640829,	791.634277
1.640937,	720.781677
1.641045,	747.854004
1.641153,	861.925354
1.641261,	810.126648
1.641369,	875.223083
1.641477,	866.921631
1.641585,	893.946045
1.641694,	820.443359
1.641802,	814.871521
1.64191,	996.690247
1.642018,	925.922729
1.642126,	917.620911
1.642235,	895.749939
1.642343,	1066.575562
1.642451,	1047.400024
1.64256,	941.414734
1.642668,	971.092834
1.642776,	846.171814
1.642884,	987.032715
1.642993,	919.085815
1.643101,	875.55835
1.64321,	1027.18335
1.643318,	937.585938
1.643427,	875.112122
1.643535,	972.482544
1.643644,	1010.234985
1.643752,	942.364685
1.643861,	974.694336
1.643969,	955.579468
1.644078,	941.884277
1.644186,	1009.37677
1.644295,	1055.201172
1.644404,	1049.61145
1.644512,	1016.976257
1.644621,	1124.973999
1.64473,	1062.595215
1.644838,	997.534241
1.644947,	1124.400269
1.645056,	959.361145
1.645164,	1021.343201
1.645273,	1072.498169
1.645382,	1058.810547
1.645491,	1107.241089
1.6456,	1196.156982
1.645709,	1174.356201
1.645817,	1133.668335
1.645926,	1209.040527
1.646035,	1171.058838
1.646144,	1249.096802
1.646253,	1372.963501
1.646362,	1405.092896
1.646471,	1491.140503
1.64658,	1523.23877
1.646689,	1528.370728
1.646798,	1433.782837
1.646907,	1627.551636
1.647016,	1508.731567
1.647125,	1597.367065
1.647234,	1492.058594
1.647343,	1448.720093
1.647453,	1440.396606
1.647562,	1502.064453
1.647671,	1542.180054
1.64778,	1431.588379
1.647889,	1509.369141
1.647999,	1544.082642
1.648108,	1455.063599
1.648217,	1503.220215
1.648326,	1500.275635
1.648436,	1459.697021
1.648545,	1459.448486
1.648654,	1494.134766
1.648764,	1348.79126
1.648873,	1509.744263
1.648983,	1313.415039
1.649092,	1323.933228
1.649201,	1377.407837
1.649311,	1242.945801
1.64942,	1138.054565
1.64953,	1204.95166
1.649639,	1121.567871
1.649749,	1113.328735
1.649858,	1231.158569
1.649968,	1179.994507
1.650078,	1099.353027
1.650187,	1147.421875
1.650297,	1144.545898
1.650406,	1069.311523
1.650516,	1109.322144
1.650626,	1010.00769
1.650735,	921.441467
1.650845,	1033.766846
1.650955,	1001.458313
1.651065,	1081.604858
1.651174,	1105.511597
1.651284,	998.27002
1.651394,	1137.245117
1.651504,	987.228088
1.651614,	949.610352
1.651724,	962.820984
1.651834,	935.916382
1.651943,	999.923035
1.652053,	1005.098816
1.652163,	900.692932
1.652273,	1090.267212
1.652383,	1082.06604
1.652493,	1009.756104
1.652603,	940.141663
1.652713,	1022.763733
1.652823,	1067.978394
1.652933,	1115.847046
1.653044,	1043.592773
1.653154,	1099.454956
1.653264,	1147.293701
1.653374,	1112.418335
1.653484,	1133.566284
1.653594,	1082.704468
1.653705,	1130.513184
1.653815,	1000
1.653925,	900
1.654035,	990
1.654145,	1000
1.654256,	1116.229004
1.654366,	1179.964355
1.654476,	1185.089233
1.654587,	1243.465576
1.654697,	1200.657959
1.654808,	1213.761841
1.654918,	1186.94165
1.655028,	1237.295166
1.655139,	1194.5177
1.655249,	1162.394409
1.65536,	1151.558105
1.65547,	1364.084106
1.655581,	1286.752441
1.655692,	1222.737793
1.655802,	1273.02478
1.655913,	1296.72229
1.656023,	1166.319458
1.656134,	1134.244629
1.656244,	1189.823853
1.656355,	1274.593628
1.656466,	1239.861572
1.656576,	1199.832397
1.656687,	1191.665283
1.656798,	1265.762329
1.656909,	1297.383667
1.657019,	1286.551392
1.65713,	1174.937866
1.657241,	1315.281372
1.657352,	1153.325928
1.657463,	1171.684937
1.657574,	1213.891479
1.657685,	1057.33606
1.657795,	1006.814697
1.657906,	1157.639038
1.658017,	1085.928833
1.658128,	1069.854248
1.658239,	963.763428
1.65835,	1056.252441
1.658461,	1050.77832
1.658572,	979.1474
1.658683,	1031.897827
1.658794,	1068.757568
1.658906,	1124.119629
1.659017,	1100.126587
1.659128,	1110.514893
1.659239,	1105.03772
1.65935,	1075.773804
1.659461,	1072.947144
1.659572,	1099.186523
1.659684,	1062.012939
1.659795,	1061.831421
1.659906,	1077.495361
1.660017,	1095.794312
1.660129,	1169.527344
1.66024,	1177.245972
1.660351,	1142.736206
1.660463,	1068.658203
1.660574,	1115.963135
1.660686,	1121.047729
1.660797,	1176.239502
1.660908,	1152.306519
1.66102,	1215.383057
1.661131,	1323.249268
1.661243,	1262.40625
1.661354,	1359.687256
1.661466,	1383.166016
1.661577,	1322.343872
1.661689,	1382.692627
1.661801,	1321.891235
1.661912,	1226.884277
1.662024,	1250.365356
1.662135,	1329.108276
1.662247,	1370.984009
1.662359,	1270.771362
1.662471,	1320.53418
1.662582,	1315.047974
1.662694,	1251.711304
1.662806,	1196.283936
1.662918,	1067.27063
1.663029,	1161.706421
1.663141,	1095.811401
1.663253,	1153.426514
1.663365,	1166.363647
1.663477,	1132.019531
1.663589,	1102.939087
1.663701,	1089.622192
1.663813,	1092.060791
1.663924,	1070.876099
1.664037,	1020.83197
1.664148,	1033.776123
1.664261,	1015.235596
1.664372,	967.849487
1.664485,	907.36731
1.664597,	1051.421875
1.664709,	1014.539978
1.664821,	883.311096
1.664933,	888.401062
1.665045,	869.90741
1.665157,	867.13855
1.665269,	903.660217
1.665382,	961.120178
1.665494,	981.90271
1.665606,	884.869934
1.665718,	910.893372
1.665831,	902.886047
1.665943,	889.648193
1.666055,	805.778442
1.666168,	837.028931
1.66628,	842.115906
1.666392,	716.460266
1.666505,	820.912231
1.666617,	789.404419
1.666729,	752.68042
1.666842,	862.298401
1.666955,	768.097717
1.667067,	814.984314
1.667179,	770.445984
1.667292,	741.590271
1.667405,	741.463074
1.667517,	772.659973
1.66763,	858.653748
1.667742,	816.755432
1.667855,	827.05127
1.667968,	819.08374
1.66808,	839.807983
1.668193,	787.510864
1.668306,	800.411743
1.668418,	753.352783
1.668531,	820.98761
1.668644,	797.393921
1.668757,	831.127502
1.668869,	841.404724
1.668982,	734.474976
1.669095,	786.430359
1.669208,	760.259094
1.669321,	718.477722
1.669434,	762.60083
1.669547,	814.515686
1.66966,	798.764832
1.669773,	809.033264
1.669886,	897.326538
1.669999,	928.378479
1.670112,	946.419434
1.670225,	1050.241211
1.670338,	829.132202
1.670451,	810.798828
1.670564,	792.47168
1.670677,	823.50946
1.67079,	776.615234
1.670903,	724.543274
1.671016,	716.629395
1.67113,	706.122131
1.671243,	700.809631
1.671356,	734.426147
1.671469,	760.246948
1.671582,	705.637024
1.671696,	710.703369
1.671809,	682.054321
1.671922,	702.68042
1.672036,	736.26178
1.672149,	728.359192
1.672263,	748.966675
1.672376,	673.695068
1.672489,	632.128235
1.672603,	712.317139
1.672716,	618.961975
1.67283,	655.106506
1.672943,	598.037903
1.673057,	631.585144
1.67317,	698.765015
1.673284,	711.582764
1.673397,	701.111938
1.673511,	625.977539
1.673625,	718.974487
1.673738,	638.691284
1.673852,	739.410095
1.673966,	741.867798
1.674079,	690.051025
1.674193,	677.012268
1.674307,	635.558655
1.674421,	728.441956
1.674534,	679.245667
1.674648,	686.875549
1.674762,	679.012024
1.674876,	725.359497
1.67499,	645.226624
1.675103,	639.954651
1.675217,	650.164612
1.675331,	675.848511
1.675445,	644.782654
1.675559,	722.032288
1.675673,	636.82605
1.675787,	598.049438
1.675901,	615.988037
1.676015,	595.266724
1.676129,	602.893677
1.676243,	662.038452
1.676357,	636.168701
1.676472,	643.784607
1.676586,	617.926819
1.6767,	695.047974
1.676814,	674.33783
1.676928,	669.075012
1.677042,	681.824402
1.677157,	668.844604
1.677271,	727.886292
1.677385,	648.041565
1.677499,	691.639526
1.677614,	678.66687
1.677728,	632.285217
1.677842,	719.550293
1.677957,	665.46936
1.678071,	673.061523
1.678186,	665.240112
1.6783,	639.445007
1.678414,	698.389832
1.678529,	662.329224
1.678643,	659.648376
1.678758,	739.089478
1.678872,	713.303711
1.678987,	677.265198
1.679101,	679.713501
1.679216,	682.160828
1.679331,	669.2229
1.679445,	620.398621
1.67956,	668.992249
1.679675,	597.120056
1.679789,	625.202454
1.679904,	586.666748
1.680019,	617.302673
1.680133,	617.196289
1.680248,	624.771484
1.680363,	900
1.680478,	918.916504
1.680592,	616.770752
1.680707,	583.40033
1.680822,	539.808044
1.680937,	580.641235
1.681052,	534.507019
1.681167,	582.997986
1.681282,	526.652954
1.681397,	692.710327
1.681512,	605.697571
1.681627,	585.151123
1.681742,	495.632019
1.681857,	505.763977
1.681972,	633.372864
1.682087,	561.766113
1.682202,	625.495178
1.682317,	650.913269
1.682432,	589.549133
1.682547,	643.033508
1.682663,	586.794373
1.682778,	650.464111
1.682893,	612.095886
1.683008,	655.339539
1.683123,	706.216797
1.683239,	708.643982
1.683354,	609.124756
1.683469,	688.013733
1.683585,	634.392029
1.6837,	636.829834
1.683815,	639.266785
1.683931,	588.2276
1.684046,	593.218018
1.684162,	605.843384
1.684277,	699.908264
1.684393,	679.429932
1.684508,	722.564697
1.684624,	712.264709
1.684739,	676.534607
1.684855,	663.703125
1.68497,	661.046021
1.685086,	635.511414
1.685202,	668.442505
1.685317,	602.256653
1.685433,	574.20459
1.685548,	665.555847
1.685664,	563.846802
1.68578,	650.089355
1.685896,	609.353516
1.686011,	573.70874
1.686127,	642.138123
1.686243,	591.274048
1.686359,	601.32074
1.686475,	540.334106
1.68659,	525.022644
1.686706,	618.760315
1.686822,	580.621399
1.686938,	577.985962
1.687054,	638.716187
1.68717,	552.444641
1.687286,	532.079468
1.687402,	552.253662
1.687518,	562.28949
1.687634,	546.997925
1.68775,	582.350769
1.687866,	529.088074
1.687982,	521.40332
1.688098,	483.353455
1.688215,	490.860474
1.688331,	483.186279
1.688447,	435.045349
1.688563,	455.201263
1.688679,	508.220154
1.688795,	462.627869
1.688912,	472.658173
1.689028,	449.832062
1.689144,	510.395264
1.689261,	563.358643
1.689377,	472.331116
1.689493,	482.350983
1.68961,	436.818207
1.689726,	499.855713
1.689843,	542.678711
1.689959,	489.588104
1.690075,	502.119446
1.690192,	486.895874
1.690308,	443.931824
1.690425,	443.85495
1.690541,	421.08493
1.690658,	421.012024
1.690775,	483.953979
1.690891,	468.749237
1.691008,	451.030029
1.691124,	435.836212
1.691241,	501.250824
1.691358,	511.237671
1.691474,	478.415436
1.691591,	483.367645
1.691708,	503.420776
1.691825,	473.133545
1.691941,	520.859985
1.692058,	462.906494
1.692175,	513.133484
1.692292,	510.529663
1.692409,	500.38327
1.692526,	495.268463
1.692642,	570.591187
1.69276,	500.12323
1.692876,	550.291504
1.692993,	587.880798
1.69311,	605.362061
1.693227,	673.06604
1.693344,	610.174255
1.693461,	710.491333
1.693578,	737.979614
1.693696,	853.297913
1.693813,	885.770447
1.69393,	888.125732
1.694047,	805.194702
1.694164,	792.51532
1.694281,	606.821045
1.694399,	626.772583
1.694516,	666.770386
1.694633,	558.887268
1.69475,	543.755615
1.694868,	571.220215
1.694985,	513.508057
1.695102,	495.887604
1.69522,	530.858276
1.695337,	508.233673
1.695454,	550.699585
1.695572,	520.571106
1.695689,	573.029297
1.695807,	495.371704
1.695924,	545.314636
1.696042,	497.700836
1.696159,	497.614502
1.696277,	492.527863
1.696394,	537.437134
1.696512,	519.848938
1.696629,	459.786591
1.696747,	544.652588
1.696864,	489.602661
1.696982,	514.493103
1.6971,	526.889282
1.697218,	549.267883
1.697335,	521.713928
1.697453,	551.572998
1.697571,	551.477234
1.697688,	543.896729
1.697806,	611.153931
1.697924,	538.719727
1.698042,	526.157959
1.69816,	466.229614
1.698278,	461.163116
1.698396,	468.560059
1.698514,	470.970581
1.698631,	485.837646
1.698749,	463.333862
1.698867,	455.781555
1.698985,	450.722015
1.699103,	453.133484
1.699221,	463.011993
1.69934,	450.487152
1.699458,	445.432007
1.699576,	440.378571
1.699694,	467.665466
1.699812,	475.045654
1.69993,	482.423248
1.700048,	450.0177
1.700167,	472.312164
1.700285,	439.919617
1.700403,	469.663025
1.700521,	509.33432
1.700639,	501.793396
1.700758,	511.64093
1.700876,	384.90564
1.700994,	521.394409
1.701113,	493.997345
1.701231,	471.573761
1.70135,	483.899445
1.701468,	578.097229
1.701587,	520.941223
1.701705,	448.923676
1.701824,	493.482178
1.701942,	471.08194
1.702061,	441.252625
1.702179,	500.660278
1.702298,	493.138947
1.702416,	540.128601
1.702535,	483.058502
1.702654,	465.636902
1.702772,	495.272247
1.702891,	517.469421
1.70301,	467.869415
1.703128,	435.612122
1.703247,	482.554443
1.703366,	462.676788
1.703485,	457.648712
1.703604,	479.829193
1.703722,	526.731079
1.703841,	509.332001
1.70396,	568.572693
1.704079,	551.172363
1.704198,	605.442688
1.704317,	489.211334
1.704436,	508.888855
1.704555,	570.547852
1.704674,	558.101135
1.704793,	533.313538
1.704912,	508.534515
1.705031,	510.914154
1.70515,	461.470093
1.705269,	520.60553
1.705388,	537.783081
1.705507,	567.287048
1.705626,	535.129761
1.705746,	510.380493
1.705865,	475.779114
1.705984,	475.696228
1.706103,	470.684723
1.706223,	544.519348
1.706342,	571.522522
1.706461,	507.384186
1.70658,	554.085205
1.7067,	475.199127
1.706819,	1139.786865
1.706938,	33432.023438
1.707058,	2000.699219
1.707177,	536.379333
1.707297,	543.665955
1.707416,	592.763123
1.707536,	541.017273
1.707655,	545.840454
1.707775,	538.370361
1.707894,	572.686829
1.708014,	582.416809
1.708133,	565.116089
1.708253,	594.496704
1.708373,	596.849243
1.708492,	554.997559
1.708612,	576.998596
1.708732,	643.179871
1.708851,	557.161682
1.708971,	655.225647
1.709091,	657.564941
1.709211,	556.870178
1.70933,	600.922424
1.70945,	561.580566
1.70957,	514.896667
1.70969,	529.515625
1.70981,	524.521179
1.70993,	502.374176
1.71005,	534.138855
1.71017,	494.84964
1.71029,	477.618011
1.71041,	531.410339
1.71053,	499.487518
1.71065,	465.127777
1.71077,	513.99884
1.71089,	462.518219
1.71101,	550.520813
1.71113,	516.176086
1.71125,	525.869568
1.71137,	525.777771
1.711491,	459.669586
1.711611,	488.924805
1.711731,	508.393005
1.711851,	503.416687
1.711971,	439.801849
1.712092,	464.154205
1.712212,	571.542725
1.712332,	483.528595
1.712453,	505.418884
1.712573,	451.623962
1.712693,	488.15683
1.712814,	514.915527
1.712934,	546.544678
1.713055,	500.098572
1.713175,	490.254883
1.713296,	477.975952
1.713416,	480.330658
1.713537,	497.31134
1.713657,	436.29007
1.713778,	455.709412
1.713899,	475.121948
1.714019,	504.272064
1.71414,	472.520203
1.71426,	428.60318
1.714381,	499.138031
1.714502,	450.362915
1.714623,	433.246399
1.714743,	452.638977
1.714864,	423.362427
1.714985,	428.153809
1.715106,	449.96933
1.715227,	403.685669
1.715347,	435.22348
1.715468,	478.905212
1.715589,	442.362976
1.71571,	442.285583
1.715831,	493.232269
1.715952,	429.984436
1.716073,	405.620575
1.716194,	434.690887
1.716315,	429.75882
1.716436,	398.124939
1.716557,	368.929291
1.716678,	402.839111
1.716799,	434.31076
1.71692,	417.25351
1.717041,	453.562531
1.717163,	441.35791
1.717284,	431.582214
1.717405,	465.445404
1.717526,	385.379517
1.717648,	416.815552
1.717769,	445.817657
1.71789,	431.20462
1.718011,	392.375946
1.718133,	428.631989
1.718254,	406.76593
1.718376,	358.278656
1.718497,	384.840088
1.718618,	418.652069
1.71874,	384.705322
1.718861,	372.542419
1.718983,	384.570587
1.719104,	386.921478
1.719226,	372.34671
1.719347,	425.464569
1.719469,	345.629395
1.719591,	432.565216
1.719712,	364.837463
1.719834,	388.930725
1.719956,	429.922607
1.720077,	415.358032
1.720199,	403.213013
1.720321,	436.938721
1.720442,	357.213257
1.720564,	357.150665
1.720686,	347.437042
1.720808,	385.97348
1.72093,	422.084503
1.721051,	376.19223
1.721173,	412.292267
1.721295,	489.360596
1.721417,	431.429504
1.721539,	414.485291
1.721661,	399.95636
1.721783,	366.160889
1.721905,	385.364929
1.722027,	445.500061
1.722149,	433.383514
1.722271,	380.347687
1.722393,	380.281006
1.722515,	356.150085
1.722637,	375.335602
1.72276,	365.647461
1.722882,	387.229706
1.723004,	339.067139
1.723126,	377.476624
1.723248,	415.87262
1.723371,	398.975372
1.723493,	353.247528
1.723615,	432.472107
1.723738,	461.222626
1.72386,	444.329224
1.723982,	470.666199
1.724105,	424.96579
1.724227,	388.883484
1.724349,	408.015961
1.724472,	431.941071
1.724594,	436.663757
1.724717,	443.7836
1.724839,	354.964539
1.724962,	431.637848
1.725085,	465.127991
1.725207,	460.252014
1.72533,	481.74173
1.725452,	450.505188
1.725575,	471.989014
1.725698,	486.2789
1.72582,	428.712494
1.725943,	459.767273
1.726066,	435.744507
1.726189,	457.212006
1.726311,	445.164886
1.726434,	437.907867
1.726557,	473.718719
1.72668,	399.480438
1.726803,	432.893738
1.726926,	475.860321
1.727048,	509.248413
1.727171,	439.836823
1.727294,	454.099518
1.727417,	473.136322
1.72754,	487.388123
1.727663,	461.026337
1.727786,	468.11026
1.727909,	458.476379
1.728032,	456.008301
1.728155,	477.411682
1.728279,	446.301422
1.728402,	434.29187
1.728525,	446.144501
1.728648,	457.99295
1.728771,	424.52298
1.728895,	500.753662
1.729018,	524.506775
1.729141,	481.507904
1.729264,	474.273376
1.729388,	481.338562
1.729511,	500.313446
1.729634,	466.877075
1.729758,	545.387939
1.729881,	566.722717
1.730005,	526.149963
1.730128,	514.15564
1.730251,	545.004272
1.730375,	533.010803
1.730498,	559.087036
1.730622,	542.337891
1.730746,	513.703369
1.730869,	496.968109
1.730993,	537.296753
1.731116,	511.055206
1.73124,	560.873474
1.731364,	560.774719
1.731488,	574.930481
1.731611,	579.579956
1.731735,	550.979004
1.731859,	548.507507
1.731982,	543.662781
1.732106,	586.292847
1.73223,	633.654297
1.732354,	574.222229
1.732478,	593.100342
1.732602,	623.831665
1.732726,	640.322754
1.732849,	561.962097
1.732973,	602.165527
1.733097,	549.912537
1.733221,	613.802856
1.733345,	616.064209
1.733469,	594.634094
1.733593,	627.690308
1.733717,	674.944214
1.733842,	674.825317
1.733966,	643.930298
1.73409,	653.284729
1.734214,	695.767578
1.734338,	662.519043
1.734462,	693.156616
1.734587,	667.016113
1.734711,	716.561157
1.734835,	617.127075
1.734959,	650.11499
1.735084,	673.63678
1.735208,	645.159363
1.735332,	692.301697
1.735457,	666.193359
1.735581,	668.437866
1.735706,	720.27417
1.73583,	720.147156
1.735955,	781.398926
1.736079,	755.297729
1.736204,	752.804626
1.736328,	764.469177
1.736453,	797.361145
1.736577,	780.709961
1.736702,	801.796265
1.736827,	841.737549
1.736951,	848.661194
1.737076,	820.227722
1.737201,	794.160828
1.737325,	789.308411
1.73745,	683.161316
1.737575,	770.187317
1.7377,	779.471008
1.737824,	727.53479
1.737949,	736.822632
1.738074,	748.460815
1.738199,	769.507812
1.738324,	781.136047
1.738449,	804.522217
1.738574,	715.004578
1.738699,	700.768921
1.738824,	789.989197
1.738949,	775.745239
1.739074,	766.206909
1.739199,	822.469482
1.739324,	761.237305
1.739449,	749.357422
1.739574,	789.152405
1.739699,	786.664795
1.739824,	751.308228
1.739949,	767.607483
1.740075,	664.203491
1.7402,	748.563538
1.740325,	703.853821
1.74045,	677.926086
1.740576,	741.130737
1.740701,	717.550415
1.740826,	738.524292
1.740952,	750.114319
1.741077,	757.012817
1.741202,	808.431152
1.741328,	3390.124756
1.741453,	1274.292969
1.741579,	735.399353
1.741704,	782.101807
1.74183,	709.386047
1.741955,	737.350159
1.742081,	674.029541
1.742206,	706.669861
1.742332,	711.223999
1.742458,	671.332886
1.742583,	715.649963
1.742709,	729.553223
1.742834,	741.113708
1.74296,	654.495667
1.743086,	722.154968
1.743212,	708.007263
1.743338,	633.122192
1.743463,	665.711792
1.743589,	670.264893
1.743715,	635.121216
1.743841,	735.39624
1.743967,	613.888855
1.744093,	653.454224
1.744219,	658.00531
1.744344,	594.899475
1.74447,	615.786926
1.744596,	620.342163
1.744722,	622.564026
1.744848,	620.122559
1.744975,	592.042236
1.745101,	601.259277
1.745227,	587.172546
1.745353,	649.968811
1.745479,	687.121277
1.745605,	556.586121
1.745731,	584.428345
1.745858,	542.421082
1.745984,	535.342285
1.74611,	558.519104
1.746236,	481.637421
1.746363,	532.731567
1.746489,	523.333496
1.746616,	513.938721
1.746742,	551.049316
1.746868,	425.418396
1.746995,	502.04422
1.747121,	497.307526
1.747248,	494.895935
1.747374,	515.715637
1.747501,	522.592163
1.747627,	557.332825
1.747754,	503.832458
1.74788,	452.672424
1.748007,	457.234131
1.748134,	461.79425
1.74826,	443.151062
1.748387,	461.630524
1.748514,	445.313293
1.74864,	449.872192
1.748767,	435.881317
1.748894,	389.441925
1.749021,	384.737457
1.749147,	461.139618
1.749274,	435.572235
1.749401,	382.216339
1.749528,	449.314056
1.749655,	433.024872
1.749782,	439.893738
1.749909,	446.760162
1.750036,	462.881775
1.750163,	465.113647
1.75029,	453.463196
1.750417,	441.816833
1.750544,	434.80014
1.750671,	400.037659
1.750798,	423.086121
1.750925,	376.780304
1.751052,	469.158478
1.751179,	450.589478
1.751307,	466.681641
1.751434,	422.710785
1.751561,	445.730591
1.751688,	468.742218
1.751816,	438.646362
1.751943,	406.252899
1.75207,	475.416138
1.752197,	396.878906
1.752325,	429.106781
1.752452,	468.243073
1.75258,	405.892334
1.752707,	488.828918
1.752835,	378.083527
1.752962,	401.066132
1.75309,	437.867981
1.753217,	345.62384
1.753345,	433.10495
1.753472,	419.207947
1.7536,	426.042267
1.753727,	465.109436
1.753855,	407.473969
1.753983,	414.306671
1.75411,	455.656372
1.754238,	365.840851
1.754366,	386.480103
1.754494,	402.511902
1.754621,	404.740021
1.754749,	402.368805
1.754877,	399.998444
1.755005,	459.686615
1.755133,	392.962158
1.755261,	411.273224
1.755388,	482.413544
1.755516,	390.455811
1.755644,	434.017792
1.755772,	427.052673
1.7559,	387.951965
1.756028,	449.852448
1.756156,	424.53009
1.756285,	424.45459
1.756413,	472.551849
1.756541,	447.238922
1.756669,	458.624969
1.756797,	458.543396
1.756925,	424.077179
1.757053,	396.498901
1.757182,	394.136871
1.75731,	398.648895
1.757438,	405.449982
1.757567,	439.731903
1.757695,	457.972534
1.757823,	425.838654
1.757952,	414.317627
1.75808,	384.491547
1.758208,	407.30542
1.758337,	469.004211
1.758465,	450.621368
1.758594,	409.374939
1.758722,	434.454681
1.758851,	470.956482
1.758979,	404.584717
1.759108,	454.791077
1.759236,	429.575378
1.759365,	454.62912
1.759494,	411.149078
1.759622,	408.792084
1.759751,	397.302521
1.75988,	438.324707
1.760009,	451.941803
1.760137,	429.040009
1.760266,	369.638824
1.760395,	453.981628
1.760524,	453.900726
1.760653,	399.087799
1.760781,	453.738953
1.76091,	421.742462
1.761039,	401.153748
1.761168,	453.496399
1.761297,	421.516998
1.761426,	460.168945
1.761555,	453.253937
1.761684,	428.123383
1.761813,	423.493347
1.761942,	434.800049
1.762071,	475.691132
1.762201,	407.337463
1.76233,	420.916168
1.762459,	473.161896
1.762588,	425.31488
1.762717,	447.979095
1.762847,	479.729584
1.762976,	500.102753
1.763105,	395.465271
1.763234,	406.756653
1.763364,	420.315948
1.763493,	504.289154
1.763623,	433.792999
1.763752,	445.069397
1.763881,	363.257141
1.764011,	433.560822
1.76414,	472.065735
1.76427,	435.675232
1.764399,	433.328735
1.764529,	419.641388
1.764658,	446.781616
1.764788,	501.122406
1.764918,	439.82077
1.765047,	453.342529
1.765177,	405.669128
1.765307,	421.458038
1.765436,	428.17926
1.765566,	409.982056
1.765696,	412.173553
1.765826,	427.949921
1.765955,	459.567841
1.766085,	432.324036
1.766215,	423.194519
1.766345,	468.372314
1.766475,	434.354675
1.766605,	445.586395
1.766735,	481.690063
1.766865,	397.945099
1.766994,	467.954071
1.767125,	463.349976
1.767255,	474.566376
1.767385,	408.957947
1.767515,	433.734222
1.767645,	449.467102
1.767775,	417.771606
1.767905,	469.626831
1.768035,	408.592621
1.768165,	408.519562
1.768296,	482.914703
1.768426,	437.704224
1.768556,	408.300507
1.768686,	446.569305
1.768817,	509.629395
1.768947,	444.155029
1.769077,	459.85495
1.769208,	439.488617
1.769338,	464.197266
1.769469,	452.849335
1.769599,	434.747681
1.76973,	490.974335
1.76986,	414.326202
1.76999,	481.793213
1.770121,	486.208954
1.770252,	418.605011
1.770382,	461.283203
1.770513,	429.70401
1.770643,	427.377777
1.770774,	510.512604
1.770905,	456.455994
1.771036,	451.878021
1.771166,	436.062897
1.771297,	498.910492
1.771428,	505.562012
1.771559,	503.224976
1.771689,	446.981445
1.77182,	496.307617
1.771951,	498.464081
1.772082,	480.415375
1.772213,	516.241821
1.772344,	466.778564
1.772475,	421.820465
1.772606,	432.961548
1.772737,	450.827393
1.772868,	459.716705
1.772999,	477.57132
1.77313,	481.969208
1.773261,	481.882874
1.773392,	484.037445
1.773523,	533.242004
1.773655,	490.584351
1.773786,	521.852417
1.773917,	503.844421
1.774048,	476.887238
1.774179,	494.709839
1.774311,	458.811493
1.774442,	512.434143
1.774573,	539.189941
1.774705,	474.223145
1.774836,	438.354126
1.774968,	491.941925
1.775099,	516.446411
1.77523,	527.530334
1.775362,	516.26123
1.775493,	489.354706
1.775625,	527.246582
1.775756,	513.749878
1.775888,	475.691742
1.77602,	475.606415
1.776151,	459.893677
1.776283,	499.988861
1.776415,	515.520996
1.776546,	488.653015
1.776678,	464.025543
1.77681,	477.325256
1.776942,	526.301636
1.777073,	506.139984
1.777205,	503.819855
1.777337,	546.078369
1.777469,	592.778687
1.777601,	485.723938
1.777733,	554.69519
1.777865,	561.277527
1.777996,	485.462433
1.778129,	516.546204
1.778261,	574.331848
1.778393,	558.648926
1.778525,	565.224487
1.778657,	571.797668
1.778789,	480.490753
1.778921,	536.006836
1.779053,	540.357971
1.779185,	538.037659
1.779317,	551.278381
1.77945,	555.62439
1.779582,	548.858276
1.779714,	499.882294
1.779846,	610.857544
1.779979,	586.317871
1.780111,	583.992004
1.780243,	579.446899
1.780376,	566.024536
1.780508,	616.966858
1.780641,	590.229126
1.780773,	603.434082
1.780905,	554.527283
1.781038,	552.2099
1.78117,	527.720215
1.781303,	556.445251
1.781436,	571.860779
1.781568,	569.54187
1.781701,	549.498047
1.781834,	604.782227
1.781966,	593.598877
1.782099,	602.35022
1.782232,	613.312561
1.782364,	608.77478
1.782497,	615.305298
1.78263,	577.574829
1.782763,	573.045898
1.782895,	557.457886
1.783028,	555.145874
1.783161,	563.891357
1.783294,	638.961914
1.783427,	630.004761
1.78356,	614.42041
1.783693,	680.602295
1.783826,	693.735901
1.783959,	656.058899
1.784092,	627.229614
1.784225,	624.908569
1.784358,	618.172852
1.784491,	631.305725
1.784624,	582.638855
1.784758,	648.731018
1.784891,	606.697021
1.785024,	648.497498
1.785157,	626.326965
1.78529,	641.649048
1.785424,	599.646423
1.785557,	654.643066
1.78569,	625.875977
1.785824,	632.373413
1.785957,	678.5224
1.786091,	676.197632
1.786224,	735.535278
1.786358,	669.348633
1.786491,	702.249146
1.786625,	614.082214
1.786758,	613.971558
1.786892,	574.257019
1.787025,	600.551392
1.787159,	607.041443
1.787292,	589.339844
1.787426,	593.63092
1.78756,	547.360962
1.787694,	578.032043
1.787827,	599.902344
1.787961,	632.749878
1.788095,	615.062622
1.788228,	617.14801
1.788362,	617.036743
1.788496,	636.684692
1.78863,	583.888245
1.788764,	623.287048
1.788898,	599.037598
1.789032,	579.184692
1.789166,	548.371399
1.7893,	646.961548
1.789434,	613.954468
1.789568,	561.228516
1.789702,	604.965393
1.789836,	532.536499
1.78997,	595.982666
1.790104,	549.870056
1.790238,	587.006348
1.790372,	582.520569
1.790507,	586.794495
1.790641,	582.310364
1.790775,	566.884094
1.790909,	674.010742
1.791044,	603.874634
1.791178,	673.767456
1.791312,	531.480347
1.791447,	610.107971
1.791581,	603.438721
1.791716,	592.399902
1.79185,	581.365051
1.791985,	587.815613
1.792119,	574.600708
1.792253,	591.972168
1.792388,	578.76123
1.792523,	609.227234
1.792657,	578.552185
1.792792,	613.372864
1.792927,	628.539001
1.793061,	650.24585
1.793196,	656.673279
1.793331,	608.567261
1.793465,	638.989197
1.7936,	566.918701
1.793735,	582.07666
1.79387,	643.002197
1.794004,	581.866333
1.794139,	538.183533
1.794274,	603.440918
1.794409,	605.509949
1.794544,	651.132141
1.794679,	681.496765
1.794814,	589.943237
1.794949,	583.307007
1.795084,	565.792542
1.795219,	522.175659
1.795354,	559.061951
1.795489,	524.161743
1.795624,	521.892395
1.79576,	493.533966
1.795895,	495.618469
1.79603,	536.822876
1.796165,	491.093231
1.7963,	525.765808
1.796436,	527.842896
1.796571,	521.231995
1.796706,	531.99469
1.796842,	594.857849
1.796977,	570.873413
1.797112,	572.940308
1.797248,	555.477966
1.797383,	548.86908
1.797519,	598.657898
1.797654,	472.767426
1.79779,	542.066345
1.797925,	535.4646
1.798061,	533.200195
1.798196,	550.440369
1.798332,	515.673584
1.798468,	532.910645
1.798603,	569.634644
1.798739,	504.565918
1.798875,	530.456055
1.799011,	567.160522
1.799146,	599.522949
1.799282,	586.430603
1.799418,	633.922729
1.799554,	553.770691
1.79969,	532.042664
1.799826,	534.108643
1.799961,	495.096039
1.800097,	466.905518
1.800233,	533.818359
1.800369,	557.490662
1.800505,	503.378998
1.800641,	455.767029
1.800777,	518.314026
1.800913,	505.264618
1.80105,	487.902161
1.801186,	559.043152
1.801322,	513.622192
1.801458,	524.317505
1.801594,	565.21106
1.801731,	524.127441
1.801867,	508.936798
1.802003,	508.844513
1.802139,	508.752258
1.802276,	480.640564
1.802412,	527.96228
1.802549,	527.866516
1.802685,	527.770752
1.802821,	527.675049
1.802958,	570.647034
1.803094,	551.166565
1.803231,	563.982178
1.803367,	505.770081
1.803504,	529.348389
1.80364,	572.280945
1.803777,	518.401062
1.803914,	533.361572
1.80405,	567.668945
1.804187,	574.015503
1.804324,	526.622742
1.804461,	560.912598
1.804597,	573.703003
1.804734,	590.785339
1.804871,	517.648804
1.805008,	496.079498
1.805144,	556.109375
1.805281,	538.834412
1.805418,	538.736511
1.805555,	581.558105
1.805692,	542.832031
1.805829,	585.637268
1.805966,	544.779663
1.806103,	568.269287
1.80624,	553.157898
1.806377,	570.206482
1.806514,	533.667725
1.806652,	533.57074
1.806789,	629.884766
1.806926,	499.103668
1.807063,	601.813904
1.8072,	605.987122
1.807338,	554.495239
1.807475,	575.799622
1.807612,	594.956177
1.80775,	671.878662
1.807887,	579.764404
1.808024,	575.381104
1.808161,	560.306458
1.808299,	566.619141
1.808437,	609.272034
1.808574,	634.810181
1.808711,	570.584167
1.808849,	532.021057
1.808987,	551.150452
1.809124,	546.778503
1.809262,	563.762817
1.809399,	552.984863
1.809537,	550.749573
1.809675,	621.081299
1.809812,	510.004883
1.80995,	590.986023
1.810088,	639.940552
1.810226,	652.620605
1.810363,	573.604553
1.810501,	645.987183
1.810639,	556.34314
1.810777,	609.52179
1.810915,	549.74823
1.811053,	592.256531
1.811191,	549.548096
1.811329,	528.151611
1.811467,	581.286865
1.811605,	581.18103
1.811743,	561.918884
1.811881,	559.688477
1.812019,	619.162354
1.812157,	567.993958
1.812295,	642.333069
1.812433,	572.040161
1.812572,	610.206787
1.81271,	554.825623
1.812848,	626.987549
1.812986,	565.248474
1.813125,	586.391602
1.813263,	543.800354
1.813401,	577.682556
1.81354,	575.453857
1.813678,	590.210449
1.813817,	585.857544
1.813955,	547.549622
1.814094,	623.838135
1.814232,	617.359924
1.814371,	600.278381
1.814509,	568.35791
1.814648,	610.661316
1.814786,	612.669922
1.814925,	678.265198
1.815064,	534.036438
1.815202,	578.43396
1.815341,	550.789062
1.81548,	561.278748
1.815619,	520.941101
1.815757,	567.425842
1.815896,	639.296082
1.816035,	607.432129
1.816174,	632.714539
1.816313,	609.326233
1.816452,	624.0224
1.816591,	611.218872
1.81673,	600.534546
1.816869,	630.023376
1.817008,	602.429199
1.817147,	553.71106
1.817286,	591.644226
1.817425,	507.031097
1.817564,	555.520142
1.817703,	498.39856
1.817842,	553.205872
1.817981,	567.882507
1.81812,	538.229004
1.81826,	574.006104
1.818399,	563.351624
1.818538,	540.043762
1.818678,	569.473389
1.818817,	596.783508
1.818956,	548.181519
1.819096,	543.865356
1.819235,	585.918457
1.819375,	571.060791
1.819514,	608.879761
1.819654,	606.662048
1.819793,	541.262695
1.819933,	564.326477
1.820072,	566.328674
1.820212,	576.749817
1.820351,	538.762695
1.820491,	547.080811
1.820631,	574.329895
1.820771,	616.292664
1.82091,	565.707947
1.82105,	525.654785
1.82119,	521.354187
1.82133,	578.00885
1.821469,	550.584106
1.821609,	544.180176
1.821749,	548.282104
1.821889,	518.777466
1.822029,	520.782532
1.822169,	571.076355
1.822309,	554.178589
1.822449,	577.163818
1.822589,	577.058228
1.822729,	543.384521
1.822869,	570.55426
1.823009,	515.92157
1.823149,	513.730286
1.82329,	459.12796
1.82343,	488.389252
1.82357,	517.639771
1.82371,	523.830994
1.82385,	481.836334
1.823991,	471.27536
1.824131,	508.884216
1.824271,	496.228333
1.824412,	475.20343
1.824552,	489.767609
1.824692,	475.029449
1.824833,	552.356018
1.824973,	502.049866
1.825114,	531.238831
1.825254,	451.679413
1.825395,	537.316467
1.825536,	407.616791
1.825676,	459.791138
1.825817,	478.513092
1.825957,	493.049805
1.826098,	478.337799
1.826239,	509.576599
1.82638,	532.451782
1.82652,	513.565247
1.826661,	546.867615
1.826802,	546.767395
1.826943,	628.041321
1.827083,	563.256104
1.827224,	552.724121
1.827365,	483.805634
1.827506,	544.18158
1.827647,	508.643524
1.827788,	458.528931
1.827929,	489.702484
1.82807,	504.196899
1.828211,	483.273682
1.828352,	508.177399
1.828493,	524.742737
1.828635,	516.318787
1.828776,	451.696075
1.828917,	539.022217
1.829058,	518.11554
1.8292,	526.342102
1.829341,	557.445862
1.829482,	486.635834
1.829623,	513.576904
1.829765,	473.984009
1.829906,	511.309967
1.830047,	509.138031
1.830189,	471.645416
1.83033,	477.790894
1.830472,	477.703217
1.830613,	487.998474
1.830755,	469.223022
1.830896,	475.36438
1.831038,	535.465027
1.83118,	508.3909
1.831321,	470.953247
1.831463,	489.535522
1.831605,	483.223846
1.831746,	495.576355
1.831888,	516.21698
1.83203,	534.777161
1.832172,	480.79657
1.832313,	511.788544
1.832455,	474.40506
1.832597,	468.104156
1.832739,	459.73465
1.832881,	525.906067
1.833023,	486.477234
1.833165,	502.94574
1.833307,	488.367828
1.833449,	500.691925
1.833591,	546.109009
1.833733,	473.621124
1.833875,	504.551605
1.834017,	496.189026
1.834159,	413.414856
1.834301,	481.539764
1.834444,	442.191284
1.834586,	499.956146
1.834728,	508.126434
1.834871,	454.33847
1.835013,	510.004364
1.835155,	538.812378
1.835298,	452.023804
1.83544,	563.378113
1.835582,	526.135498
1.835725,	470.340515
1.835867,	573.379883
1.83601,	494.913147
1.836152,	523.686707
1.836295,	478.240021
1.836437,	486.396027
1.83658,	482.185272
1.836723,	484.156769
1.836865,	467.588776
1.837008,	483.978607
1.837151,	490.066833
1.837293,	494.094086
1.837436,	487.828094
1.837579,	543.303406
1.837722,	537.03064
1.837865,	514.302429
1.838008,	540.946533
1.83815,	503.830811
1.838293,	474.953003
1.838436,	489.255402
1.838579,	511.773773
1.838722,	470.58075
1.838865,	460.221283
1.839008,	517.653564
1.839151,	449.782745
1.839294,	451.753296
1.839438,	515.314514
1.839581,	517.272217
1.839724,	498.706299
1.839867,	494.51059
1.84001,	486.213348
1.840154,	453.305237
1.840297,	486.034149
1.84044,	522.851746
1.840583,	465.354767
1.840727,	500.112915
1.84087,	469.281769
1.841014,	499.928558
1.841157,	471.157257
1.841301,	540.706848
1.841444,	475.07901
1.841588,	477.038788
1.841731,	515.843811
1.841875,	497.329071
1.842018,	540.208496
1.842162,	568.750977
1.842306,	544.10022
1.842449,	523.548706
1.842593,	474.378479
1.842737,	492.690186
1.84288,	555.962708
1.843024,	478.203156
1.843168,	474.028473
1.843312,	408.569824
1.843456,	475.895996
1.8436,	488.06076
1.843744,	487.970673
1.843888,	506.252686
1.844032,	475.544739
1.844176,	524.431091
1.84432,	487.610443
1.844464,	467.12207
1.844608,	499.667175
1.844752,	464.910522
1.844896,	472.979492
1.84504,	460.66217
1.845184,	413.704193
1.845329,	489.018066
1.845473,	513.374146
1.845617,	470.506042
1.845761,	498.929382
1.845906,	445.899384
1.84605,	525.209045
1.846194,	484.40567
1.846339,	484.316162
1.846483,	514.745178
1.846628,	484.137177
1.846772,	502.35202
1.846917,	569.362671
1.847061,	449.306732
1.847206,	506.138916
1.84735,	463.366821
1.847495,	442.961823
1.847639,	479.447998
1.847784,	446.860413
1.847929,	465.055054
1.848074,	458.877747
1.848218,	477.063416
1.848363,	519.598511
1.848508,	482.974884
1.848653,	466.654114
1.848798,	484.824799
1.848943,	462.42514
1.849087,	484.645447
1.849232,	500.775238
1.849377,	445.952087
1.849522,	435.736176
1.849667,	516.707764
1.849812,	457.860168
1.849957,	482.082092
1.850102,	508.320221
1.850248,	494.052521
1.850393,	526.351929
1.850538,	471.605011
1.850683,	540.322876
1.850828,	489.640167
1.850974,	471.34314
1.851119,	491.481445
1.851264,	459.035522
1.85141,	473.10318
1.851555,	454.822662
1.8517,	495.159607
1.851846,	434.447357
1.851991,	450.529358
1.852137,	460.545593
1.852282,	446.323364
1.852428,	454.317413
1.852573,	498.647156
1.852719,	502.591675
1.852864,	490.390137
1.85301,	488.281586
1.853156,	463.983276
1.853301,	510.287018
1.853447,	453.728455
1.853593,	498.000702
1.853739,	477.750153
1.853884,	453.476196
1.85403,	493.693665
1.854176,	451.293365
1.854322,	471.352997
1.854468,	443.070221
1.854614,	499.368347
1.85476,	493.236145
1.854906,	483.080475
1.855052,	509.152893
1.855198,	458.756256
1.855344,	488.846893
1.85549,	506.858276
1.855636,	470.566803
1.855782,	502.649048
1.855928,	482.453583
1.856075,	508.492096
1.856221,	474.236633
1.856367,	500.266998
1.856513,	474.060638
1.85666,	490.039551
1.856806,	441.756927
1.856952,	521.979431
1.857099,	560.020142
1.857245,	451.545319
1.857392,	513.662842
1.857538,	491.500122
1.857685,	425.219086
1.857831,	459.231567
1.857978,	463.156311
1.858124,	443.023956
1.858271,	454.967255
1.858418,	452.878876
1.858564,	462.812317
1.858711,	488.767242
1.858858,	454.629303
1.859004,	486.583252
1.859151,	514.52124
1.859298,	472.390869
1.859445,	482.30954
1.859592,	522.238159
1.859739,	494.133545
1.859885,	514.043396
1.860032,	519.947266
1.860179,	509.853485
1.860326,	481.771973
1.860473,	483.681091
1.86062,	455.614807
1.860767,	501.482727
1.860915,	431.474609
1.861062,	477.329895
1.861209,	487.22525
1.861356,	479.148834
1.861503,	534.950012
1.86165,	482.962067
1.861798,	512.802307
1.861945,	512.70697
1.862092,	466.73584
1.86224,	440.72406
1.862387,	504.445435
1.862535,	470.462341
1.862682,	494.292175
1.862829,	462.316315
1.862977,	535.948059
1.863124,	488.040283
1.863272,	521.80719
1.86342,	505.779968
1.863567,	509.667603
1.863715,	483.695984
1.863862,	503.507416
1.86401,	511.372803
1.864158,	487.404694
1.864305,	489.302979
1.864453,	445.461212
1.864601,	518.94519
1.864749,	479.090057
1.864897,	538.627502
1.865044,	560.38623
1.865192,	536.440063
1.86534,	512.502808
1.865488,	476.657959
1.865636,	557.983093
1.865784,	7327.871094
1.865932,	613.354187
1.86608,	510.040955
1.866228,	517.882812
1.866377,	448.351349
1.866525,	489.92099
1.866673,	468.015411
1.866821,	471.893646
1.866969,	501.541351
1.867118,	568.836121
1.867266,	479.556366
1.867414,	509.185974
1.867563,	528.900024
1.867711,	548.606689
1.867859,	562.36554
1.868008,	502.866913
1.868156,	562.155762
1.868305,	500.700317
1.868453,	504.56427
1.868602,	520.296692
1.86875,	569.648254
1.868899,	551.743774
1.869048,	514.073914
1.869196,	541.653748
1.869345,	519.811523
1.869493,	551.332092
1.869642,	513.690308
1.869791,	557.052429
1.86994,	537.198547
1.870089,	546.971375
1.870237,	554.766296
1.870386,	564.532166
1.870535,	546.6651
1.870684,	554.455688
1.870833,	558.297729
1.870982,	566.08313
1.871131,	571.893555
1.87128,	561.928345
1.871429,	536.19635
1.871578,	612.962952
1.871727,	565.554688
1.871876,	559.538452
1.872025,	567.313293
1.872175,	575.085144
1.872324,	610.42157
1.872473,	574.8703
1.872623,	580.667969
1.872772,	586.46344
1.872921,	592.256775
1.873071,	574.440735
1.87322,	611.704346
1.873369,	613.556519
1.873519,	605.577209
1.873668,	642.814087
1.873818,	568.007751
1.873967,	565.936462
1.874117,	587.442261
1.874267,	577.510803
1.874416,	593.114441
1.874566,	596.930725
1.874715,	561.481079
1.874865,	610.447449
1.875015,	571.083496
1.875165,	584.711548
1.875314,	570.869873
1.875464,	568.801697
1.875614,	521.630859
1.875764,	584.274109
1.875914,	548.879639
1.876064,	566.416199
1.876214,	560.431519
1.876364,	638.694031
1.876514,	544.551208
1.876664,	622.787354
1.876814,	636.377319
1.876964,	602.97699
1.877114,	596.992065
1.877264,	545.998718
1.877414,	545.896484
1.877565,	559.488037
1.877715,	551.559692
1.877865,	615.988525
1.878015,	586.545898
1.878166,	637.260498
1.878316,	578.508484
1.878466,	595.986633
1.878617,	636.902466
1.878767,	617.249878
1.878918,	609.322449
1.879068,	615.06604
1.879219,	622.759705
1.879369,	593.365112
1.87952,	530.806091
1.879671,	571.680298
1.879821,	565.720886
1.879972,	616.325134
1.880122,	612.30957
1.880273,	565.402771
1.880424,	627.674377
1.880575,	647.046021
1.880725,	658.61615
1.880876,	613.68396
1.881027,	697.325867
1.881178,	765.356628
1.881329,	747.689148
1.88148,	776.750061
1.881631,	673.44635
1.881782,	611.047668
1.881933,	573.965759
1.882084,	591.365601
1.882235,	614.593628
1.882386,	639.757507
1.882537,	620.195618
1.882689,	620.079224
1.88284,	649.114685
1.882991,	590.700073
1.883142,	623.615601
1.883293,	602.132568
1.883445,	611.729492
1.883596,	615.497925
1.883747,	572.674438
1.883899,	549.276062
1.88405,	617.091858
1.884202,	632.497375
1.884353,	647.897095
1.884505,	597.349792
1.884656,	630.202026
1.884808,	589.370544
1.884959,	598.951599
1.885111,	701.552612
1.885263,	596.789001
1.885414,	617.986755
1.885566,	584.943359
1.885718,	615.817993
1.88587,	619.574646
1.886021,	648.4953
1.886173,	582.568359
1.886325,	599.874573
1.886477,	634.58667
1.886629,	651.876587
1.886781,	601.470337
1.886933,	626.494385
1.887085,	639.909424
1.887237,	641.721985
1.887389,	653.196533
1.887541,	627.955505
1.887693,	652.950928
1.887845,	600.679138
1.887997,	629.532349
1.888149,	586.938171
1.888302,	573.315247
1.888454,	638.827087
1.888606,	602.044006
1.888759,	621.223389
1.888911,	657.755615
1.889063,	640.275024
1.889216,	669.077148
1.889368,	684.373779
1.889521,	616.78418
1.889673,	672.55365
1.889825,	626.185669
1.889978,	645.331421
1.890131,	610.541931
1.890283,	664.344788
1.890436,	637.265869
1.890589,	610.197144
1.890741,	613.931335
1.890894,	675.389709
1.891047,	688.729309
1.891199,	721.298401
1.891352,	653.854065
1.891505,	682.57196
1.891658,	686.288147
1.891811,	645.79657
1.891964,	636.06665
1.892117,	659.002258
1.89227,	614.696777
1.892423,	647.23053
1.892576,	697.033875
1.892729,	689.223145
1.892882,	658.381592
1.893035,	673.610413
1.893188,	742.558655
1.893341,	673.356506
1.893494,	692.409851
1.893648,	676.937927
1.893801,	655.71991
1.893954,	611.50647
1.894107,	578.809204
1.894261,	563.370239
1.894414,	660.973022
1.894568,	618.707275
1.894721,	635.826843
1.894874,	649.110413
1.895028,	603.04187
1.895182,	710.115356
1.895335,	681.27594
1.895489,	635.227356
1.895642,	694.409668
1.895796,	644.550659
1.89595,	745.778442
1.896103,	715.047424
1.896257,	707.266296
1.896411,	668.909424
1.896564,	632.477783
1.896718,	620.895691
1.896872,	651.339844
1.897026,	634.029358
1.89718,	630.090881
1.897334,	677.697083
1.897488,	662.299927
1.897642,	654.541687
1.897796,	684.944885
1.89795,	658.109619
1.898104,	667.521301
1.898258,	655.954163
1.898412,	672.988586
1.898566,	611.865479
1.898721,	668.922791
1.898875,	636.404541
1.899029,	662.954834
1.899183,	613.3078
1.899338,	611.287598
1.899492,	672.098877
1.899646,	687.200623
1.899801,	740.361572
1.899955,	692.649536
