1.50009,	1470.632812
1.500174,	1623.245605
1.500259,	1609.11084
1.500344,	1598.447998
1.500429,	1566.987793
1.500513,	1476.611938
1.500598,	1514.494873
1.500683,	1479.598267
1.500768,	1479.358398
1.500853,	1420.230957
1.500937,	1374.976318
1.501022,	1402.456299
1.501107,	1523.40918
1.501192,	1547.394287
1.501277,	1571.371582
1.501362,	1536.510742
1.501447,	1591.622437
1.501532,	1615.580688
1.501617,	1535.763428
1.501702,	1570.098022
1.501787,	1559.470093
1.501872,	1507.358521
1.501957,	1621.184692
1.502042,	1728.061523
1.502127,	1682.859009
1.502212,	1889.88623
1.502297,	1723.766602
1.502382,	1830.557373
1.502467,	1895.873535
1.502552,	1947.357544
1.502637,	1867.640991
1.502722,	1905.306152
1.502807,	1856.682007
1.502893,	1825.326172
1.502978,	1756.030884
1.503063,	1824.734009
1.503148,	1710.626221
1.503233,	1731.038452
1.503319,	1792.81665
1.503404,	1802.86731
1.503489,	1940.439087
1.503574,	1988.369019
1.50366,	1988.046387
1.503745,	2094.516602
1.50383,	2169.953125
1.503916,	2028.404663
1.504001,	2079.724365
1.504086,	2007.090454
1.504172,	1968.901245
1.504257,	1920.39978
1.504342,	2088.697998
1.504428,	2064.275879
1.504513,	2094.900146
1.504599,	2373.146973
1.504684,	2235.210449
1.50477,	2234.847656
1.504855,	2296.363037
1.504941,	2134.446289
1.505026,	2137.536377
1.505112,	2065.033447
1.505197,	1910.10376
1.505283,	2005.970337
1.505368,	1861.403198
1.505454,	2025.921875
1.505539,	2056.491943
1.505625,	1942.880615
1.505711,	2179.379883
1.505796,	2223.635986
1.505882,	2192.39624
1.505968,	2195.470703
1.506053,	2150.526123
1.506139,	2109.025391
1.506225,	2036.679199
1.50631,	1981.497437
1.506396,	2118.28125
1.506482,	2025.406128
1.506567,	2124.446533
1.506653,	2093.268066
1.506739,	2113.480713
1.506825,	2243.281982
1.506911,	2246.342041
1.506997,	2023.43396
1.507082,	2040.221313
1.507168,	2043.312744
1.507254,	2196.974365
1.50734,	1929.738892
1.507426,	1878.111084
1.507512,	1809.397827
1.507598,	1761.225952
1.507684,	1839.583862
1.50777,	1811.935181
1.507856,	1938.114014
1.507941,	1814.764404
1.508028,	2036.579834
1.508114,	1981.584717
1.5082,	1964.182983
1.508286,	1960.448486
1.508372,	1949.885498
1.508458,	1908.597168
1.508544,	1816.115845
1.50863,	1853.365967
1.508716,	1907.667236
1.508802,	1927.829834
1.508888,	1920.693604
1.508974,	1903.32666
1.509061,	1920.069702
1.509147,	1892.47876
1.509233,	1994.450806
1.509319,	1799.827271
1.509405,	1905.189331
1.509492,	1737.904663
1.509578,	1822.799805
1.509664,	1645.363159
1.50975,	1689.373779
1.509837,	1682.28833
1.509923,	1654.775879
1.510009,	1712.380737
1.510095,	1729.121338
1.510182,	1691.404907
1.510268,	1731.962158
1.510355,	1701.061523
1.510441,	1925.288696
1.510527,	1727.716797
1.510614,	1761.440674
1.5107,	1757.754517
1.510787,	1723.47522
1.510873,	1658.617798
1.51096,	1780.685425
1.511046,	1760.009766
1.511133,	1905.801147
1.511219,	1759.437622
1.511306,	1949.3302
1.511392,	1935.431396
1.511479,	1819.688721
1.511565,	1880.491943
1.511652,	1795.340332
1.511738,	1750.935669
1.511825,	1706.545532
1.511912,	1702.875854
1.511998,	1712.773926
1.512085,	1702.322266
1.512172,	1769.856079
1.512258,	1820.417969
1.512345,	1898.078735
1.512432,	1985.880859
1.512518,	1978.781372
1.512605,	2005.561768
1.512692,	2018.784546
1.512779,	2011.682861
1.512865,	1970.72229
1.512952,	2041.498779
1.513039,	1858.375732
1.513126,	1973.145508
1.513213,	1966.056763
1.5133,	1975.887085
1.513386,	1962.034546
1.513473,	2117.299805
1.51356,	2171.062744
1.513647,	2140.279297
1.513734,	2153.453613
1.513821,	2139.583008
1.513908,	2081.783203
1.513995,	2051.033936
1.514082,	2006.780762
1.514169,	1922.007568
1.514256,	1867.657837
1.514343,	1934.889404
1.51443,	2029.108765
1.514517,	2028.778687
1.514604,	2227.580811
1.514691,	2152.977783
1.514778,	2358.442871
1.514865,	2523.359619
1.514953,	2364.421387
1.51504,	2350.547119
1.515127,	2313.074707
1.515214,	2329.554688
1.515301,	2308.951172
1.515388,	2261.392822
1.515475,	2352.005127
1.515563,	2422.373047
1.51565,	2384.925049
1.515737,	2360.960938
1.515824,	2468.334961
1.515912,	2397.228271
1.515999,	2433.86792
1.516086,	2285.376709
1.516174,	2409.519043
1.516261,	2264.44458
1.516348,	2166.515625
1.516436,	2283.88916
1.516523,	2317.147949
1.51661,	2306.68335
1.516698,	2239.068604
1.516785,	2500.894531
1.516873,	2493.765869
1.51696,	2432.874023
1.517048,	2556.789551
1.517135,	2707.538574
1.517223,	2680.228516
1.51731,	2535.392334
1.517398,	2524.906738
1.517485,	2517.781494
1.517573,	2487.163086
1.51766,	2429.707031
1.517748,	2482.997803
1.517835,	2542.980957
1.517923,	2472.126221
1.518011,	2589.105469
1.518098,	2481.380859
1.518186,	2517.856201
1.518273,	2440.347168
1.518361,	2362.863525
1.518449,	2352.425537
1.518537,	2321.887939
1.518624,	2254.510986
1.518712,	2110.119873
1.5188,	2257.125488
1.518887,	2337.117188
1.518975,	2350.127686
1.519063,	2373.175293
1.519151,	2546.81543
1.519239,	2549.746826
1.519326,	2462.346436
1.519414,	2498.740723
1.519502,	2638.802002
1.51959,	2417.671875
1.519678,	2313.632568
1.519766,	2420.227051
1.519854,	2326.248047
1.519942,	2302.476562
1.52003,	2265.348145
1.520118,	2448.716309
1.520206,	2384.854736
1.520294,	2227.505371
1.520382,	2527.656494
1.52047,	2397.042969
1.520558,	2289.837891
1.520646,	2246.078369
1.520734,	2182.311768
1.520822,	2308.736572
1.52091,	2251.6521
1.520998,	2267.961182
1.521086,	2410.983398
1.521174,	2267.221924
1.521262,	2486.870605
1.521351,	2479.799072
1.521439,	2482.727295
1.521527,	2678.909424
1.521615,	2488.580811
1.521703,	2624.741699
1.521792,	2667.608398
1.52188,	2467.385254
1.521968,	2420.373291
1.522056,	2519.840332
1.522145,	2456.194336
1.522233,	2495.725342
1.522321,	2488.664307
1.52241,	2368.50293
1.522498,	2607.589111
1.522586,	2600.512939
1.522675,	2566.839844
1.522763,	2559.772461
1.522851,	2605.888916
1.52294,	2648.666748
1.523028,	2472.128906
1.523117,	2624.547607
1.523205,	2743.699707
1.523294,	2726.646484
1.523382,	2809.216553
1.523471,	2971.440674
1.523559,	3136.931152
1.523648,	3073.359375
1.523736,	3281.918457
1.523825,	3218.343506
1.523913,	3373.733643
1.524002,	3243.828125
1.524091,	3409.111816
1.524179,	3199.665771
1.524268,	3235.610596
1.524357,	3052.777832
1.524445,	3198.100098
1.524534,	3379.82373
1.524623,	3395.837402
1.524711,	3302.53418
1.5248,	3381.481689
1.524889,	3453.780518
1.524978,	3406.865234
1.525066,	3307
1.525155,	3445.470703
1.525244,	3123.91333
1.525333,	3414.568359
1.525422,	3519.871826
1.52551,	3489.529053
1.525599,	3756.832275
1.525688,	3802.510742
1.525777,	4079.593262
1.525866,	4234.283691
1.525955,	4187.324219
1.526044,	4222.98877
1.526133,	4377.57959
1.526222,	4489.177246
1.526311,	4230.82959
1.5264,	4226.836914
1.526489,	4341.705566
1.526578,	4380.610352
1.526667,	4432.705078
1.526756,	4636.584961
1.526845,	4655.625488
1.526934,	4770.32959
1.527023,	5135.678223
1.527112,	5062.286133
1.527201,	5321.95166
1.52729,	5113.382324
1.527379,	5415.806152
1.527468,	5470.949707
1.527558,	5572.208496
1.527647,	5703.085449
1.527736,	5998.626953
1.527825,	6155.740234
1.527915,	6490.627441
1.528004,	6871.500488
1.528093,	7456.352051
1.528182,	7593.375488
1.528272,	7796.171875
1.528361,	8064.709473
1.52845,	8083.131348
1.52854,	8256.143555
1.528629,	8165.999023
1.528718,	8217.276367
1.528808,	8521.689453
1.528897,	8553.168945
1.528986,	8551.772461
1.529076,	8862.552734
1.529165,	8634.402344
1.529255,	8632.992188
1.529344,	8953.459961
1.529434,	9260.686523
1.529523,	9515.27832
1.529613,	9786.201172
1.529702,	9837.119141
1.529792,	10052.110352
1.529881,	10539.374023
1.529971,	10609.827148
1.53006,	11280.530273
1.53015,	11380.355469
1.53024,	11788.384766
1.530329,	12045.464844
1.530419,	12846.615234
1.530509,	12965.783203
1.530598,	13111.12793
1.530688,	13439.904297
1.530778,	13771.848633
1.530867,	13740.119141
1.530957,	13443.139648
1.531047,	13578.462891
1.531137,	13399.460938
1.531226,	13299.074219
1.531316,	13349.263672
1.531406,	13350.353516
1.531496,	13021.009766
1.531586,	12652.521484
1.531675,	12352.833984
1.531765,	12341.003906
1.531855,	11897.607422
1.531945,	11702.795898
1.532035,	11370.773438
1.532125,	10676.125977
1.532215,	10318.241211
1.532305,	10323.087891
1.532395,	10510.84375
1.532485,	10149.894531
1.532575,	9681.311523
1.532665,	9849.491211
1.532755,	9514.938477
1.532845,	9056.479492
1.532935,	8823.321289
1.533025,	8472.787109
1.533115,	8298.515625
1.533205,	8088.425293
1.533295,	7930.578125
1.533385,	7883.635254
1.533475,	8156.174316
1.533566,	7894.09375
1.533656,	8221.941406
1.533746,	8311.827148
1.533836,	8447.292969
1.533926,	8579.456055
1.534016,	8708.319336
1.534107,	8947.847656
1.534197,	9034.285156
1.534287,	9283.447266
1.534378,	9281.928711
1.534468,	9638.349609
1.534558,	9858.008789
1.534649,	9980.007812
1.534739,	10329.634766
1.534829,	10350.707031
1.53492,	10456.307617
1.53501,	10435.091797
1.5351,	10300.123047
1.535191,	10327.685547
1.535281,	10030.316406
1.535372,	9875.987305
1.535462,	9913.348633
1.535553,	9944.203125
1.535643,	10030.246094
1.535734,	10333.78125
1.535824,	10958.572266
1.535915,	11219.663086
1.536005,	11409.279297
1.536096,	17062.451172
1.536186,	15243.075195
1.536277,	13265.370117
1.536368,	12173.605469
1.536458,	12456.935547
1.536549,	12746.65625
1.53664,	13114.070312
1.53673,	13176.738281
1.536821,	13705.970703
1.536912,	13706.96582
1.537002,	14232.699219
1.537093,	14110.540039
1.537184,	14079.087891
1.537275,	14390.822266
1.537365,	14314.015625
1.537456,	14104.537109
1.537547,	13655.667969
1.537638,	13617.841797
1.537729,	13631.786133
1.53782,	13247.900391
1.53791,	13155.183594
1.538001,	13515.157227
1.538092,	13516.176758
1.538183,	13278.009766
1.538274,	13324.310547
1.538365,	13554.772461
1.538456,	13219.795898
1.538547,	12865.547852
1.538638,	13070.133789
1.538729,	12880.708008
1.53882,	12720.399414
1.538911,	12485.900391
1.539002,	12619.408203
1.539093,	12359.185547
1.539184,	12263.594727
1.539275,	12142.227539
1.539366,	12253.125
1.539457,	11886.711914
1.539549,	11520.418945
1.53964,	11154.245117
1.539731,	10949.353516
1.539822,	10738.082031
1.539913,	10259.439453
1.540004,	10309.304688
1.540096,	10401.027344
1.540187,	9919.453125
1.540278,	10017.650391
1.540369,	10164.107422
1.540461,	9924.234375
1.540552,	10032.036133
1.540643,	9740.775391
1.540735,	9530.044922
1.540826,	9351.552734
1.540917,	9179.551758
1.541009,	8814.655273
1.5411,	8575.276367
1.541192,	8673.529297
1.541283,	8405.322266
1.541374,	13443.097656
1.541466,	20648.142578
1.541557,	15054.673828
1.541649,	8431.933594
1.54174,	8424.12793
1.541832,	8361.735352
1.541923,	8007.199707
1.542015,	7771.552246
1.542106,	7535.981934
1.542198,	7733.70459
1.542289,	7520.676758
1.542381,	7541.898926
1.542473,	8236.673828
1.542564,	8642.599609
1.542656,	8846.389648
1.542748,	8960.349609
1.542839,	9455.705078
1.542931,	9364.419922
1.543023,	9231.508789
1.543114,	9380.570312
1.543206,	9427.080078
1.543298,	9278.209961
1.54339,	9404.774414
1.543481,	9931.50293
1.543573,	10089.929688
1.543665,	10270.708008
1.543757,	10275.422852
1.543849,	10804.861328
1.543941,	10886.263672
1.544032,	10446.283203
1.544124,	10329.442383
1.544216,	10647.492188
1.544308,	10425.157227
1.5444,	10270.019531
1.544492,	10741.323242
1.544584,	11496.857422
1.544676,	11370.373047
1.544768,	12179.858398
1.54486,	13694.902344
1.544952,	14110.969727
1.545044,	13920.283203
1.545136,	14783.084961
1.545228,	15214.726562
1.54532,	14701.644531
1.545412,	14603.512695
1.545504,	15130.672852
1.545596,	15058.017578
1.545689,	14979.008789
1.545781,	15964.995117
1.545873,	16673.300781
1.545965,	16778.9375
1.546057,	17066.197266
1.54615,	17420.277344
1.546242,	17997.253906
1.546334,	16997.269531
1.546426,	16806.570312
1.546519,	16851.576172
1.546611,	16877.464844
1.546703,	16613.662109
1.546796,	17002.416016
1.546888,	17626.527344
1.54698,	17960.896484
1.547073,	18820.056641
1.547165,	20194.203125
1.547258,	20531.166016
1.54735,	19656.570312
1.547442,	19255.951172
1.547535,	18890.427734
1.547627,	17987.927734
1.54772,	16920.492188
1.547812,	16441.15625
1.547905,	16432.103516
1.547997,	15883.132812
1.54809,	15778.908203
1.548182,	16201.758789
1.548275,	16307.027344
1.548367,	15879.044922
1.54846,	15546.404297
1.548553,	15416.935547
1.548645,	14954.413086
1.548738,	14634.773438
1.548831,	14039.335938
1.548923,	14262.154297
1.549016,	14117.148438
1.549109,	14872.395508
1.549201,	15535.486328
1.549294,	15932.188477
1.549387,	16116.492188
1.549479,	16408.435547
1.549572,	17279.865234
1.549665,	16431.541016
1.549758,	15843.113281
1.549851,	15827.84668
1.549944,	15147.923828
1.550037,	14575.819336
1.550129,	14367.762695
1.550222,	14672.258789
1.550315,	14502.208984
1.550408,	14098.194336
1.550501,	14472.145508
1.550594,	14210.530273
1.550687,	13658.199219
1.55078,	12862.701172
1.550873,	12825.828125
1.550966,	12078.117188
1.551059,	11523.338867
1.551152,	11414.0625
1.551245,	11658.491211
1.551338,	11239.817383
1.551431,	11465.25293
1.551524,	12659.572266
1.551617,	12278.806641
1.55171,	12147.425781
1.551804,	11852.043945
1.551897,	11992.03125
1.55199,	11725.154297
1.552083,	11348.006836
1.552176,	10974.135742
1.55227,	10978.634766
1.552363,	10690.038086
1.552456,	10839.52832
1.552549,	11143.344727
1.552643,	10867.461914
1.552736,	10764.890625
1.552829,	11008.738281
1.552922,	11006.926758
1.553016,	10643.105469
1.553109,	10421.036133
1.553203,	10504.287109
1.553296,	10235.117188
1.553389,	10246.016602
1.553483,	10426.759766
1.553576,	10742.668945
1.55367,	10806.931641
1.553763,	10868.02832
1.553857,	11234.000977
1.55395,	11480.427734
1.554044,	11136.036133
1.554137,	11134.203125
1.554231,	11188.912109
1.554324,	10590.342773
1.554418,	10390.769531
1.554512,	10674.765625
1.554605,	10494.079102
1.554699,	10570.816406
1.554793,	10832.674805
1.554886,	10874.817383
1.55498,	10920.083008
1.555073,	10999.834961
1.555167,	11324.169922
1.555261,	11156.124023
1.555354,	11276.550781
1.555448,	11371.863281
1.555542,	11539.223633
1.555636,	11778.598633
1.55573,	11507.227539
1.555823,	12141.210938
1.555917,	12549.489258
1.556011,	12885.610352
1.556105,	13231.013672
1.556199,	13701.516602
1.556293,	13589.71582
1.556387,	13449.787109
1.556481,	13566.46582
1.556575,	13583.000977
1.556669,	13149.131836
1.556762,	13559.762695
1.556856,	13632.570312
1.55695,	13624.072266
1.557044,	13265.49707
1.557138,	13685.211914
1.557232,	13629.837891
1.557327,	13368.286133
1.55742,	13231.766602
1.557515,	13310.788086
1.557609,	12596.637695
1.557703,	12644.515625
1.557797,	12217.896484
1.557891,	12022.375977
1.557985,	11493.020508
1.558079,	11035.599609
1.558174,	11161.681641
1.558268,	10217.898438
1.558362,	10153.844727
1.558456,	9634.584961
1.558551,	8881.685547
1.558645,	8409.560547
1.558739,	7819.165527
1.558833,	7409.688965
1.558928,	6726.190918
1.559022,	6628.52002
1.559116,	6126.009766
1.559211,	5931.939453
1.559305,	5803.313477
1.5594,	5509.748535
1.559494,	5471.491699
1.559588,	5517.26709
1.559683,	5230.116699
1.559777,	4995.943848
1.559872,	4954.686523
1.559966,	4848.137207
1.560061,	5033.893066
1.560155,	5054.824219
1.56025,	5181.428223
1.560344,	5183.681641
1.560439,	5347.508789
1.560534,	5753.604004
1.560628,	5746.442383
1.560723,	5403.870605
1.560817,	5347.086426
1.560912,	4995.378906
1.561007,	4879.702148
1.561101,	4435.078613
1.561196,	4614.327637
1.561291,	4625.976562
1.561386,	4699.663574
1.56148,	5043.163086
1.561575,	5153.969238
1.56167,	4895.772949
1.561765,	4712.062988
1.561859,	4922.053223
1.561954,	4639.230469
1.562049,	4688.041016
1.562144,	4640.797363
1.562239,	4822.783203
1.562334,	4642.362793
1.562429,	4539.413086
1.562523,	4773.956055
1.562618,	4770.072754
1.562713,	4964.266113
1.562808,	4870.614258
1.562903,	5179.200684
1.562998,	4933.967285
1.563093,	4806.344727
1.563188,	4805.55127
1.563283,	4699.634277
1.563378,	4677.219238
1.563473,	4623.902832
1.563569,	4774.56543
1.563664,	4881.920898
1.563759,	5041.759277
1.563854,	5300.38623
1.563949,	5450.837402
1.564044,	5168.949219
1.564139,	5461.38623
1.564235,	5729.032715
1.56433,	5842.27832
1.564425,	5940.057129
1.56452,	6006.951172
1.564615,	6021.382812
1.564711,	6088.240723
1.564806,	6537.456543
1.564901,	6894.027344
1.564997,	7019.278809
1.565092,	6558.874512
1.565187,	6902.937988
1.565283,	6981.907715
1.565378,	6352.301758
1.565474,	6496.019043
1.565569,	6291.689941
1.565664,	6299.887695
1.56576,	6329.633301
1.565855,	6630.241699
1.565951,	6426.024902
1.566046,	6372.652344
1.566142,	6682.333984
1.566237,	6850.413574
1.566333,	6861.583984
1.566428,	6918.875977
1.566524,	6982.29834
1.56662,	6935.033691
1.566715,	6648.048828
1.566811,	6791.382324
1.566906,	7211.194336
1.567002,	7016.46582
1.567098,	7193.453125
1.567193,	7514.718262
1.567289,	7667
1.567385,	7487.674316
1.567481,	7253.156738
1.567576,	7331.750488
1.567672,	7155.63623
1.567768,	7007.191895
1.567864,	6714.626465
1.567959,	6922.067871
1.568055,	7098.775879
1.568151,	7459.380371
1.568247,	7825.996582
1.568343,	7653.067383
1.568439,	8096.139648
1.568535,	8355.231445
1.568631,	8283.391602
1.568727,	8128.87793
1.568823,	8121.408691
1.568919,	8221.107422
1.569014,	7794.218262
1.56911,	7945.97168
1.569206,	8100.735352
1.569302,	8068.796875
1.569399,	7844.130859
1.569495,	7888.715332
1.569591,	8095.375977
1.569687,	7702.636719
1.569783,	7527.095703
1.569879,	7345.498535
1.569975,	7267.875977
1.570071,	7052.768066
1.570167,	7048.545898
1.570264,	6974.064453
1.57036,	6927.09668
1.570456,	7057.262207
1.570552,	7340.047852
1.570649,	7402.941406
1.570745,	7120.908691
1.570841,	7272.317383
1.570938,	7560.981934
1.571034,	6983.141113
1.57113,	6985.035156
1.571227,	7087.569824
1.571323,	6973.575684
1.571419,	6777.303223
1.571516,	7212.075684
1.571612,	7177.356934
1.571708,	6856.212402
1.571805,	6788.049805
1.571901,	6777.787109
1.571998,	6560.420898
1.572094,	6075.149902
1.572191,	5927.999023
1.572287,	6051.829102
1.572384,	5737.328125
1.572481,	5870.277832
1.572577,	6216.169922
1.572674,	6218.182617
1.57277,	6293.194336
1.572867,	6486.785645
1.572964,	6680.313477
1.57306,	6372.151855
1.573157,	6486.603027
1.573254,	6354.845215
1.57335,	6007.387695
1.573447,	6091.460449
1.573544,	6050.962402
1.57364,	6150.185059
1.573737,	6118.799805
1.573834,	6284.772949
1.573931,	6329.266113
1.574028,	5973.108887
1.574124,	6038.880859
1.574221,	6007.539062
1.574318,	5669.812988
1.574415,	5435.324219
1.574512,	5319.185059
1.574609,	5303.143066
1.574706,	5299.232422
1.574803,	5383.225098
1.5749,	5688.422852
1.574997,	5614.757812
1.575094,	5492.643555
1.575191,	5673.478516
1.575288,	5699.79541
1.575385,	5374.845703
1.575482,	5222.575684
1.575579,	5288.305664
1.575676,	4999.904297
1.575773,	4648.050781
1.57587,	4792.507812
1.575967,	4710.036133
1.576064,	4570.125
1.576162,	4690.330078
1.576259,	4728.858887
1.576356,	4398.560547
1.576453,	4116.732422
1.57655,	4306.439941
1.576648,	4242.272949
1.576745,	4014.98999
1.576842,	4026.40625
1.57694,	4040.838867
1.577037,	4043.188232
1.577134,	4193.470703
1.577232,	4310.498535
1.577329,	4297.711426
1.577426,	4357.349609
1.577524,	4413.951172
1.577621,	4069.331543
1.577719,	3881.661133
1.577816,	3588.508545
1.577913,	3370.829346
1.578011,	3165.280518
1.578108,	3276.275391
1.578206,	3360.111328
1.578303,	3275.188232
1.578401,	3039.665771
1.578499,	2834.341797
1.578596,	2897.114014
1.578694,	2734.036377
1.578791,	2601.118164
1.578889,	2507.375
1.578987,	2392.595703
1.579084,	2187.583008
1.579182,	2313.579102
1.57928,	2376.364258
1.579377,	2261.682617
1.579475,	2378.58252
1.579573,	2387.20752
1.57967,	2410.859619
1.579768,	2338.325928
1.579866,	2491.195801
1.579964,	2235.394531
1.580062,	2232.019287
1.580159,	2189.598877
1.580257,	2378.428467
1.580355,	2146.835693
1.580453,	2308.591064
1.580551,	2434.273682
1.580649,	2376.849121
1.580747,	2295.438965
1.580845,	2358.059326
1.580943,	2357.667725
1.581041,	2297.294434
1.581139,	2359.883301
1.581237,	2485.410645
1.581335,	2535.956787
1.581433,	2505.564697
1.581531,	2882.71875
1.581629,	2945.157959
1.581727,	3043.523193
1.581825,	3189.777344
1.581923,	3458.76123
1.582021,	3518.068604
1.58212,	3376.784668
1.582218,	3687.506836
1.582316,	3743.753662
1.582414,	3608.486572
1.582512,	3892.090332
1.58261,	4151.670898
1.582709,	3932.665527
1.582807,	4078.528076
1.582905,	4140.632324
1.583004,	4151.900879
1.583102,	3968.904297
1.5832,	4186.378418
1.583299,	4215.559082
1.583397,	4325.382812
1.583495,	4372.450195
1.583594,	4479.224609
1.583692,	4594.92041
1.583791,	4680.726074
1.583889,	4703.825195
1.583988,	4667.233398
1.584086,	4618.71875
1.584185,	4814.840332
1.584283,	4348.742188
1.584382,	4204.874512
1.58448,	4389.039551
1.584579,	4096.15332
1.584677,	3988.167236
1.584776,	3868.296143
1.584875,	3763.363281
1.584973,	3721.028564
1.585072,	3514.878662
1.585171,	3553.010986
1.585269,	3451.17749
1.585368,	3349.37793
1.585467,	3235.705078
1.585565,	3258.976562
1.585664,	3103.696045
1.585763,	3034.749268
1.585862,	3105.638428
1.58596,	2995.074219
1.586059,	3143.263916
1.586158,	3095.168701
1.586257,	3094.653809
1.586356,	3218.974365
1.586455,	2930.176025
1.586553,	3185.219238
1.586652,	2955.938232
1.586751,	2988.119385
1.58685,	2957.924316
1.586949,	2826.782227
1.587048,	2683.808838
1.587147,	2704.140381
1.587246,	2679.947754
1.587345,	2661.69751
1.587444,	2670.155029
1.587543,	2669.710693
1.587642,	2476.48584
1.587741,	2603.583984
1.587841,	2632.799316
1.58794,	2860.617432
1.588039,	2563.753418
1.588138,	2830.03125
1.588237,	2808.819824
1.588336,	2894.261719
1.588436,	3015.217773
1.588535,	2860.722412
1.588634,	2729.965576
1.588733,	2729.510986
1.588833,	2634.338623
1.588932,	2527.360107
1.589031,	2378.991943
1.589131,	2337.17749
1.58923,	2286.50293
1.589329,	2129.376221
1.589429,	2072.839111
1.589528,	2060.667969
1.589627,	1918.437134
1.589727,	1861.963135
1.589826,	1923.708008
1.589926,	1819.979614
1.590025,	1725.147827
1.590125,	1689.417969
1.590224,	1742.291138
1.590324,	1603.231323
1.590423,	1573.443726
1.590523,	1655.825195
1.590622,	1608.332153
1.590722,	1543.151489
1.590822,	1584.195557
1.590921,	1527.889282
1.591021,	1474.550781
1.591121,	1438.921631
1.59122,	1332.549561
1.59132,	1364.751343
1.59142,	1199.484253
1.591519,	1225.804199
1.591619,	1219.70752
1.591719,	1166.4823
1.591819,	1248.752563
1.591918,	1195.540161
1.592018,	1157.066406
1.592118,	1133.323975
1.592218,	1100.759644
1.592318,	1127.060547
1.592418,	1132.75708
1.592517,	1141.393433
1.592617,	1176.498047
1.592717,	1049.849365
1.592817,	1161.404419
1.592917,	1078.896973
1.593017,	1116.927734
1.593117,	1072.659546
1.593217,	1046.036011
1.593317,	1042.923706
1.593417,	975.191284
1.593517,	954.470764
1.593617,	892.648376
1.593717,	866.076782
1.593817,	921.704224
1.593918,	986.117676
1.594018,	1012.36261
1.594118,	894.837891
1.594218,	885.888367
1.594318,	956.130554
1.594419,	891.457642
1.594519,	856.12561
1.594619,	885.297241
1.594719,	902.735291
1.59482,	899.654175
1.59492,	1007.913269
1.59502,	1004.815552
1.59512,	1118.879028
1.595221,	1007.408691
1.595321,	998.456482
1.595421,	989.507202
1.595522,	974.706787
1.595622,	924.792603
1.595723,	989.01178
1.595823,	994.697815
1.595924,	892.153503
1.596024,	900.77832
1.596125,	944.489685
1.596225,	979.415527
1.596326,	985.098328
1.596426,	961.552612
1.596527,	984.769348
1.596627,	993.369934
1.596728,	838.381042
1.596828,	943.38623
1.596929,	849.781921
1.59703,	776.646851
1.59713,	811.547974
1.597231,	799.737427
1.597332,	758.748169
1.597432,	776.128113
1.597533,	770.163879
1.597634,	770.035217
1.597735,	749.492371
1.597836,	696.882324
1.597936,	749.242004
1.598037,	684.990051
1.598138,	725.676697
1.598239,	652.708557
1.59834,	696.300354
1.59844,	728.225891
1.598541,	748.49115
1.598642,	690.127441
1.598743,	742.418091
1.598844,	678.252991
1.598945,	631.572083
1.599046,	747.865906
1.599147,	701.188965
1.599248,	730.161865
1.599349,	631.149963
1.59945,	645.584656
1.599551,	680.367371
1.599652,	715.138428
1.599753,	674.326721
1.599854,	616.092102
1.599956,	624.705933
1.600057,	572.309265
1.600158,	563.499634
1.600259,	601.159424
1.60036,	574.925903
1.600462,	505.153412
1.600563,	531.193176
1.600664,	560.126465
1.600765,	539.720703
1.600867,	594.754028
1.600968,	620.761292
1.601069,	568.452637
1.601171,	577.056946
1.601272,	559.564636
1.601373,	600.054382
1.601475,	663.717224
1.601576,	614.342896
1.601677,	533.114075
1.601779,	544.612366
1.60188,	515.557373
1.601982,	512.575195
1.602083,	509.593994
1.602185,	541.353027
1.602286,	555.73468
1.602388,	555.641724
1.602489,	503.466034
1.602591,	561.24176
1.602693,	517.760132
1.602794,	500.321259
1.602896,	508.91217
1.602997,	578.212524
1.603099,	552.100525
1.603201,	592.469421
1.603302,	551.91571
1.603404,	485.373383
1.603506,	540.176331
1.603608,	485.210876
1.603709,	574.647644
1.603811,	476.386841
1.603913,	502.287476
1.604015,	461.796204
1.604117,	525.2052
1.604218,	438.559479
1.60432,	559.646667
1.604422,	464.371277
1.604524,	490.247803
1.604626,	467.09906
1.604728,	501.61499
1.60483,	426.589569
1.604932,	469.746307
1.605034,	455.26062
1.605136,	443.660736
1.605238,	481.032013
1.60534,	478.071472
1.605442,	509.665527
1.605544,	480.790314
1.605646,	523.887268
1.605748,	492.141296
1.60585,	483.426239
1.605952,	477.591125
1.606054,	523.536255
1.606157,	460.17453
1.606259,	454.346191
1.606361,	462.895447
1.606463,	451.319305
1.606566,	468.488647
1.606668,	520.136414
1.60677,	436.72641
1.606872,	462.50769
1.606975,	442.324493
1.607077,	416.404572
1.607179,	531.18573
1.607282,	450.714478
1.607384,	493.693604
1.607486,	433.344391
1.607589,	407.447601
1.607691,	453.281189
1.607794,	522.046448
1.607896,	490.411957
1.607999,	412.909241
1.608101,	475.912811
1.608204,	481.565918
1.608306,	507.279022
1.608409,	515.790466
1.608511,	518.56897
1.608614,	472.649323
1.608716,	515.530945
1.608819,	412.355591
1.608922,	512.494934
1.609024,	489.508026
1.609127,	489.425903
1.60923,	460.727203
1.609332,	432.038116
1.609435,	512.065247
1.609538,	543.441711
1.609641,	466.137573
1.609743,	508.948273
1.609846,	377.358978
1.609949,	517.352417
1.610052,	514.407776
1.610155,	540.037537
1.610258,	508.521393
1.61036,	497.010529
1.610463,	462.656281
1.610566,	499.699158
1.610669,	496.760315
1.610772,	499.531403
1.610875,	422.389954
1.610978,	485.096191
1.611081,	450.778412
1.611184,	462.112946
1.611287,	530.485046
1.61139,	427.738708
1.611493,	461.880249
1.611596,	515.964722
1.611699,	478.82608
1.611802,	455.948273
1.611905,	518.554077
1.612009,	489.979797
1.612112,	501.290497
1.612215,	523.988403
1.612318,	592.235229
1.612421,	552.280457
1.612525,	566.419373
1.612628,	466.719452
1.612731,	466.641083
1.612835,	495.011627
1.612938,	529.061462
1.613041,	554.568054
1.613145,	574.379089
1.613248,	517.422974
1.613351,	531.548523
1.613455,	503.038971
1.613558,	525.686829
1.613661,	522.757446
1.613765,	522.669617
1.613868,	596.424866
1.613972,	587.805725
1.614075,	511.0495
1.614179,	610.317627
1.614282,	508.03952
1.614386,	615.787964
1.614489,	522.055054
1.614593,	482.25238
1.614697,	490.680237
1.6148,	550.150085
1.614904,	513.198059
1.615008,	515.946655
1.615111,	510.191132
1.615215,	487.434021
1.615319,	501.519287
1.615422,	549.595398
1.615526,	501.350647
1.61563,	600.38678
1.615734,	515.339722
1.615837,	574.705383
1.615941,	585.93103
1.616045,	560.361511
1.616149,	531.970947
1.616253,	577.14801
1.616357,	551.592773
1.61646,	636.346191
1.616565,	610.789551
1.616668,	528.696472
1.616772,	539.914673
1.616876,	602.002502
1.61698,	559.513794
1.617084,	601.799927
1.617188,	624.297729
1.617292,	593.124268
1.617396,	482.891357
1.6175,	581.630859
1.617605,	581.53302
1.617709,	575.790161
1.617813,	629.311707
1.617917,	567.131714
1.618021,	589.604858
1.618125,	606.42926
1.61823,	586.586304
1.618334,	600.585815
1.618438,	665.325806
1.618542,	620.114563
1.618647,	605.919006
1.618751,	631.176819
1.618855,	574.724976
1.618959,	636.5979
1.619064,	580.164124
1.619168,	616.672607
1.619272,	641.907166
1.619377,	551.722046
1.619481,	560.072449
1.619586,	624.699219
1.61969,	545.816406
1.619794,	630.114868
1.619899,	590.633179
1.620003,	632.714722
1.620108,	565.129944
1.620212,	657.801636
1.620317,	623.963074
1.620422,	592.946106
1.620526,	646.230469
1.620631,	632.0755
1.620735,	629.160278
1.62084,	648.712219
1.620945,	617.717041
1.621049,	592.346985
1.621154,	620.315796
1.621259,	656.694275
1.621364,	665.001343
1.621468,	589.142395
1.621573,	614.287842
1.621678,	594.552856
1.621783,	583.236572
1.621887,	636.405701
1.621992,	627.889221
1.622097,	622.178162
1.622202,	650.094604
1.622307,	633.175049
1.622412,	627.465942
1.622517,	660.96875
1.622622,	599.252014
1.622727,	621.549133
1.622832,	635.440857
1.622936,	635.333679
1.623042,	680.000244
1.623147,	696.672913
1.623252,	662.98645
1.623357,	651.68689
1.623462,	662.762878
1.623567,	623.507141
1.623672,	626.19751
1.623777,	581.371094
1.623882,	726.591248
1.623987,	597.939636
1.624092,	650.917908
1.624198,	675.946655
1.624303,	650.698303
1.624408,	605.912964
1.624514,	644.895264
1.624619,	731.316284
1.624724,	725.611267
1.624829,	655.730286
1.624935,	733.736023
1.62504,	719.665222
1.625145,	722.332703
1.625251,	797.499207
1.625356,	724.876953
1.625461,	713.604553
1.625567,	741.354553
1.625672,	763.522034
1.625778,	718.815491
1.625883,	665.767029
1.625989,	690.721191
1.626094,	662.757629
1.6262,	673.782654
1.626305,	732.127747
1.626411,	701.388
1.626517,	698.486755
1.626622,	779.056885
1.626728,	695.469055
1.626834,	703.695862
1.626939,	761.976685
1.627045,	725.701965
1.627151,	753.379395
1.627256,	731.01593
1.627362,	728.113403
1.627468,	794.676575
1.627573,	797.320496
1.627679,	683.302124
1.627785,	741.507507
1.627891,	710.83844
1.627997,	832.873047
1.628103,	732.804504
1.628209,	699.377014
1.628314,	713.133057
1.62842,	729.658752
1.628526,	710.118164
1.628632,	776.560547
1.628738,	759.791565
1.628844,	767.980652
1.62895,	862.09967
1.629056,	745.548645
1.629162,	881.205933
1.629268,	742.526062
1.629374,	797.803589
1.62948,	805.977783
1.629587,	800.303101
1.629693,	836.16156
1.629799,	802.800842
1.629905,	907.841919
1.630011,	783.15802
1.630117,	832.829407
1.630224,	852.053406
1.63033,	829.78186
1.630436,	779.863037
1.630542,	796.321228
1.630649,	815.53833
1.630755,	784.995667
1.630861,	898.170593
1.630968,	853.808533
1.631074,	989.03479
1.63118,	911.52594
1.631287,	1046.696655
1.631393,	913.978882
1.6315,	955.236267
1.631606,	941.27301
1.631713,	946.633545
1.631819,	985.104919
1.631926,	1018.045471
1.632032,	1020.631714
1.632139,	929.445068
1.632245,	976.165833
1.632352,	964.972412
1.632458,	934.486572
1.632565,	912.279358
1.632672,	956.215637
1.632778,	936.767456
1.632885,	964.156189
1.632992,	958.484497
1.633098,	925.276672
1.633205,	993.95343
1.633312,	971.762207
1.633419,	968.845337
1.633525,	974.185181
1.633632,	935.499695
1.633739,	885.823242
1.633846,	838.914124
1.633953,	855.272522
1.634059,	838.630066
1.634166,	843.986389
1.634273,	876.827576
1.63438,	854.69342
1.634487,	824.323486
1.634594,	837.920288
1.634701,	870.740173
1.634808,	829.397461
1.634915,	829.256958
1.635022,	787.935242
1.635129,	793.291687
1.635236,	804.135254
1.635343,	806.743042
1.63545,	781.914368
1.635558,	842.129944
1.635665,	888.612
1.635772,	924.109558
1.635879,	863.63562
1.635986,	764.80481
1.636093,	819.490601
1.636201,	805.650208
1.636308,	794.554321
1.636415,	873.861633
1.636522,	862.757874
1.63663,	854.396301
1.636737,	851.51355
1.636844,	807.568848
1.636952,	796.483765
1.637059,	834.661011
1.637167,	894.714417
1.637274,	878.148743
1.637381,	888.940674
1.637489,	825.890991
1.637596,	877.702148
1.637704,	970.50293
1.637811,	866.471191
1.637919,	901.851746
1.638026,	860.712524
1.638134,	819.587158
1.638242,	852.226135
1.638349,	898.509094
1.638457,	748.175537
1.638564,	868.173218
1.638672,	799.784912
1.63878,	865.149536
1.638887,	886.83252
1.638995,	843.030029
1.639103,	908.354004
1.639211,	889.108582
1.639318,	834.420471
1.639426,	872.448547
1.639534,	877.75238
1.639642,	921.21106
1.639749,	940.129822
1.639857,	972.664917
1.639965,	939.810791
1.640073,	988.676636
1.640181,	966.723511
1.640289,	939.332397
1.640397,	955.506409
1.640505,	947.178894
1.640613,	957.903381
1.640721,	867.952576
1.640829,	1017.42688
1.640937,	965.575439
1.641045,	968.130981
1.641153,	967.966614
1.641261,	951.491028
1.641369,	948.611389
1.641477,	940.297424
1.641585,	967.309387
1.641694,	934.544739
1.641802,	969.697144
1.64191,	1067.300415
1.642018,	1058.973267
1.642126,	1009.925964
1.642235,	1080.328735
1.642343,	1080.145142
1.642451,	1088.102173
1.64256,	898.006531
1.642668,	976.517944
1.642776,	1055.002686
1.642884,	1073.80481
1.642993,	1019.399048
1.643101,	1019.22583
1.64321,	1056.996094
1.643318,	1078.494751
1.643427,	1040.380981
1.643535,	1086.254883
1.643644,	1067.11145
1.643752,	1112.96521
1.643861,	1091.116089
1.643969,	1134.243042
1.644078,	1174.648804
1.644186,	1206.922363
1.644295,	1187.77771
1.644404,	1206.512085
1.644512,	1203.602295
1.644621,	1208.806152
1.64473,	1227.527222
1.644838,	1192.175049
1.644947,	1164.943604
1.645056,	1132.316406
1.645164,	1161.845459
1.645273,	1148.140381
1.645382,	1220.873413
1.645491,	1250.372192
1.6456,	1190.756714
1.645709,	1325.53772
1.645817,	1300
1.645926,	1200
1.646035,	1400.413696
1.646144,	1413.664673
1.646253,	1486.253296
1.646362,	1545.33252
1.646471,	1631.356323
1.64658,	1760.486572
1.646689,	1708.971802
1.646798,	1765.277832
1.646907,	1786.534424
1.647016,	1788.924561
1.647125,	1694.340454
1.647234,	1817.941528
1.647343,	1750.312378
1.647453,	1763.476196
1.647562,	1868.159058
1.647671,	1935.126465
1.64778,	1891.741699
1.647889,	1980.206177
1.647999,	1990.629272
1.648108,	1896.155029
1.648217,	1941.547363
1.648326,	2016.49939
1.648436,	1905.939575
1.648545,	1943.24353
1.648654,	1881.10498
1.648764,	1821.674316
1.648873,	1885.837158
1.648983,	1864.028687
1.649092,	1772.405518
1.649201,	1664.703491
1.649311,	1567.776123
1.64942,	1615.822754
1.64953,	1502.834961
1.649639,	1534.7771
1.649749,	1505.005737
1.649858,	1528.889771
1.649968,	1558.12915
1.650078,	1683.887085
1.650187,	1458.405273
1.650297,	1584.137329
1.650406,	1535.627808
1.650516,	1513.929932
1.650626,	1449.37439
1.650735,	1524.128418
1.650845,	1507.799805
1.650955,	1571.807617
1.651065,	1563.507935
1.651174,	1619.453979
1.651284,	1592.414673
1.651394,	1439.61853
1.651504,	1428.671509
1.651614,	1500.651855
1.651724,	1347.949463
1.651834,	1355.741821
1.651943,	1489.190186
1.652053,	1357.952637
1.652163,	1488.682373
1.652273,	1536.528564
1.652383,	1512.220703
1.652493,	1527.990723
1.652603,	1509.03418
1.652713,	1588.888916
1.652823,	1607.307495
1.652933,	1580.338501
1.653044,	1652.132935
1.653154,	1630.502441
1.653264,	1710.268066
1.653374,	1645.952271
1.653484,	1602.996094
1.653594,	1696.059204
1.653705,	1610.44812
1.653815,	1626.168457
1.653925,	1559.256104
1.654035,	1524.345825
1.654145,	1590.697876
1.654256,	1696.987671
1.654366,	1789.923218
1.654476,	1805.596558
1.654587,	1789.312378
1.654697,	1757.060425
1.654808,	1849.922119
1.654918,	1897.509888
1.655028,	1796.07373
1.655139,	1880.89978
1.655249,	1880.578735
1.65536,	1978.658691
1.65547,	1986.297974
1.655581,	2076.350586
1.655692,	1977.645386
1.655802,	2120.822021
1.655913,	2165.632568
1.656023,	2043.051636
1.656134,	1989.576538
1.656244,	1973.301636
1.656355,	2042.005127
1.656466,	2147.854492
1.656576,	2123.597168
1.656687,	2311.671387
1.656798,	2242.283203
1.656909,	2371.904053
1.657019,	2366.193359
1.65713,	2387.00708
1.657241,	2397.206299
1.657352,	2179.388184
1.657463,	2107.442383
1.657574,	2234.302246
1.657685,	2117.322021
1.657795,	2101.063232
1.657906,	2106.002441
1.658017,	2002.346802
1.658128,	1888.133911
1.658239,	1967.24231
1.65835,	1913.96106
1.658461,	1892.459595
1.658572,	2008.575317
1.658683,	2005.58606
1.658794,	2042.279419
1.658906,	2084.25
1.659017,	2094.471924
1.659128,	2086.181641
1.659239,	2056.744873
1.65935,	2027.318359
1.659461,	1976.759888
1.659572,	1973.779541
1.659684,	1907.396484
1.659795,	2091.966309
1.659906,	2104.813232
1.660017,	2006.755859
1.660129,	2024.8927
1.66024,	2132.768555
1.660351,	1884.327148
1.660463,	1886.643433
1.660574,	1954.914185
1.660686,	1938.753174
1.660797,	1980.61853
1.660908,	2025.106201
1.66102,	2111.760986
1.661131,	2224.74585
1.661243,	2045.150879
1.661354,	2194.999023
1.661466,	2028.643433
1.661577,	2046.735352
1.661689,	1930.502319
1.661801,	1801.1427
1.661912,	1892.9823
1.662024,	1795.261475
1.662135,	1721.261108
1.662247,	1681.494751
1.662359,	1673.313843
1.662471,	1502.04187
1.662582,	1420.251831
1.662694,	1441.045776
1.662806,	1398.731934
1.662918,	1435.294922
1.663029,	1400.881348
1.663141,	1395.385742
1.663253,	1392.519409
1.663365,	1308.21875
1.663477,	1399.921997
1.663589,	1404.934326
1.663701,	1394.191284
1.663813,	1399.202759
1.663924,	1427.834839
1.664037,	1322.620361
1.664148,	1395.860107
1.664261,	1482.191528
1.664372,	1384.890259
1.664485,	1355.806152
1.664597,	1460.453857
1.664709,	1470.689819
1.664821,	1376.078125
1.664933,	1305.084717
1.665045,	1496.135864
1.665157,	1357.032593
1.665269,	1403.94751
1.665382,	1416.801147
1.665494,	1447.979248
1.665606,	1466.056763
1.665718,	1382.045166
1.665831,	1400.127686
1.665943,	1300.456421
1.666055,	1331.627441
1.666168,	1394.17627
1.66628,	1289.326538
1.666392,	1208.046143
1.666505,	1375.158691
1.666617,	1280.821655
1.666729,	1230.946045
1.666842,	1285.608521
1.666955,	1329.80188
1.667067,	1201.579468
1.667179,	1243.160278
1.667292,	1182.888672
1.667405,	1302.781982
1.667517,	1307.779175
1.66763,	1289.285645
1.667742,	1346.472168
1.667855,	1385.376099
1.667968,	1385.138428
1.66808,	1300
1.668193,	1200
1.668306,	1460.034546
1.668418,	1420.682617
1.668531,	1412.619873
1.668644,	1383.713013
1.668757,	1305.31311
1.668869,	1370.213257
1.668982,	1351.74646
1.669095,	1335.890015
1.669208,	1431.994873
1.669321,	1332.828247
1.669434,	1329.996704
1.669547,	1407.837036
1.66966,	1334.743774
1.669773,	1438.570312
1.669886,	1438.323364
1.669999,	1513.490967
1.670112,	1588.632568
1.670225,	1601.357788
1.670338,	1437.335693
1.670451,	1364.324951
1.670564,	1330.31311
1.670677,	1254.747803
1.67079,	1262.324463
1.670903,	1217.959839
1.671016,	1209.961182
1.67113,	1155.236572
1.671243,	1230.310303
1.671356,	1294.977539
1.671469,	1162.425415
1.671582,	1224.487793
1.671696,	1159.432129
1.671809,	1192.946655
1.671922,	1184.962891
1.672036,	1228.831299
1.672149,	1270.092529
1.672263,	1218.042725
1.672376,	1394.030518
1.672489,	1259.075073
1.672603,	1308.073364
1.672716,	1279.360718
1.67283,	1198.87085
1.672943,	1289.276489
1.673057,	1208.8125
1.67317,	1304.36145
1.673284,	1311.899902
1.673397,	1487.599121
1.673511,	1531.316895
1.673625,	1463.811401
1.673738,	1473.902954
1.673852,	1512.429688
1.673966,	1581.962036
1.674079,	1530.000732
1.674193,	1640.850342
1.674307,	1671.570923
1.674421,	1715.196655
1.674534,	1627.090332
1.674648,	1637.139404
1.674762,	1538.749634
1.674876,	1603.018677
1.67499,	1463.373901
1.675103,	1506.98999
1.675217,	1468.030518
1.675331,	1421.345581
1.675445,	1335.989624
1.675559,	1570.420288
1.675673,	1304.590942
1.675787,	1324.988892
1.675901,	1371.153198
1.676015,	1324.532837
1.676129,	1000
1.676243,	1252.970703
1.676357,	1000
1.676472,	1143.36145
1.676586,	1277.048706
1.6767,	1258.809082
1.676814,	1250.870972
1.676928,	1253.229004
1.677042,	1170.679688
1.677157,	1167.90564
1.677271,	1203.713013
1.677385,	1036.352173
1.677499,	1157.017822
1.677614,	1110.545776
1.677728,	1215.735352
1.677842,	1230.944946
1.677957,	1238.44104
1.678071,	1166.297485
1.678186,	1243.151367
1.6783,	1312.274658
1.678414,	1227.317505
1.678529,	1242.509033
1.678643,	1303.896362
1.678758,	1354.997314
1.678872,	1357.329712
1.678987,	1295.526245
1.679101,	1282.478271
1.679216,	1236.095947
1.679331,	1271.780029
1.679445,	1245.924438
1.67956,	1212.388306
1.679675,	1230.11853
1.679789,	1224.78186
1.679904,	1257.875
1.680019,	1137.271362
1.680133,	1157.56311
1.680248,	1208.574341
1.680363,	1180.204834
1.680478,	1197.918945
1.680592,	1256.574341
1.680707,	1246.122559
1.680822,	1256.141113
1.680937,	1284.061279
1.681052,	1245.478027
1.681167,	1204.351074
1.681282,	1158.125122
1.681397,	1157.925415
1.681512,	1129.613159
1.681627,	1139.639282
1.681742,	1070.463013
1.681857,	1006.419189
1.681972,	1103.294678
1.682087,	1092.890381
1.682202,	1138.656616
1.682317,	1202.275146
1.682432,	1089.772583
1.682547,	1206.963745
1.682663,	1099.601685
1.682778,	1155.530396
1.682893,	1221.641357
1.683008,	1188.281006
1.683123,	1177.877808
1.683239,	1231.2052
1.683354,	1220.798096
1.683469,	1261.358521
1.683585,	1171.969238
1.6837,	1184.50354
1.683815,	1240.330322
1.683931,	1168.815918
1.684046,	1107.51001
1.684162,	1224.414551
1.684277,	1244.564087
1.684393,	1287.608765
1.684508,	1307.740356
1.684624,	1427.073242
1.684739,	1274.224976
1.684855,	1261.290283
1.68497,	1261.072388
1.685086,	1232.89209
1.685202,	1194.555054
1.685317,	1232.466187
1.685433,	1049.320801
1.685548,	1193.936035
1.685664,	1158.171875
1.68578,	1104.644043
1.685896,	1157.771606
1.686011,	1081.415527
1.686127,	1121.838135
1.686243,	1177.472778
1.686359,	1063.094482
1.686475,	1113.646362
1.68659,	1100.772095
1.686706,	1166.515381
1.686822,	1171.384644
1.686938,	1155.971924
1.687054,	1211.533081
1.68717,	1188.516235
1.687286,	1221.249023
1.687402,	1335.035156
1.687518,	1246.155151
1.687634,	1276.328369
1.68775,	1301.427368
1.687866,	1301.202271
1.687982,	1247.824463
1.688098,	1209.648926
1.688215,	1320.768921
1.688331,	1282.593872
1.688447,	1274.784058
1.688563,	1264.447998
1.688679,	1274.34314
1.688795,	1349.963257
1.688912,	1423.029663
1.689028,	1576.939453
1.689144,	1629.727417
1.689261,	1556.183594
1.689377,	1674.62854
1.689493,	1745.049927
1.68961,	1954.319702
1.689726,	1842.902344
1.689843,	2125.28125
1.689959,	2367.183838
1.690075,	2556.015137
1.690192,	2595.937012
1.690308,	2630.800537
1.690425,	2526.947021
1.690541,	2523.988037
1.690658,	2145.396729
1.690775,	2137.463379
1.690891,	2074.089355
1.691008,	1990.579468
1.691124,	1965.041992
1.691241,	1944.550903
1.691358,	1820.81189
1.691474,	1835.604492
1.691591,	1648.988647
1.691708,	1628.566162
1.691825,	1489.867432
1.691941,	1607.872192
1.692058,	1504.446045
1.692175,	1458.908936
1.692292,	1408.357788
1.692409,	1473.490479
1.692526,	1505.917847
1.692642,	1457.898193
1.69276,	1460.158813
1.692876,	1407.138062
1.692993,	1452.115845
1.69311,	1547.31543
1.693227,	1702.756592
1.693344,	1622.109375
1.693461,	1702.166504
1.693578,	1817.337646
1.693696,	1744.241333
1.693813,	1871.911499
1.69393,	1879.113403
1.694047,	1853.703735
1.694164,	1865.922119
1.694281,	1885.658813
1.694399,	2043.278564
1.694516,	2135.670654
1.694633,	2050.088623
1.69475,	1987.088501
1.694868,	1891.540649
1.694985,	1763.461792
1.695102,	1808.236572
1.69522,	1960.669922
1.695337,	1782.573242
1.695454,	1872.37854
1.695572,	2019.715698
1.695689,	2079.420898
1.695807,	2146.61084
1.695924,	2111.218018
1.696042,	2163.373047
1.696159,	2122.988525
1.696277,	2045.115723
1.696394,	2029.762573
1.696512,	2001.918335
1.696629,	1906.61499
1.696747,	1973.741089
1.696864,	1978.394409
1.696982,	1978.051025
1.6971,	1950.239624
1.697218,	1855.027466
1.697335,	1892.149048
1.697453,	1891.820557
1.697571,	1966.353271
1.697688,	2015.910645
1.697806,	1878.362915
1.697924,	2067.586182
1.698042,	2059.746338
1.69816,	1919.769043
1.698278,	1822.217529
1.698396,	1811.931641
1.698514,	1759.286987
1.698631,	1716.626343
1.698749,	1711.346069
1.698867,	1810.673218
1.698985,	1675.889038
1.699103,	1698.005615
1.699221,	1730.071777
1.69934,	1635.193726
1.699458,	1679.70166
1.699576,	1724.194092
1.699694,	1674.142822
1.699812,	1840.490967
1.69993,	1962.020386
1.700048,	1862.227905
1.700167,	1966.310181
1.700285,	1916.26001
1.700403,	1816.527344
1.700521,	1711.860229
1.700639,	1766.213379
1.700758,	1669.042236
1.700876,	1696.067993
1.700994,	1539.354858
1.701113,	1692.995972
1.701231,	1566.121216
1.70135,	1707.296509
1.701468,	1590.387695
1.701587,	1701.741455
1.701705,	1659.281372
1.701824,	1616.83606
1.701942,	1802.508301
1.702061,	1717.910522
1.702179,	1789.48877
1.702298,	1722.269165
1.702416,	1838.419312
1.702535,	1937.188354
1.702654,	1813.011841
1.702772,	1782.980103
1.702891,	1770.290161
1.70301,	1732.849731
1.703128,	1846.401367
1.703247,	1858.453247
1.703366,	1892.768677
1.703485,	1976.547729
1.703604,	1968.783691
1.703722,	1953.603516
1.703841,	2037.328003
1.70396,	1980.116211
1.704079,	2061.335205
1.704198,	2266.085449
1.704317,	2292.869385
1.704436,	2280.118408
1.704555,	2467.434326
1.704674,	2341.061523
1.704793,	2288.803955
1.704912,	2132.882568
1.705031,	1999.229248
1.70515,	2060.574951
1.705269,	1934.382568
1.705388,	1867.439575
1.705507,	1654.998291
1.705626,	1649.777954
1.705746,	1467.035645
1.705865,	1454.454224
1.705984,	1343.287231
1.706103,	1397.268188
1.706223,	1288.613647
1.706342,	1214.485352
1.706461,	1206.884644
1.70658,	1184.510986
1.7067,	1171.993774
1.706819,	1127.478149
1.706938,	1063.287476
1.707058,	920.37085
1.707177,	994.024109
1.707297,	865.929504
1.707416,	917.430115
1.707536,	836.117615
1.707655,	897.440369
1.707775,	899.742188
1.707894,	820.933105
1.708014,	882.226318
1.708133,	788.705505
1.708253,	818.04718
1.708373,	808.079834
1.708492,	790.748718
1.708612,	842.172424
1.708732,	851.845093
1.708851,	802.607361
1.708971,	807.375427
1.709091,	905.378601
1.709211,	819.35968
1.70933,	799.594788
1.70945,	821.526123
1.70957,	804.219604
1.70969,	737.889832
1.70981,	776.9776
1.70993,	767.039612
1.71005,	818.359497
1.71017,	872.111206
1.71029,	827.871216
1.71041,	844.869019
1.71053,	930.417969
1.71065,	817.645691
1.71077,	871.350464
1.71089,	898.117432
1.71101,	851.472229
1.71113,	897.803894
1.71125,	968.578369
1.71137,	838.79895
1.711491,	853.322815
1.711611,	875.175415
1.711731,	919.018127
1.711851,	816.219299
1.711971,	813.633423
1.712092,	813.491333
1.712212,	842.659119
1.712332,	827.859558
1.712453,	832.598267
1.712573,	776.304993
1.712693,	744.439209
1.712814,	839.483093
1.712934,	780.778076
1.713055,	819.673767
1.713175,	768.309875
1.713296,	731.595825
1.713416,	682.703491
1.713537,	799.598633
1.713657,	728.775024
1.713778,	696.967346
1.713899,	774.81427
1.714019,	777.114929
1.71414,	684.423584
1.71426,	645.340027
1.714381,	650.096863
1.714502,	698.671082
1.714623,	727.756592
1.714743,	708.161011
1.714864,	705.604065
1.714985,	746.836487
1.715106,	685.899231
1.715227,	712.529541
1.715347,	668.639404
1.715468,	697.694397
1.715589,	719.447449
1.71571,	714.461365
1.715831,	690.039246
1.715952,	675.342773
1.716073,	716.515381
1.716194,	677.534973
1.716315,	648.280273
1.716436,	606.897766
1.716557,	660.18927
1.716678,	655.220276
1.716799,	674.516174
1.71692,	669.546326
1.717041,	662.152771
1.717163,	628.086304
1.717284,	654.647156
1.717405,	647.26001
1.717526,	630.180298
1.717648,	710.040466
1.717769,	668.726501
1.71789,	707.369385
1.718011,	624.89502
1.718133,	649.002136
1.718254,	627.097473
1.718376,	607.621277
1.718497,	580.890686
1.718618,	641.287842
1.71874,	633.916931
1.718861,	641.063232
1.718983,	686.905945
1.719104,	597.310059
1.719226,	614.13031
1.719347,	628.527161
1.719469,	587.328308
1.719591,	606.557922
1.719712,	674.103638
1.719834,	659.491211
1.719956,	683.528625
1.720077,	536.101624
1.720199,	596.368958
1.720321,	620.404724
1.720442,	651.672852
1.720564,	559.857788
1.720686,	629.729614
1.720808,	588.609558
1.72093,	590.918335
1.721051,	605.28363
1.721173,	597.944336
1.721295,	708.729126
1.721417,	643.528931
1.721539,	638.596497
1.721661,	643.303284
1.721783,	684.1427
1.721905,	667.163025
1.722027,	662.229797
1.722149,	712.67511
1.722271,	758.288147
1.722393,	678.72937
1.722515,	748.396484
1.722637,	721.799255
1.72276,	726.483765
1.722882,	731.166687
1.723004,	781.537781
1.723126,	764.570496
1.723248,	812.514099
1.723371,	776.31958
1.723493,	836.25946
1.723615,	824.099609
1.723738,	898.423218
1.72386,	977.524292
1.723982,	869.291626
1.724105,	945.969055
1.724227,	953.004578
1.724349,	1010.439514
1.724472,	1034.258911
1.724594,	995.689331
1.724717,	1002.710999
1.724839,	978.550903
1.724962,	947.205261
1.725085,	1021.363525
1.725207,	1040.361328
1.72533,	1174.395264
1.725452,	1205.341064
1.725575,	1394.404175
1.725698,	1300.736206
1.72582,	1283.742432
1.725943,	1398.458862
1.726066,	1395.81897
1.726189,	1532.019287
1.726311,	1586.797363
1.726434,	1593.69751
1.726557,	1710.650879
1.72668,	1684.037231
1.726803,	1695.699829
1.726926,	1779.095825
1.727048,	1860.071655
1.727171,	1912.333984
1.727294,	1933.507935
1.727417,	2100.438477
1.72754,	2135.906738
1.727663,	2321.852783
1.727786,	2545.946533
1.727909,	2538.335449
1.728032,	2683.525391
1.728155,	2611.441895
1.728279,	2615.756104
1.728402,	2744.151855
1.728525,	2719.811523
1.728648,	2812.363037
1.728771,	3007.435303
1.728895,	3028.367188
1.729018,	2913.396973
1.729141,	3189.394043
1.729264,	3033.919678
1.729388,	3128.700684
1.729511,	3228.212891
1.729634,	10588.105469
1.729758,	12905.927734
1.729881,	7017.36084
1.730005,	3821.134033
1.730128,	3949.000732
1.730251,	3793.610352
1.730375,	3914.298096
1.730498,	3880.302002
1.730622,	3729.762451
1.730746,	3867.044922
1.730869,	3780.762207
1.730993,	3839.532227
1.731116,	3886.396484
1.73124,	3992.658691
1.731364,	3980.074951
1.731488,	4072.02832
1.731611,	4154.448242
1.731735,	4103.843262
1.731859,	4290.705566
1.731982,	4285.202148
1.732106,	4659.484863
1.73223,	4791.565918
1.732354,	4759.875488
1.732478,	4849.188477
1.732602,	4940.841797
1.732726,	4669.612793
1.732849,	4512.294434
1.732973,	4416.67041
1.733097,	4425.374023
1.733221,	4334.538086
1.733345,	4198.714355
1.733469,	4226.40332
1.733593,	3955.633301
1.733717,	3914.676514
1.733842,	3868.998291
1.733966,	3766.518799
1.73409,	3730.350342
1.734214,	3677.628662
1.734338,	3643.854492
1.734462,	3461.051758
1.734587,	3384.751953
1.734711,	3246.991699
1.734835,	3135.289062
1.734959,	2952.704102
1.735084,	2626.001709
1.735208,	2526.283447
1.735332,	2336.813477
1.735457,	2383.64917
1.735581,	2239.148682
1.735706,	2035.660156
1.73583,	1931.411011
1.735955,	1952.316895
1.736079,	1803.273315
1.736204,	1786.436035
1.736328,	1755.447754
1.736453,	1771.651489
1.736577,	1719.448853
1.736702,	1601.234253
1.736827,	1643.392334
1.736951,	1553.521484
1.737076,	1572.103149
1.737201,	1430.432129
1.737325,	1373.632202
1.73745,	1415.792969
1.737575,	1297.777466
1.7377,	1382.324707
1.737824,	1290.255859
1.737949,	1275.903809
1.738074,	1268.617554
1.738199,	1294.279175
1.738324,	1369.340942
1.738449,	1275.003052
1.738574,	1399.43335
1.738699,	1342.748413
1.738824,	1335.457886
1.738949,	1462.162231
1.739074,	1377.292236
1.739199,	1339.450317
1.739324,	1374.456299
1.739449,	1277.901123
1.739574,	1275.32666
1.739699,	1244.574097
1.739824,	1279.571899
1.739949,	1190.143677
1.740075,	1180.54541
1.7402,	1182.683472
1.740325,	1227.05188
1.74045,	1144.733276
1.740576,	1170.329834
1.740701,	1141.983765
1.740826,	1115.99231
1.740952,	1043.127686
1.741077,	1040.599609
1.741202,	1171.639282
1.741328,	1058.974731
1.741453,	1021.30835
1.741579,	1053.91626
1.741704,	983.481323
1.74183,	971.601379
1.741955,	898.86499
1.742081,	912.748352
1.742206,	809.628418
1.742332,	832.880737
1.742458,	879.516235
1.742583,	886.376892
1.742709,	860.498657
1.742834,	827.615906
1.74296,	841.494446
1.743086,	836.671448
1.743212,	822.503479
1.743338,	766.288086
1.743463,	798.854187
1.743589,	831.408691
1.743715,	784.561462
1.743841,	742.400024
1.743967,	672.243286
1.744093,	686.126953
1.744219,	721.005798
1.744344,	683.551147
1.74447,	653.107361
1.744596,	643.663269
1.744722,	711.16864
1.744848,	601.472229
1.744975,	615.351013
1.745101,	643.207642
1.745227,	710.665161
1.745353,	666.276245
1.745479,	673.145935
1.745605,	666.040344
1.745731,	626.3396
1.745858,	602.948792
1.745984,	609.824707
1.74611,	537.574646
1.746236,	625.895996
1.746363,	560.647644
1.746489,	558.222351
1.746616,	523.240784
1.746742,	562.674805
1.746868,	581.172668
1.746995,	527.611267
1.747121,	518.22229
1.747248,	604.098328
1.747374,	548.23822
1.747501,	534.205322
1.747627,	589.843872
1.747754,	568.843079
1.74788,	506.064545
1.748007,	545.43158
1.748134,	505.885162
1.74826,	538.277771
1.748387,	491.787292
1.748514,	556.641602
1.74864,	484.656128
1.748767,	475.296143
1.748894,	500.711029
1.749021,	491.35144
1.749147,	461.139618
1.749274,	505.07843
1.749401,	544.368713
1.749528,	495.635071
1.749655,	486.284607
1.749782,	555.655273
1.749909,	488.42691
1.750036,	506.85553
1.750163,	421.147675
1.75029,	483.539825
1.750417,	490.393555
1.750544,	446.363983
1.750671,	499.468964
1.750798,	508.628113
1.750925,	453.061005
1.751052,	425.24707
1.751179,	496.803772
1.751307,	448.199188
1.751434,	482.768066
1.751561,	459.587494
1.751688,	480.287598
1.751816,	436.337677
1.751943,	489.350098
1.75207,	498.494568
1.752197,	473.024261
1.752325,	466.019196
1.752452,	509.762146
1.75258,	463.547485
1.752707,	488.828918
1.752835,	497.963654
1.752962,	414.895996
1.75309,	435.563416
1.753217,	435.486053
1.753345,	497.609924
1.753472,	451.454712
1.7536,	502.039001
1.753727,	430.571625
1.753855,	524.881714
1.753983,	458.039062
1.75411,	506.284851
1.754238,	490.088684
1.754366,	471.597748
1.754494,	501.414825
1.754621,	496.726379
1.754749,	425.361328
1.754877,	420.688019
1.755005,	473.477203
1.755133,	443.518707
1.755261,	487.094543
1.755388,	408.902893
1.755516,	480.030945
1.755644,	456.981689
1.755772,	482.156219
1.7559,	495.843933
1.756028,	509.526733
1.756156,	2074.460449
1.756285,	454.281128
1.756413,	520.724609
1.756541,	504.57724
1.756669,	509.07373
1.756797,	431.030792
1.756925,	451.584869
1.757053,	410.250305
1.757182,	449.13269
1.75731,	490.292328
1.757438,	442.10083
1.757567,	464.924866
1.757695,	446.523224
1.757823,	444.154297
1.757952,	492.145233
1.75808,	432.552979
1.758208,	432.475983
1.758337,	473.579865
1.758465,	500.94455
1.758594,	489.420319
1.758722,	466.467133
1.758851,	450.380707
1.758979,	448.014709
1.759108,	461.647247
1.759236,	431.860352
1.759365,	431.783417
1.759494,	440.84317
1.759622,	475.020966
1.759751,	449.819519
1.75988,	442.890564
1.760009,	504.440094
1.760137,	442.732788
1.760266,	472.316284
1.760395,	472.232117
1.760524,	510.923431
1.760653,	503.990875
1.760781,	517.581665
1.76091,	453.658112
1.761039,	480.92865
1.761168,	494.516174
1.761297,	439.744751
1.761426,	432.832184
1.761555,	414.533752
1.761684,	491.886444
1.761813,	421.216522
1.761942,	482.605286
1.762071,	525.763916
1.762201,	498.36261
1.76233,	459.59494
1.762459,	505.009338
1.762588,	500.370453
1.762717,	443.431061
1.762847,	488.823975
1.762976,	500.102753
1.763105,	479.558441
1.763234,	465.838623
1.763364,	411.228027
1.763493,	461.129272
1.763623,	488.300995
1.763752,	1730.320801
1.763881,	3805.118408
1.764011,	1852.280762
1.76414,	583.27356
1.76427,	458.366638
1.764399,	480.972198
1.764529,	455.934723
1.764658,	505.747711
1.764788,	421.759125
1.764918,	487.430237
1.765047,	532.67749
1.765177,	448.728973
1.765307,	457.712463
1.765436,	509.737213
1.765566,	491.525452
1.765696,	457.467346
1.765826,	452.857056
1.765955,	470.887238
1.766085,	468.539673
1.766215,	452.614471
1.766345,	472.897644
1.766475,	470.550903
1.766605,	472.728699
1.766735,	540.487915
1.766865,	492.909271
1.766994,	476.996674
1.767125,	454.309021
1.767255,	494.904938
1.767385,	499.335388
1.767515,	447.288391
1.767645,	449.467102
1.767775,	435.837402
1.767905,	449.306427
1.768035,	478.572571
1.768165,	501.057159
1.768296,	444.552307
1.768426,	471.547333
1.768556,	516.579102
1.768686,	478.144928
1.768817,	473.549438
1.768947,	489.246918
1.769077,	500.430389
1.769208,	464.280273
1.769338,	450.676941
1.769469,	522.691772
1.769599,	464.031219
1.76973,	454.939514
1.76986,	472.872314
1.76999,	515.563782
1.770121,	472.703125
1.770252,	468.117432
1.770382,	474.784149
1.770513,	533.192932
1.770643,	463.367493
1.770774,	481.276184
1.770905,	494.681366
1.771036,	427.148376
1.771166,	472.026855
1.771297,	460.705627
1.771428,	494.327301
1.771559,	474.019958
1.771689,	530.088562
1.77182,	545.713806
1.771951,	554.597412
1.772082,	410.82251
1.772213,	534.198059
1.772344,	442.09317
1.772475,	495.863434
1.772606,	498.017944
1.772737,	486.714142
1.772868,	486.626953
1.772999,	506.718872
1.77313,	520.07843
1.773261,	484.124176
1.773392,	454.905579
1.773523,	416.735352
1.773655,	526.426147
1.773786,	474.818481
1.773917,	488.16925
1.774048,	517.187561
1.774179,	447.701202
1.774311,	476.716339
1.774442,	523.622681
1.774573,	492.206573
1.774705,	476.460022
1.774836,	454.009613
1.774968,	462.87262
1.775099,	427.018463
1.77523,	516.353821
1.775362,	536.375305
1.775493,	504.996185
1.775625,	542.885254
1.775756,	565.124878
1.775888,	477.925018
1.77602,	511.332733
1.776151,	493.381073
1.776283,	562.487427
1.776415,	515.520996
1.776546,	479.727844
1.776678,	486.334473
1.77681,	470.633789
1.776942,	463.85907
1.777073,	506.139984
1.777205,	501.590576
1.777337,	492.584991
1.777469,	517.01001
1.777601,	528.057678
1.777733,	523.507507
1.777865,	523.413574
1.777996,	527.773376
1.778129,	463.110382
1.778261,	563.201416
1.778393,	474.072571
1.778525,	525.169189
1.778657,	511.725555
1.778789,	493.837708
1.778921,	500.421326
1.779053,	500.331451
1.779185,	493.571716
1.779317,	557.947083
1.77945,	473.391968
1.779582,	519.971008
1.779714,	517.655884
1.779846,	517.562927
1.779979,	528.574463
1.780111,	524.038452
1.780243,	497.30307
1.780376,	506.09256
1.780508,	503.782318
1.780641,	492.597229
1.780773,	541.315918
1.780905,	479.111542
1.781038,	483.460876
1.78117,	487.808594
1.781303,	534.276062
1.781436,	478.767181
1.781568,	474.248871
1.781701,	540.635132
1.781834,	480.724335
1.781966,	496.142334
1.782099,	515.983826
1.782232,	513.676941
1.782364,	531.294373
1.782497,	491.358917
1.78263,	484.631744
1.782763,	539.85791
1.782895,	530.912231
1.783028,	504.275909
1.783161,	517.453247
1.783294,	490.828857
1.783427,	464.21405
1.78356,	550.326172
1.783693,	521.500427
1.783826,	523.615967
1.783959,	578.745544
1.784092,	567.598633
1.784225,	567.49646
1.784358,	529.862427
1.784491,	538.596497
1.784624,	571.604065
1.784758,	575.914307
1.784891,	591.253784
1.785024,	582.32428
1.785157,	505.03125
1.78529,	546.8349
1.785424,	496.031067
1.785557,	542.229614
1.78569,	511.278961
1.785824,	575.085205
1.785957,	603.620605
1.786091,	528.623535
1.786224,	493.293091
1.786358,	557.05658
1.786491,	585.574524
1.786625,	548.05188
1.786758,	517.144531
1.786892,	534.653076
1.787025,	497.15976
1.787159,	494.870758
1.787292,	523.368958
1.787426,	483.699249
1.78756,	518.783875
1.787694,	529.679565
1.787827,	492.227539
1.787961,	525.094543
1.788095,	544.769775
1.788228,	518.316467
1.788362,	513.831299
1.788496,	526.911438
1.78863,	542.181946
1.788764,	564.030884
1.788898,	462.992462
1.789032,	515.562134
1.789166,	504.501709
1.7893,	486.865997
1.789434,	436.346191
1.789568,	506.421051
1.789702,	499.753998
1.789836,	541.30249
1.78997,	521.484863
1.790104,	503.865021
1.790238,	505.964417
1.790372,	453.31488
1.790507,	475.128387
1.790641,	512.257996
1.790775,	496.84436
1.790909,	514.261475
1.791044,	459.469849
1.791178,	465.949585
1.791312,	474.614105
1.791447,	507.329956
1.791581,	467.883667
1.791716,	467.799194
1.79185,	467.714722
1.791985,	511.334045
1.792119,	458.806671
1.792253,	530.80896
1.792388,	484.84903
1.792523,	502.230347
1.792657,	521.788574
1.792792,	491.134827
1.792927,	501.958252
1.793061,	506.231659
1.793196,	510.503479
1.793331,	495.142517
1.793465,	451.436066
1.7936,	529.850952
1.793735,	481.793823
1.79387,	468.628754
1.794004,	472.902588
1.794139,	468.459381
1.794274,	514.122925
1.794409,	570.660461
1.794544,	509.581696
1.794679,	513.844177
1.794814,	546.404968
1.794949,	465.775024
1.795084,	452.634064
1.795219,	528.70282
1.795354,	567.763306
1.795489,	491.537567
1.795624,	545.8125
1.79576,	515.275574
1.795895,	506.487305
1.79603,	447.714661
1.796165,	469.363464
1.7963,	525.765808
1.796436,	521.326294
1.796571,	534.262756
1.796706,	482.052338
1.796842,	518.872375
1.796977,	490.560394
1.797112,	531.705994
1.797248,	496.892395
1.797383,	498.971924
1.797519,	479.360138
1.797654,	516.140564
1.79779,	474.850098
1.797925,	448.749695
1.798061,	511.525391
1.798196,	520.101135
1.798332,	509.173492
1.798468,	489.584564
1.798603,	467.836823
1.798739,	517.559021
1.798875,	467.667389
1.799011,	500.053711
1.799146,	554.071716
1.799282,	582.102722
1.799418,	536.562561
1.799554,	555.933899
1.79969,	521.22876
1.799826,	518.971985
1.799961,	529.687866
1.800097,	473.39032
1.800233,	546.785645
1.800369,	466.736359
1.800505,	548.747925
1.800641,	570.248779
1.800777,	464.322998
1.800913,	524.697876
1.80105,	479.266724
1.801186,	548.250793
1.801322,	528.72876
1.801458,	509.213715
1.801594,	539.323547
1.801731,	534.911926
1.801867,	519.71936
1.802003,	539.030212
1.802139,	497.973602
1.802276,	534.524048
1.802412,	489.173187
1.802549,	504.166382
1.802685,	512.691589
1.802821,	501.829712
1.802958,	503.89209
1.803094,	499.49469
1.803231,	516.624878
1.803367,	514.378967
1.803504,	477.70462
1.80364,	533.555176
1.803777,	539.911499
1.803914,	503.252441
1.80405,	477.357971
1.804187,	515.968994
1.804324,	481.483673
1.804461,	526.527161
1.804597,	522.134216
1.804734,	554.264038
1.804871,	500.465424
1.805008,	521.849854
1.805144,	560.403625
1.805281,	530.247375
1.805418,	510.833862
1.805555,	500.01123
1.805692,	570.724609
1.805829,	534.15271
1.805966,	463.277222
1.806103,	529.669861
1.80624,	480.261108
1.806377,	516.615601
1.806514,	484.373108
1.806652,	434.999451
1.806789,	488.482056
1.806926,	503.387817
1.807063,	499.01297
1.8072,	552.454712
1.807338,	507.395233
1.807475,	595.064331
1.807612,	479.38913
1.80775,	517.817322
1.807887,	485.632935
1.808024,	547.574585
1.808161,	504.703522
1.808299,	504.611786
1.808437,	487.417664
1.808574,	461.680115
1.808711,	489.377411
1.808849,	527.747803
1.808987,	463.564545
1.809124,	510.469025
1.809262,	533.866272
1.809399,	463.311646
1.809537,	508.055817
1.809675,	505.829102
1.809812,	501.469238
1.80995,	522.713257
1.810088,	503.419922
1.810226,	535.319519
1.810363,	528.825012
1.810501,	492.485291
1.810639,	517.97467
1.810777,	488.043671
1.810915,	517.786133
1.811053,	515.561462
1.811191,	541.028015
1.811329,	472.780884
1.811467,	523.796997
1.811605,	502.412933
1.811743,	493.807526
1.811881,	508.614258
1.812019,	557.458862
1.812157,	550.975403
1.812295,	533.859619
1.812433,	538.015442
1.812572,	514.529724
1.81271,	535.693726
1.812848,	501.590027
1.812986,	456.873779
1.813125,	535.401001
1.813263,	511.937042
1.813401,	518.215271
1.81354,	535.108398
1.813678,	498.918884
1.813817,	503.073303
1.813955,	486.003326
1.814094,	538.962219
1.814232,	504.9198
1.814371,	496.343262
1.814509,	477.166138
1.814648,	506.764069
1.814786,	466.392334
1.814925,	479.02478
1.815064,	502.248566
1.815202,	457.662048
1.815341,	476.644379
1.81548,	497.737793
1.815619,	508.235229
1.815757,	506.025269
1.815896,	453.011108
1.816035,	518.539612
1.816174,	526.909424
1.816313,	512.003296
1.816452,	482.295288
1.816591,	524.506165
1.81673,	551.899719
1.816869,	488.37384
1.817008,	481.943359
1.817147,	479.742004
1.817286,	502.897614
1.817425,	481.679535
1.817564,	473.142639
1.817703,	515.293457
1.817842,	513.087891
1.817981,	470.772491
1.81812,	574.110901
1.81826,	468.490295
1.818399,	493.723907
1.818538,	483.086029
1.818678,	535.726807
1.818817,	506.10614
1.818956,	493.363373
1.819096,	516.461304
1.819235,	482.64505
1.819375,	522.59436
1.819514,	429.797485
1.819654,	528.722839
1.819793,	486.504608
1.819933,	522.212585
1.820072,	524.222473
1.820212,	494.657684
1.820351,	528.23999
1.820491,	498.685211
1.820631,	500.697845
1.820771,	504.81311
1.82091,	532.059875
1.82105,	529.859985
1.82119,	439.367065
1.82133,	508.647797
1.821469,	525.366516
1.821609,	497.95639
1.821749,	537.778625
1.821889,	474.670868
1.822029,	527.082275
1.822169,	468.198639
1.822309,	499.600403
1.822449,	516.299255
1.822589,	543.483948
1.822729,	539.188477
1.822869,	513.918335
1.823009,	511.727081
1.823149,	559.861206
1.82329,	490.575104
1.82343,	526.118896
1.82357,	578.415283
1.82371,	484.019867
1.82385,	486.026215
1.823991,	529.922974
1.824131,	456.529877
1.824271,	475.290436
1.824412,	554.752869
1.824552,	464.651306
1.824692,	531.530762
1.824833,	539.802429
1.824973,	520.87677
1.825114,	516.598389
1.825254,	526.959351
1.825395,	524.772095
1.825536,	495.411194
1.825676,	449.341339
1.825817,	457.61734
1.825957,	509.763367
1.826098,	538.91333
1.826239,	511.665039
1.82638,	484.426697
1.82652,	528.178894
1.826661,	507.20929
1.826802,	515.463928
1.826943,	513.282959
1.827083,	488.155273
1.827224,	496.408813
1.827365,	525.513
1.827506,	508.736786
1.827647,	479.459045
1.827788,	521.055603
1.827929,	573.056091
1.82807,	479.195404
1.828211,	522.852173
1.828352,	510.260101
1.828493,	470.6026
1.828635,	514.236816
1.828776,	495.4086
1.828917,	478.668396
1.829058,	522.2771
1.8292,	513.85968
1.829341,	569.925964
1.829482,	553.184326
1.829623,	536.44873
1.829765,	523.877075
1.829906,	475.975555
1.830047,	440.560242
1.830189,	430.090729
1.83033,	479.868256
1.830472,	442.394714
1.830613,	490.075073
1.830755,	529.433044
1.830896,	583.307373
1.831038,	520.936951
1.83118,	535.36676
1.831321,	541.492493
1.831463,	512.352844
1.831605,	506.036987
1.831746,	559.85614
1.831888,	478.900085
1.83203,	491.24881
1.832172,	491.158569
1.832313,	493.140381
1.832455,	493.049805
1.832597,	503.315521
1.832739,	517.719177
1.832881,	540.399536
1.833023,	521.669189
1.833165,	556.75885
1.833307,	502.853302
1.833449,	515.174744
1.833591,	548.177612
1.833733,	525.326477
1.833875,	519.026428
1.834017,	539.605591
1.834159,	549.841736
1.834301,	475.339691
1.834444,	433.926025
1.834586,	471.033051
1.834728,	549.4375
1.834871,	518.358887
1.835013,	507.939575
1.835155,	503.717346
1.835298,	518.072937
1.83544,	495.277466
1.835582,	501.37619
1.835725,	486.843689
1.835867,	530.067017
1.83601,	515.534546
1.836152,	577.292419
1.836295,	519.46759
1.836437,	537.921021
1.83658,	502.791473
1.836723,	508.879669
1.836865,	508.786041
1.837008,	558.119995
1.837151,	529.189819
1.837293,	605.265259
1.837436,	574.278625
1.837579,	539.187439
1.837722,	578.182373
1.837865,	557.503845
1.838008,	503.923584
1.83815,	501.774353
1.838293,	472.896912
1.838436,	524.202209
1.838579,	503.552521
1.838722,	501.404816
1.838865,	505.4216
1.839008,	517.653564
1.839151,	505.235413
1.839294,	525.676575
1.839438,	515.314514
1.839581,	502.903564
1.839724,	535.647522
1.839867,	512.977783
1.84001,	514.934814
1.840154,	523.044495
1.840297,	598.826843
1.84044,	487.994965
1.840583,	483.804962
1.840727,	516.510071
1.84087,	495.922211
1.841014,	499.928558
1.841157,	497.787872
1.841301,	546.851257
1.841444,	485.31781
1.841588,	522.081116
1.841731,	519.937805
1.841875,	528.028381
1.842018,	558.624695
1.842162,	474.641113
1.842306,	497.053955
1.842449,	468.330688
1.842593,	531.631042
1.842737,	482.468384
1.84288,	521.215027
1.843024,	521.118835
1.843168,	482.201385
1.843312,	492.32663
1.843456,	522.872864
1.8436,	541.155212
1.843744,	479.803802
1.843888,	549.12085
1.844032,	538.814636
1.844176,	512.187561
1.84432,	497.811523
1.844464,	552.795105
1.844608,	530.259033
1.844752,	552.591003
1.844896,	511.714874
1.84504,	521.812012
1.845184,	529.867432
1.845329,	489.018066
1.845473,	495.039368
1.845617,	554.015747
1.845761,	480.601349
1.845906,	494.765076
1.84605,	551.673096
1.846194,	559.712402
1.846339,	561.643921
1.846483,	539.159912
1.846628,	547.197083
1.846772,	551.163574
1.846917,	528.693909
1.847061,	508.265533
1.847206,	554.923401
1.84735,	530.433044
1.847495,	540.49469
1.847639,	534.30011
1.847784,	526.076538
1.847929,	511.763641
1.848074,	483.24295
1.848218,	552.175537
1.848363,	560.192139
1.848508,	562.117859
1.848653,	553.898132
1.848798,	543.652893
1.848943,	527.326904
1.849087,	513.034729
1.849232,	531.186707
1.849377,	577.710693
1.849522,	543.150208
1.849667,	480.234283
1.849812,	599.675293
1.849957,	534.746521
1.850102,	544.773499
1.850248,	556.821472
1.850393,	542.547424
1.850538,	528.278564
1.850683,	552.464966
1.850828,	584.735596
1.850974,	546.19165
1.851119,	566.31604
1.851264,	533.856262
1.85141,	507.473907
1.851555,	541.744324
1.8517,	513.349182
1.851846,	592.060791
1.851991,	511.138702
1.852137,	492.864594
1.852282,	533.164551
1.852428,	555.276855
1.852573,	561.230408
1.852719,	555.071106
1.852864,	544.87793
1.85301,	579.077759
1.853156,	576.953125
1.853301,	603.066467
1.853447,	564.639832
1.853593,	572.599976
1.853739,	510.003326
1.853884,	522.001465
1.85403,	542.055481
1.854176,	521.807983
1.854322,	543.868835
1.854468,	535.712158
1.854614,	555.748657
1.85476,	533.500305
1.854906,	579.696594
1.855052,	539.339844
1.855198,	561.372803
1.855344,	557.245239
1.85549,	559.153198
1.855636,	563.071411
1.855782,	550.903381
1.855928,	560.852295
1.856075,	524.570923
1.856221,	560.644165
1.856367,	550.494629
1.856513,	540.348816
1.85666,	546.27356
1.856806,	570.268005
1.856952,	578.192627
1.857099,	598.157715
1.857245,	640.190918
1.857392,	579.877197
1.857538,	511.56134
1.857685,	541.552612
1.857831,	533.430542
1.857978,	535.336487
1.858124,	557.288086
1.858271,	581.235718
1.858418,	547.061646
1.858564,	589.033875
1.858711,	592.930725
1.858858,	562.779053
1.859004,	620.74408
1.859151,	572.580078
1.859298,	624.516785
1.859445,	584.375
1.859592,	548.25
1.859739,	552.149231
1.859885,	530.044739
1.860032,	505.948669
1.860179,	595.828796
1.860326,	617.707642
1.860473,	571.623108
1.86062,	577.51178
1.860767,	593.387939
1.860915,	611.255676
1.861062,	591.170105
1.861209,	623.009338
1.861356,	634.872192
1.861503,	612.797241
1.86165,	630.644653
1.861798,	604.587952
1.861945,	592.505676
1.862092,	566.465698
1.86224,	570.348755
1.862387,	570.242676
1.862535,	596.05188
1.862682,	623.844543
1.862829,	615.757507
1.862977,	631.581909
1.863124,	677.280396
1.863272,	635.330078
1.86342,	692.958374
1.863567,	613.193848
1.863715,	668.814209
1.863862,	642.817749
1.86401,	612.85144
1.864158,	628.652588
1.864305,	654.393005
1.864453,	658.248474
1.864601,	602.453613
1.864749,	640.112061
1.864897,	691.66925
1.865044,	596.155518
1.865192,	675.51709
1.86534,	685.323486
1.865488,	663.348999
1.865636,	669.182556
1.865784,	696.852539
1.865932,	674.888123
1.86608,	631.101257
1.866228,	658.762817
1.866377,	714.187988
1.866525,	666.451233
1.866673,	648.478943
1.866821,	654.306335
1.866969,	614.536804
1.867118,	624.332336
1.867266,	689.609985
1.867414,	590.417969
1.867563,	643.792175
1.867711,	615.944702
1.867859,	675.23468
1.868008,	665.209778
1.868156,	671.023987
1.868305,	645.171143
1.868453,	643.072144
1.868602,	567.776245
1.86875,	591.40564
1.868899,	603.160767
1.869048,	561.526855
1.869196,	640.495667
1.869345,	577.129089
1.869493,	652.11322
1.869642,	650.015808
1.869791,	643.968445
1.86994,	655.698181
1.870089,	606.210144
1.870237,	612.019775
1.870386,	688.887207
1.870535,	623.632385
1.870684,	617.596497
1.870833,	601.698914
1.870982,	617.365906
1.871131,	633.026978
1.87128,	634.880432
1.871429,	648.561035
1.871578,	614.933899
1.871727,	604.966187
1.871876,	640.316895
1.872025,	657.925781
1.872175,	612.505066
1.872324,	624.205261
1.872473,	653.619629
1.872623,	614.130188
1.872772,	635.663391
1.872921,	690.638306
1.873071,	625.589539
1.87322,	590.068481
1.873369,	617.489563
1.873519,	642.934265
1.873668,	654.608826
1.873818,	607.316223
1.873967,	695.630249
1.874117,	685.676758
1.874267,	648.22644
1.874416,	669.708679
1.874566,	669.583496
1.874715,	724.428406
1.874865,	639.890198
1.875015,	631.920593
1.875165,	616.105408
1.875314,	631.684204
1.875464,	655.102661
1.875614,	656.941101
1.875764,	654.857544
1.875914,	629.251282
1.876064,	629.133545
1.876214,	605.501221
1.876364,	638.694031
1.876514,	632.697998
1.876664,	646.288757
1.876814,	650.083923
1.876964,	665.623962
1.877114,	577.418579
1.877264,	618.407166
1.877414,	659.38031
1.877565,	600.569336
1.877715,	680.648132
1.877865,	592.522339
1.878015,	641.290161
1.878166,	725.225891
1.878316,	664.502991
1.878466,	605.756897
1.878617,	627.133972
1.878767,	695.382812
1.878918,	609.322449
1.879068,	558.440918
1.879219,	634.473022
1.879369,	620.691101
1.87952,	681.071106
1.879671,	602.898376
1.879821,	655.455933
1.879972,	672.886597
1.880122,	661.060303
1.880273,	618.043762
1.880424,	612.079956
1.880575,	629.505615
1.880725,	623.54187
1.880876,	607.839355
1.881027,	673.951843
1.881178,	588.136658
1.881329,	644.492493
1.88148,	615.170471
1.881631,	589.752197
1.881782,	624.669739
1.881933,	622.606934
1.882084,	659.450439
1.882235,	604.86908
1.882386,	618.367432
1.882537,	631.860718
1.882689,	610.360107
1.88284,	658.83197
1.882991,	668.423767
1.883142,	666.355591
1.883293,	640.979797
1.883445,	646.685486
1.883596,	629.089355
1.883747,	566.850647
1.883899,	601.680481
1.88405,	566.637817
1.884202,	626.67688
1.884353,	647.897095
1.884505,	655.533203
1.884656,	573.968628
1.884808,	668.858032
1.884959,	587.321472
1.885111,	616.281006
1.885263,	639.416748
1.885414,	658.66925
1.885566,	621.744446
1.885718,	606.135315
1.88587,	629.255493
1.886021,	572.99884
1.886173,	615.470886
1.886325,	617.290283
1.886477,	644.260254
1.886629,	706.038452
1.886781,	634.348145
1.886933,	748.312744
1.887085,	670.841614
1.887237,	680.379944
1.887389,	595.22052
1.887541,	616.362488
1.887693,	618.178345
1.887845,	639.307983
1.887997,	619.876953
1.888149,	648.72113
1.888302,	584.8974
1.888454,	627.247192
1.888606,	644.495789
1.888759,	669.455017
1.888911,	655.826721
1.889063,	653.77478
1.889216,	686.430725
1.889368,	695.940613
1.889521,	612.92926
1.889673,	622.449341
1.889825,	614.625305
1.889978,	656.889587
1.890131,	554.687927
1.890283,	685.526794
1.890436,	669.995544
1.890589,	627.521362
1.890741,	679.366028
1.890894,	629.209229
1.891047,	629.090698
1.891199,	621.278381
1.891352,	663.469543
1.891505,	703.722107
1.891658,	701.667175
1.891811,	699.612976
1.891964,	697.559509
1.892117,	666.687439
1.89227,	603.171204
1.892423,	629.945435
1.892576,	652.869202
1.892729,	566.353271
1.892882,	671.817932
1.893035,	694.720703
1.893188,	732.964905
1.893341,	669.519714
1.893494,	696.245911
1.893648,	690.361633
1.893801,	690.231506
1.893954,	646.011536
1.894107,	684.221436
1.894261,	676.42749
1.894414,	599.665405
1.894568,	643.608826
1.894721,	618.590576
1.894874,	651.025146
1.895028,	662.388855
1.895182,	679.490417
1.895335,	688.930725
1.895489,	575.91394
1.895642,	675.279907
1.895796,	690.453369
1.89595,	661.639282
1.896103,	651.954956
1.896257,	640.362732
1.896411,	663.175903
1.896564,	584.707581
1.896718,	664.835999
1.896872,	637.969238
1.897026,	674.133606
1.89718,	643.456482
1.897334,	650.971008
1.897488,	681.386353
1.897642,	675.532837
1.897796,	677.313171
1.89795,	661.924744
1.898104,	556.903503
1.898258,	627.351501
1.898412,	621.51355
1.898566,	629.020569
1.898721,	607.938354
1.898875,	573.526245
1.899029,	621.043945
1.899183,	590.45166
1.899338,	634.139465
1.899492,	662.579041
1.899646,	633.89978
1.899801,	610.94104
1.899955,	593.699585
