1.50009,	457.838501
1.500174,	475.180878
1.500259,	471.635925
1.500344,	423.016602
1.500429,	405.614105
1.500513,	395.149658
1.500598,	464.398865
1.500683,	367.300751
1.500768,	422.673828
1.500853,	502.276825
1.500937,	481.414886
1.501022,	419.005463
1.501107,	425.862091
1.501192,	474.257324
1.501277,	384.189972
1.501362,	446.418671
1.501447,	404.825684
1.501532,	390.922089
1.501617,	453.119385
1.501702,	387.336975
1.501787,	432.225616
1.501872,	363.010651
1.501957,	407.888672
1.502042,	366.34906
1.502127,	435.400909
1.502212,	445.695282
1.502297,	393.806396
1.502382,	469.727905
1.502467,	524.904907
1.502552,	476.481079
1.502637,	497.117035
1.502722,	459.068329
1.502807,	389.972229
1.502893,	458.919434
1.502978,	493.344604
1.503063,	541.556213
1.503148,	472.491516
1.503233,	500.00116
1.503319,	475.78598
1.503404,	489.497437
1.503489,	506.651062
1.503574,	447.986084
1.50366,	430.685974
1.503745,	440.950897
1.50383,	427.101868
1.503916,	526.903076
1.504001,	509.601349
1.504086,	537.060242
1.504172,	502.551727
1.504257,	450.846527
1.504342,	481.742554
1.504428,	595.199524
1.504513,	591.663086
1.504599,	615.642456
1.504684,	539.889282
1.50477,	612.004456
1.504855,	594.716797
1.504941,	601.494507
1.505026,	549.848572
1.505112,	590.991333
1.505197,	570.282776
1.505283,	601.104126
1.505368,	631.915466
1.505454,	655.849304
1.505539,	614.544312
1.505625,	600.713989
1.505711,	555.999268
1.505796,	638.265869
1.505882,	634.731323
1.505968,	672.362915
1.506053,	627.665527
1.506139,	665.286072
1.506225,	596.602966
1.50631,	737.062195
1.506396,	658.106812
1.506482,	781.375
1.506567,	699.011475
1.506653,	835.936829
1.506739,	767.292786
1.506825,	739.769348
1.506911,	808.135315
1.506997,	691.59668
1.507082,	797.603333
1.507168,	783.783264
1.507254,	811.032593
1.50734,	845.11615
1.507426,	886.030518
1.507512,	844.841736
1.507598,	868.643494
1.507684,	882.179626
1.50777,	837.592712
1.507856,	806.692932
1.507941,	837.320679
1.508028,	837.184692
1.508114,	864.38092
1.5082,	867.656494
1.508286,	836.776794
1.508372,	857.130066
1.508458,	884.305298
1.508544,	972.919189
1.50863,	938.629211
1.508716,	883.874451
1.508802,	1013.390198
1.508888,	873.352722
1.508974,	910.731628
1.509061,	815.091736
1.509147,	947.944336
1.509233,	842.10144
1.509319,	889.687317
1.509405,	780.480103
1.509492,	773.537964
1.509578,	735.934143
1.509664,	718.78186
1.50975,	783.378967
1.509837,	670.87207
1.509923,	718.431519
1.510009,	640.015076
1.510095,	687.564026
1.510182,	721.484558
1.510268,	656.716492
1.510355,	697.435242
1.510441,	619.085754
1.510527,	649.594299
1.510614,	700.495728
1.5107,	645.983276
1.510787,	652.677002
1.510873,	649.172119
1.51096,	676.252686
1.511046,	696.528931
1.511133,	726.990112
1.511219,	682.716125
1.511306,	686.001221
1.511392,	706.262695
1.511479,	645.03894
1.511565,	648.32843
1.511652,	614.284668
1.511738,	614.184814
1.511825,	624.263184
1.511912,	573.278931
1.511998,	651.193237
1.512085,	596.830078
1.512172,	637.419434
1.512258,	616.975891
1.512345,	688.053528
1.512432,	694.719421
1.512518,	613.286682
1.512605,	708.044617
1.512692,	623.248901
1.512779,	762.001099
1.512865,	670.451904
1.512952,	653.415039
1.513039,	744.704285
1.513126,	802.119202
1.513213,	703.855103
1.5133,	710.507324
1.513386,	825.407593
1.513473,	764.392517
1.51356,	628.999512
1.513647,	716.807556
1.513734,	753.877747
1.513821,	679.393677
1.513908,	608.313232
1.513995,	628.488098
1.514082,	665.548462
1.514169,	665.440247
1.514256,	665.33197
1.514343,	621.325745
1.51443,	631.353333
1.514517,	590.742554
1.514604,	637.898132
1.514691,	610.797791
1.514778,	671.430847
1.514865,	651.08075
1.514953,	607.12677
1.51504,	593.538452
1.515127,	563.095398
1.515214,	627.058105
1.515301,	573.024414
1.515388,	505.527466
1.515475,	684.035828
1.515563,	613.173706
1.51565,	640.022217
1.515737,	602.870178
1.515824,	582.567444
1.515912,	572.371948
1.515999,	693.467224
1.516086,	646.233215
1.516174,	652.858521
1.516261,	595.552307
1.516348,	622.368591
1.516436,	548.267944
1.516523,	548.178711
1.51661,	531.276917
1.516698,	517.742554
1.516785,	638.669312
1.516873,	598.234924
1.51696,	678.785278
1.517048,	705.552979
1.517135,	601.302002
1.517223,	718.757996
1.51731,	681.701477
1.517398,	668.160156
1.517485,	621.052734
1.517573,	637.734131
1.51766,	630.918396
1.517748,	754.965515
1.517835,	704.519775
1.517923,	647.381775
1.518011,	580.201111
1.518098,	610.285583
1.518186,	637.007568
1.518273,	687.185669
1.518361,	660.261169
1.518449,	673.557739
1.518537,	663.396606
1.518624,	663.288513
1.518712,	633.03595
1.5188,	716.654114
1.518887,	662.964478
1.518975,	672.89978
1.519063,	672.790161
1.519151,	702.800598
1.519239,	776.300842
1.519326,	725.990723
1.519414,	705.802246
1.519502,	722.409729
1.51959,	815.922485
1.519678,	785.698914
1.519766,	765.513794
1.519854,	808.839111
1.519942,	778.63147
1.52003,	711.680176
1.520118,	788.39978
1.520206,	731.489075
1.520294,	718.011475
1.520382,	744.606873
1.52047,	824.609497
1.520558,	784.419678
1.520646,	720.881042
1.520734,	667.373657
1.520822,	720.646057
1.52091,	750.550659
1.520998,	730.416931
1.521086,	803.661133
1.521174,	716.842224
1.521262,	860.070496
1.521351,	803.26825
1.521439,	776.477173
1.521527,	879.641846
1.521615,	822.864136
1.521703,	879.355103
1.521792,	859.229675
1.52188,	925.68573
1.521968,	769.059509
1.522056,	775.591553
1.522145,	941.873962
1.522233,	805.287415
1.522321,	831.772827
1.52241,	881.535461
1.522498,	864.761719
1.522586,	824.715149
1.522675,	824.580688
1.522763,	867.663147
1.522851,	867.521667
1.52294,	807.560852
1.523028,	810.751953
1.523117,	860.452942
1.523205,	870.277588
1.523294,	943.2005
1.523382,	1002.817261
1.523471,	896.412231
1.523559,	892.946533
1.523648,	852.973389
1.523736,	1124.944824
1.523825,	1078.311035
1.523913,	1041.644409
1.524002,	932.020142
1.524091,	1034.672119
1.524179,	1017.924744
1.524268,	1113.898804
1.524357,	1087.199951
1.524445,	1212.95813
1.524534,	1076.904663
1.524623,	1199.310425
1.524711,	1050.053467
1.5248,	1132.68042
1.524889,	1185.477905
1.524978,	1205.149536
1.525066,	1297.641602
1.525155,	1280.881104
1.525244,	1323.692017
1.525333,	1435.971558
1.525422,	1396.039429
1.52551,	1518.193237
1.525599,	1584.086792
1.525688,	1590.441406
1.525777,	1633.15979
1.525866,	1847.747559
1.525955,	1857.360718
1.526044,	1900.014526
1.526133,	2015.338501
1.526222,	2104.198486
1.526311,	2100.552246
1.5264,	2215.787109
1.526489,	2499.369629
1.526578,	2386.7229
1.526667,	2686.687988
1.526756,	2587.247559
1.526845,	2827.690186
1.526934,	2781.042969
1.527023,	2559.593018
1.527112,	2694.389404
1.527201,	2825.844238
1.52729,	2808.898682
1.527379,	2828.217773
1.527468,	3249.612305
1.527558,	3219.424805
1.527647,	3235.372559
1.527736,	3521.434326
1.527825,	3810.696289
1.527915,	4027.41626
1.528004,	4244.064941
1.528093,	4602.19873
1.528182,	4828.557129
1.528272,	5212.805664
1.528361,	5350.149902
1.52845,	5964.475586
1.52854,	6180.595215
1.528629,	6501.884766
1.528718,	6855.951172
1.528808,	7252.641602
1.528897,	7534.152344
1.528986,	7243.699219
1.529076,	6841.614746
1.529165,	6646.649902
1.529255,	6468.173828
1.529344,	6473.686523
1.529434,	6584.282227
1.529523,	6599.623535
1.529613,	6946.52832
1.529702,	7037.29834
1.529792,	7541.543945
1.529881,	7707.655273
1.529971,	7489.868652
1.53006,	7386.959473
1.53015,	7143.059082
1.53024,	6915.633789
1.530329,	6616.153809
1.530419,	6241.376465
1.530509,	6168.251953
1.530598,	6095.150391
1.530688,	5605.966797
1.530778,	5657.464844
1.530867,	5417.439453
1.530957,	4777.963867
1.531047,	4466.125488
1.531137,	3984.154297
1.531226,	3656.181641
1.531316,	3387.224121
1.531406,	3272.145508
1.531496,	3157.104248
1.531586,	3045.371582
1.531675,	2933.675293
1.531765,	2802.395508
1.531855,	3011.183594
1.531945,	2951.850342
1.532035,	2755.263672
1.532125,	2967.224609
1.532215,	2868.719482
1.532305,	2851.916504
1.532395,	3047.426025
1.532485,	3082.85083
1.532575,	3079.081543
1.532665,	2892.492188
1.532755,	2823.472412
1.532845,	2770.793213
1.532935,	2740.972412
1.533025,	2606.760498
1.533115,	2671.574219
1.533205,	2817.903076
1.533295,	2634.830078
1.533385,	2918.053711
1.533475,	2842.599609
1.533566,	2988.804443
1.533656,	2945.951172
1.533746,	3176.805908
1.533836,	3515.090088
1.533926,	3569.887451
1.534016,	3712.59668
1.534107,	3897.588867
1.534197,	4277.855957
1.534287,	4752.395996
1.534378,	4979.435547
1.534468,	5398.387207
1.534558,	5592.711914
1.534649,	5432.40332
1.534739,	5129.040527
1.534829,	4708.709961
1.53492,	4366.548828
1.53501,	3933.477051
1.5351,	3416.039551
1.535191,	3178.249268
1.535281,	2784.574463
1.535372,	2563.208496
1.535462,	2358.155762
1.535553,	2318.79834
1.535643,	2175.547119
1.535734,	2084.287598
1.535824,	2012.533936
1.535915,	1970.013184
1.536005,	1768.503174
1.536096,	1885.013184
1.536186,	1858.753418
1.536277,	1744.931274
1.536368,	1751.131348
1.536458,	1627.637085
1.536549,	1834.844116
1.53664,	1698.411499
1.53673,	1889.335571
1.536821,	1788.580566
1.536912,	1778.568726
1.537002,	1697.299561
1.537093,	1654.919922
1.537184,	1586.649658
1.537275,	1628.477783
1.537365,	1631.44812
1.537456,	1611.762207
1.537547,	1501.476196
1.537638,	1345.930664
1.537729,	1449.22644
1.53782,	1478.098267
1.53791,	1526.363525
1.538001,	1480.847412
1.538092,	1496.768677
1.538183,	1496.52356
1.538274,	1528.595459
1.538365,	1547.732056
1.538456,	1628.244751
1.538547,	1640.898438
1.538638,	1621.252075
1.538729,	1585.466919
1.53882,	1672.377441
1.538911,	1736.663452
1.539002,	1707.331665
1.539093,	1871.625977
1.539184,	1800.338257
1.539275,	1935.530396
1.539366,	1899.734375
1.539457,	1880.074097
1.539549,	1863.644531
1.53964,	1918.143311
1.539731,	1982.293823
1.539822,	2046.423218
1.539913,	1978.421997
1.540004,	2032.865967
1.540096,	2145.272461
1.540187,	2173.90625
1.540278,	2215.410889
1.540369,	2282.658203
1.540461,	2359.540527
1.540552,	2494.330322
1.540643,	2561.498779
1.540735,	2644.732178
1.540826,	2914.519043
1.540917,	2930.123291
1.541009,	3235.148926
1.5411,	3424.322998
1.541192,	3613.434814
1.541283,	3850.698486
1.541374,	3715.089844
1.541466,	3878.35498
1.541557,	3778.125732
1.541649,	3517.320801
1.54174,	3208.426758
1.541832,	3069.822998
1.541923,	2912.000732
1.542015,	2616.197998
1.542106,	2651.07373
1.542198,	2486.979736
1.542289,	2348.607178
1.542381,	2251.983398
1.542473,	2335.007324
1.542564,	2334.624268
1.542656,	2218.811768
1.542748,	2234.477295
1.542839,	2176.414795
1.542931,	2140.805176
1.543023,	2262.216309
1.543114,	2172.140381
1.543206,	2152.564697
1.543298,	2206.657471
1.54339,	2062.197754
1.543481,	2212.33667
1.543573,	2186.364746
1.543665,	2173.203857
1.543757,	2137.646484
1.543849,	2159.692627
1.543941,	2037.775391
1.544032,	1893.508789
1.544124,	1957.157471
1.544216,	1892.887451
1.544308,	1914.955322
1.5444,	1914.640991
1.544492,	1895.151611
1.544584,	1926.794067
1.544676,	1942.452026
1.544768,	1990.047607
1.54486,	2059.984131
1.544952,	2072.418945
1.545044,	2040.151611
1.545136,	2199.426758
1.545228,	2132.040527
1.54532,	2192.32251
1.545412,	2191.962646
1.545504,	2284.115967
1.545596,	2194.432617
1.545689,	2305.689453
1.545781,	2276.614014
1.545873,	2285.804443
1.545965,	2113.304688
1.546057,	2313.736572
1.54615,	2122.170166
1.546242,	2277.931641
1.546334,	2197.922852
1.546426,	2207.116455
1.546519,	2225.860107
1.546611,	2158.634277
1.546703,	2307.89502
1.546796,	2345.709473
1.546888,	2310.319336
1.54698,	2262.213867
1.547073,	2398.634521
1.547165,	2512.745605
1.547258,	2575.936035
1.54735,	2540.536865
1.547442,	2632.314209
1.547535,	2717.704102
1.547627,	2625.093262
1.54772,	2770.829834
1.547812,	2967.35083
1.547905,	2963.686768
1.547997,	2836.1604
1.54809,	2842.045166
1.548182,	2981.276123
1.548275,	2987.13501
1.548367,	2907.296631
1.54846,	2941.726318
1.548553,	2858.748535
1.548645,	2820.210693
1.548738,	2841.949951
1.548831,	2787.570801
1.548923,	2783.942139
1.549016,	2729.590088
1.549109,	2900.307373
1.549201,	2852.29248
1.549294,	2861.329834
1.549387,	2848.186768
1.549479,	2958.586426
1.549572,	2935.930176
1.549665,	2976.613525
1.549758,	3175.587891
1.549851,	3165.569336
1.549944,	3218.854736
1.550037,	3354.400391
1.550129,	3499.393311
1.550222,	3274.210449
1.550315,	3178.782959
1.550408,	3386.981934
1.550501,	3481.282959
1.550594,	3395.352539
1.550687,	3442.207764
1.55078,	3334.189209
1.550873,	3488.473389
1.550966,	3371.004639
1.551059,	3405.197266
1.551152,	3553.076904
1.551245,	3473.54834
1.551338,	3460.348145
1.551431,	3529.227051
1.551524,	3623.333252
1.551617,	3812.078857
1.55171,	3865.089844
1.551804,	3675.174805
1.551897,	3860.664307
1.55199,	3768.574463
1.552083,	3793.179199
1.552176,	3852.454346
1.55227,	3962.142822
1.552363,	4100.15918
1.552456,	4197.166016
1.552549,	4001.144287
1.552643,	4013.085938
1.552736,	4072.265625
1.552829,	4238.490234
1.552922,	4130.746094
1.553016,	4108.030762
1.553109,	4135.681641
1.553203,	3965.069336
1.553296,	4140.613281
1.553389,	4171.390137
1.553483,	4186.430664
1.553576,	4273.795898
1.55367,	4326.545898
1.553763,	4278.677246
1.553857,	4498.000977
1.55395,	4613.541992
1.554044,	4945.85791
1.554137,	5061.287109
1.554231,	5107.571777
1.554324,	5339.140625
1.554418,	5705.659668
1.554512,	5924.495117
1.554605,	6375.553223
1.554699,	6835.878418
1.554793,	7095.213867
1.554886,	7646.258301
1.55498,	7939.882324
1.555073,	8145.586426
1.555167,	7818.099121
1.555261,	7390.383301
1.555354,	6605.419434
1.555448,	6250.13623
1.555542,	5355.929688
1.555636,	5079.305176
1.55573,	4661.790039
1.555823,	4419.82666
1.555917,	4171.679199
1.556011,	4167.86084
1.556105,	3876.004395
1.556199,	3787.716553
1.556293,	3715.106445
1.556387,	3648.779053
1.556481,	3529.283691
1.556575,	3569.369873
1.556669,	3306.049561
1.556762,	3242.959717
1.556856,	3317.467285
1.55695,	3232.512695
1.557044,	2985.049316
1.557138,	3197.070557
1.557232,	3199.668457
1.557327,	2852.359375
1.55742,	2830.023926
1.557515,	3091.900635
1.557609,	2838.458984
1.557703,	2987.852295
1.557797,	2890.590576
1.557891,	2793.361084
1.557985,	2721.127686
1.558079,	2580.277344
1.558174,	2554.895752
1.558268,	2354.857666
1.558362,	2298.336426
1.558456,	2403.969238
1.558551,	2272.638916
1.558645,	2128.884277
1.558739,	2050.62207
1.558833,	2059.631836
1.558928,	2074.869385
1.559022,	1837.794434
1.559116,	1949.609619
1.559211,	1834.074707
1.559305,	1799.525269
1.5594,	1621.796021
1.559494,	1590.405151
1.559588,	1692.833252
1.559683,	1505.875244
1.559777,	1570.953735
1.559872,	1489.827271
1.559966,	1567.325928
1.560061,	1483.117432
1.560155,	1538.830322
1.56025,	1485.73645
1.560344,	1460.629639
1.560439,	1606.427612
1.560534,	1575.095703
1.560628,	1565.517334
1.560723,	1586.998779
1.560817,	1630.209229
1.560912,	1515.068359
1.561007,	1607.942505
1.561101,	1474.221436
1.561196,	1483.287476
1.561291,	1514.068848
1.561386,	1256.345703
1.56148,	1364.693604
1.561575,	1500.915283
1.56167,	1379.746094
1.561765,	1367.118164
1.561859,	1385.489746
1.561954,	1410.053345
1.562049,	1431.510132
1.562144,	1552.095703
1.562239,	1483.694946
1.562334,	1498.934937
1.562429,	1507.976929
1.562523,	1486.056396
1.562618,	1470.333984
1.562713,	1398.907837
1.562808,	1457.470947
1.562903,	1327.286255
1.562998,	1376.561523
1.563093,	1425.820435
1.563188,	1437.954468
1.563283,	1314.042603
1.563378,	1415.840332
1.563473,	1409.424805
1.563569,	1421.553467
1.563664,	1464.576294
1.563759,	1427.262695
1.563854,	1504.247192
1.563949,	1445.321167
1.564044,	1528.452637
1.564139,	1657.865723
1.564235,	1635.984619
1.56433,	1697.439453
1.564425,	1718.759399
1.56452,	1687.623169
1.564615,	1826.157104
1.564711,	1980.066162
1.564806,	2029.078491
1.564901,	2087.323975
1.564997,	2185.625244
1.565092,	2339.373047
1.565187,	2265.026611
1.565283,	2329.356689
1.565378,	2307.407471
1.565474,	2350.148193
1.565569,	2352.8396
1.565664,	2297.026611
1.56576,	2398.241455
1.565855,	2305.501953
1.565951,	2409.759277
1.566046,	2520.13623
1.566142,	2550.485596
1.566237,	2694.639648
1.566333,	2571.171631
1.566428,	2567.671875
1.566524,	2662.55835
1.56662,	2680.5625
1.566715,	2756.957764
1.566811,	2888.642334
1.566906,	2937.324951
1.567002,	3068.935791
1.567098,	3225.074951
1.567193,	3206.115967
1.567289,	3125.753418
1.567385,	3244.96582
1.567481,	3284.33252
1.567576,	3326.754883
1.567672,	3197.329834
1.567768,	3101.694824
1.567864,	3297.498047
1.567959,	3306.153809
1.568055,	3228.946533
1.568151,	3357.181152
1.568247,	3329.037354
1.568343,	3349.941162
1.568439,	3285.034668
1.568535,	3290.619141
1.568631,	3403.420166
1.568727,	3344.662598
1.568823,	3491.103271
1.568919,	3692.608887
1.569014,	3551.175781
1.56911,	3691.387451
1.569206,	3556.121826
1.569302,	3573.892578
1.569399,	3558.004639
1.569495,	3532.945557
1.569591,	3517.069336
1.569687,	3531.776611
1.569783,	3479.218018
1.569879,	3246.325195
1.569975,	3276.351074
1.570071,	3156.633057
1.570167,	3214.161377
1.570264,	3088.383301
1.57036,	3084.818115
1.570456,	3065.984863
1.570552,	2979.986084
1.570649,	3028.337158
1.570745,	3073.619873
1.570841,	2990.713867
1.570938,	3051.243652
1.571034,	2907.354004
1.57113,	3034.982666
1.571227,	3074.126709
1.571323,	3094.962402
1.571419,	3131.034668
1.571516,	3112.227051
1.571612,	3166.570801
1.571708,	3102.055176
1.571805,	3031.467529
1.571901,	3018.780762
1.571998,	2975.641357
1.572094,	2792.437256
1.572191,	2700.634521
1.572287,	2809.777832
1.572384,	2617.560791
1.572481,	2604.954834
1.572577,	2498.030029
1.572674,	2585.839111
1.57277,	2545.869141
1.572867,	2636.682373
1.572964,	2642.326904
1.57306,	2450.359863
1.573157,	2452.993652
1.573254,	2504.252686
1.57335,	2470.412842
1.573447,	2530.766357
1.573544,	2451.368652
1.57364,	2460.073975
1.573737,	2456.629883
1.573834,	2413.717285
1.573931,	2416.352783
1.574028,	2340.074707
1.574124,	2354.860107
1.574221,	2354.469727
1.574318,	2363.18042
1.574415,	2371.888184
1.574512,	2398.788574
1.574609,	2380.198486
1.574706,	2479.84668
1.574803,	2500.653564
1.5749,	2606.309814
1.574997,	2551.336182
1.575094,	2732.688721
1.575191,	2786.759277
1.575288,	2819.611816
1.575385,	3006.885498
1.575482,	3127.490234
1.575579,	3108.809326
1.575676,	3174.878662
1.575773,	3510.246582
1.57587,	3648.841064
1.575967,	3850.915771
1.576064,	3907.744141
1.576162,	4037.131348
1.576259,	4356.959961
1.576356,	4498.321777
1.576453,	4769.606445
1.57655,	5007.558594
1.576648,	5456.940918
1.576745,	5752.100098
1.576842,	6527.429688
1.57694,	7051.837402
1.577037,	7376.780273
1.577134,	7719.729492
1.577232,	8282.918945
1.577329,	8737.271484
1.577426,	9354.420898
1.577524,	10046.791992
1.577621,	9278.920898
1.577719,	8070.959961
1.577816,	7894.71875
1.577913,	7854.213379
1.578011,	7744.38623
1.578108,	8008.338379
1.578206,	8639.855469
1.578303,	9268.150391
1.578401,	7721.172363
1.578499,	6222.900879
1.578596,	5140.721191
1.578694,	4932.10498
1.578791,	4657.326172
1.578889,	4063.572754
1.578987,	3247.309082
1.579084,	2678.058838
1.579182,	2379.767334
1.57928,	2096.61499
1.579377,	1825.587036
1.579475,	1593.740479
1.579573,	1560.403809
1.57967,	1358.73877
1.579768,	1247.307495
1.579866,	1214.0448
1.579964,	1093.660767
1.580062,	1048.418213
1.580159,	928.101562
1.580257,	885.904541
1.580355,	867.742004
1.580453,	816.562744
1.580551,	699.365906
1.580649,	753.269104
1.580747,	621.118774
1.580845,	510.012817
1.580943,	584.917542
1.581041,	560.827759
1.581139,	629.701965
1.581237,	545.651062
1.581335,	557.550781
1.581433,	461.551392
1.581531,	515.41333
1.581629,	539.296448
1.581727,	437.356689
1.581825,	494.190857
1.581923,	512.076355
1.582021,	452.109253
1.58212,	469.995758
1.582218,	380.124481
1.582316,	445.898712
1.582414,	478.737854
1.582512,	499.599609
1.58261,	454.649841
1.582709,	469.527374
1.582807,	508.320953
1.582905,	499.267609
1.583004,	496.195496
1.583102,	496.113037
1.5832,	496.030579
1.583299,	537.775085
1.583397,	570.54425
1.583495,	576.422729
1.583594,	576.326904
1.583692,	585.188049
1.583791,	591.061096
1.583889,	626.778748
1.583988,	722.167847
1.584086,	793.655823
1.584185,	826.338745
1.584283,	912.698975
1.584382,	966.226501
1.58448,	873.633606
1.584579,	1028.510132
1.584677,	1058.145996
1.584776,	1052.009644
1.584875,	1182.94165
1.584973,	1176.786499
1.585072,	1289.781738
1.585171,	1411.674072
1.585269,	1277.441895
1.585368,	1470.749023
1.585467,	1598.503784
1.585565,	1502.998413
1.585664,	1580.117554
1.585763,	1570.928955
1.585862,	1570.667603
1.58596,	1481.178711
1.586059,	1698.016724
1.586158,	1543.124512
1.586257,	1545.840454
1.586356,	1480.193237
1.586455,	1482.918701
1.586553,	1432.160156
1.586652,	1440.834106
1.586751,	1393.06958
1.58685,	1348.290771
1.586949,	1392.605957
1.587048,	1428
1.587147,	1332.776123
1.587246,	1228.680298
1.587345,	1204.737183
1.587444,	1168.93457
1.587543,	1130.17749
1.587642,	1073.638184
1.587741,	1014.152344
1.587841,	951.721375
1.58794,	930.812317
1.588039,	1016.609802
1.588138,	977.916565
1.588237,	891.829895
1.588336,	924.267761
1.588436,	938.923401
1.588535,	799.58075
1.588634,	837.939575
1.588733,	772.670715
1.588833,	754.78241
1.588932,	707.305725
1.589031,	633.214294
1.589131,	639.025757
1.58923,	630.04541
1.589329,	570.791138
1.589429,	579.567017
1.589528,	609.035278
1.589627,	561.638
1.589727,	588.143921
1.589826,	561.450867
1.589926,	517.039673
1.590025,	528.769592
1.590125,	502.099762
1.590224,	469.532715
1.590324,	507.837555
1.590423,	481.184479
1.590523,	463.394928
1.590622,	442.660217
1.590722,	451.438202
1.590822,	536.915405
1.590921,	492.582062
1.591021,	463.008942
1.591121,	448.188721
1.59122,	483.491455
1.59132,	456.882202
1.59142,	335.97348
1.591519,	468.51651
1.591619,	347.646118
1.591719,	391.773102
1.591819,	356.365723
1.591918,	412.255249
1.592018,	453.405151
1.592118,	418.005188
1.592218,	456.197205
1.592318,	373.725067
1.592418,	373.66275
1.592517,	338.299591
1.592617,	358.831909
1.592717,	423.468658
1.592817,	385.174622
1.592917,	414.508118
1.593017,	352.71402
1.593117,	411.431091
1.593217,	393.732635
1.593317,	355.475403
1.593417,	402.413269
1.593517,	390.598816
1.593617,	446.324188
1.593717,	437.442169
1.593817,	434.433838
1.593918,	422.621857
1.594018,	402.010651
1.594118,	419.546936
1.594218,	495.745483
1.594318,	393.010712
1.594419,	422.269409
1.594519,	439.790558
1.594619,	489.551788
1.594719,	474.815308
1.59482,	498.17981
1.59492,	498.09668
1.59502,	498.01355
1.59512,	506.717438
1.595221,	500.775848
1.595321,	518.260376
1.595421,	538.666626
1.595522,	570.774231
1.595622,	532.633728
1.595723,	547.175171
1.595823,	593.893127
1.595924,	620.119812
1.596024,	599.544006
1.596125,	657.92627
1.596225,	613.961975
1.596326,	701.553711
1.596426,	645.906128
1.596527,	634.109619
1.596627,	745.027466
1.596728,	826.696289
1.596828,	773.985657
1.596929,	838.101074
1.59703,	767.887695
1.59713,	849.498047
1.597231,	834.762451
1.597332,	907.579529
1.597432,	843.236877
1.597533,	962.704834
1.597634,	892.540833
1.597735,	936.136414
1.597836,	1017.623108
1.597936,	976.638367
1.598037,	993.964294
1.598138,	1005.455688
1.598239,	1040.254272
1.59834,	1101.261597
1.59844,	1235.071167
1.598541,	1272.726196
1.598642,	1324.928223
1.598743,	1394.581421
1.598844,	1507.875732
1.598945,	1632.773926
1.599046,	1489.911865
1.599147,	1559.490723
1.599248,	1393.416504
1.599349,	1145.958862
1.59945,	1070.158325
1.599551,	965.307556
1.599652,	875.0271
1.599753,	799.309692
1.599854,	746.866394
1.599956,	671.195679
1.600057,	627.506592
1.600158,	586.736755
1.600259,	543.076355
1.60036,	484.912262
1.600462,	461.605713
1.600563,	435.404266
1.600664,	412.11377
1.600765,	414.946594
1.600867,	353.951172
1.600968,	385.800262
1.601069,	333.530884
1.601171,	310.276825
1.601272,	345.01651
1.601373,	278.286102
1.601475,	342.002777
1.601576,	281.090851
1.601677,	254.96759
1.601779,	217.265564
1.60188,	315.706451
1.601982,	272.215057
1.602083,	254.796997
1.602185,	254.754364
1.602286,	208.400513
1.602388,	234.411346
1.602489,	217.011215
1.602591,	234.332901
1.602693,	190.90596
1.602794,	176.413864
1.602896,	176.384338
1.602997,	156.117371
1.603099,	268.823822
1.603201,	193.636353
1.603302,	216.720825
1.603404,	260.021454
1.603506,	216.64827
1.603608,	213.723846
1.603709,	222.351089
1.603811,	204.990707
1.603913,	251.143738
1.604015,	199.149612
1.604117,	233.745178
1.604218,	178.886108
1.60432,	141.35405
1.604422,	161.520447
1.604524,	216.285797
1.604626,	233.54953
1.604728,	178.736374
1.60483,	121.059196
1.604932,	161.385239
1.605034,	167.120987
1.605136,	221.830368
1.605238,	241.956223
1.60534,	195.836517
1.605442,	224.598373
1.605544,	161.223099
1.605646,	250.429626
1.605748,	187.071259
1.60585,	195.672516
1.605952,	175.500351
1.606054,	166.841232
1.606157,	192.69809
1.606259,	163.909714
1.606361,	212.759399
1.606463,	178.227997
1.606566,	232.807236
1.606668,	143.684082
1.60677,	195.377609
1.606872,	86.181557
1.606975,	183.823166
1.607077,	221.125183
1.607179,	226.830658
1.607282,	157.8936
1.607384,	172.218689
1.607486,	235.326096
1.607589,	157.814209
1.607691,	223.771713
1.607794,	180.708389
1.607896,	195.017624
1.607999,	163.443253
1.608101,	163.415833
1.608204,	192.05307
1.608306,	189.154892
1.608409,	149.006134
1.608511,	214.876648
1.608614,	154.685242
1.608716,	146.067108
1.608819,	234.813614
1.608922,	203.280121
1.609024,	180.345062
1.609127,	231.833328
1.60923,	194.592865
1.609332,	228.894363
1.609435,	217.413177
1.609538,	191.63472
1.609641,	191.60257
1.609743,	157.259293
1.609846,	202.973389
1.609949,	208.655945
1.610052,	202.905289
1.610155,	168.583145
1.610258,	177.125427
1.61036,	171.38295
1.610463,	188.489594
1.610566,	197.024231
1.610669,	222.685669
1.610772,	214.084885
1.610875,	185.509094
1.610978,	194.038483
1.611081,	194.005905
1.611184,	176.858047
1.611287,	156.863861
1.61139,	134.024796
1.611493,	145.406738
1.611596,	159.635498
1.611699,	188.110245
1.611802,	213.725754
1.611905,	213.689865
1.612009,	168.074463
1.612112,	173.742722
1.612215,	222.125519
1.612318,	205.004501
1.612421,	190.736038
1.612525,	179.318695
1.612628,	165.059326
1.612731,	239.011276
1.612835,	170.693665
1.612938,	156.442917
1.613041,	173.480255
1.613145,	204.729187
1.613248,	179.107941
1.613351,	204.6604
1.613455,	187.573853
1.613558,	193.225433
1.613661,	187.510818
1.613765,	130.667404
1.613868,	184.607697
1.613972,	181.73703
1.614075,	195.902313
1.614179,	122.06353
1.614282,	215.703934
1.614386,	204.316742
1.614489,	175.909851
1.614593,	173.043503
1.614697,	224.067856
1.6148,	204.179413
1.614904,	184.297653
1.615008,	206.945648
1.615111,	232.42041
1.615215,	187.038635
1.615319,	121.83802
1.615422,	209.639465
1.615526,	203.93924
1.61563,	184.080856
1.615734,	186.881439
1.615837,	223.653809
1.615941,	189.649185
1.616045,	186.78717
1.616149,	206.563187
1.616253,	215.015915
1.616357,	149.92009
1.61646,	192.317963
1.616565,	180.974686
1.616668,	245.971085
1.616772,	228.96904
1.616876,	209.146408
1.61698,	223.240356
1.617084,	279.709839
1.617188,	223.165237
1.617292,	248.547302
1.617396,	240.033707
1.6175,	163.760147
1.617605,	239.952942
1.617709,	248.380066
1.617813,	200.363831
1.617917,	251.118011
1.618021,	220.043915
1.618125,	245.392303
1.61823,	222.789978
1.618334,	270.686554
1.618438,	245.268402
1.618542,	222.677505
1.618647,	197.27597
1.618751,	259.233337
1.618855,	247.920578
1.618959,	205.626755
1.619064,	256.286102
1.619168,	259.058807
1.619272,	270.276703
1.619377,	236.452301
1.619481,	267.371277
1.619586,	261.698334
1.61969,	244.773331
1.619794,	216.601974
1.619899,	236.253281
1.620003,	224.965225
1.620108,	244.608475
1.620212,	267.056213
1.620317,	236.094147
1.620422,	241.674713
1.620526,	219.156433
1.620631,	191.027267
1.620735,	235.935104
1.62084,	205.004288
1.620945,	233.047806
1.621049,	202.127884
1.621154,	204.900696
1.621259,	227.317245
1.621364,	246.920334
1.621468,	210.408005
1.621573,	204.762619
1.621678,	232.773056
1.621783,	246.753937
1.621887,	218.676849
1.621992,	235.45845
1.622097,	140.130219
1.622202,	165.32579
1.622307,	207.322815
1.622412,	201.685486
1.622517,	260.466492
1.622622,	193.216766
1.622727,	229.581207
1.622832,	212.746704
1.622936,	198.716705
1.623042,	204.279907
1.623147,	229.426407
1.623252,	282.538544
1.623357,	198.582703
1.623462,	251.682114
1.623567,	181.739761
1.623672,	234.824081
1.623777,	198.448776
1.623882,	223.566544
1.623987,	251.46994
1.624092,	217.903854
1.624198,	259.764618
1.624303,	226.208435
1.624408,	251.300308
1.624514,	178.672287
1.624619,	256.798096
1.624724,	262.336395
1.624829,	248.340408
1.624935,	212.030182
1.62504,	231.520203
1.625145,	220.325424
1.625251,	239.807449
1.625356,	220.251068
1.625461,	256.45163
1.625567,	264.769501
1.625672,	259.151642
1.625778,	220.102417
1.625883,	278.563629
1.625989,	231.168777
1.626094,	300.747162
1.6262,	281.206818
1.626305,	297.861877
1.626411,	205.96315
1.626517,	272.715942
1.626622,	300.493378
1.626728,	280.969513
1.626834,	225.29393
1.626939,	280.874634
1.627045,	264.144379
1.627151,	277.999756
1.627256,	289.070923
1.627362,	289.022125
1.627468,	316.759186
1.627573,	363.933746
1.627679,	299.986298
1.627785,	313.821533
1.627891,	244.350708
1.627997,	244.309433
1.628103,	277.577454
1.628209,	247.002197
1.628314,	213.66243
1.62842,	249.693115
1.628526,	188.625137
1.628632,	232.968155
1.628738,	227.382874
1.628844,	221.799454
1.62895,	210.673874
1.629056,	218.952942
1.629162,	202.289413
1.629268,	243.814514
1.629374,	174.519531
1.62948,	213.265594
1.629587,	196.614258
1.629693,	202.118515
1.629799,	229.767136
1.629905,	213.121429
1.630011,	202.016037
1.630117,	213.049377
1.630224,	193.648514
1.63033,	190.849823
1.630436,	190.817551
1.630542,	223.965347
1.630649,	201.811172
1.630755,	248.76622
1.630861,	212.797333
1.630968,	182.366867
1.631074,	232.064041
1.63118,	223.73819
1.631287,	176.750885
1.631393,	265.081482
1.6315,	215.342285
1.631606,	209.785187
1.631713,	218.029297
1.631819,	223.5112
1.631926,	204.160873
1.632032,	245.503296
1.632139,	245.461761
1.632245,	228.875046
1.632352,	245.378708
1.632458,	248.093781
1.632565,	206.709824
1.632672,	212.186172
1.632778,	225.92627
1.632885,	198.340714
1.632992,	256.146729
1.633098,	256.103363
1.633205,	264.320007
1.633312,	256.016663
1.633419,	289.002167
1.633525,	253.17807
1.633632,	242.129333
1.633739,	255.843369
1.633846,	236.54628
1.633953,	288.757599
1.634059,	230.96698
1.634166,	294.158112
1.634273,	291.359619
1.63438,	302.303131
1.634487,	263.783508
1.634594,	304.948029
1.634701,	211.5047
1.634808,	310.337463
1.634915,	307.539001
1.635022,	225.124344
1.635129,	323.904541
1.635236,	323.849701
1.635343,	260.682281
1.63545,	345.688446
1.635558,	331.914429
1.635665,	320.887665
1.635772,	378.418762
1.635879,	339.970856
1.635986,	356.360657
1.636093,	367.263367
1.636201,	282.251617
1.636308,	306.862366
1.636415,	301.331604
1.636522,	361.536652
1.63663,	366.952271
1.636737,	400
1.636844,	350
1.636952,	377.713928
1.637059,	377.649902
1.637167,	399.474945
1.637274,	402.142883
1.637381,	350.105865
1.637489,	396.537048
1.637596,	396.469818
1.637704,	382.733551
1.637811,	338.935089
1.637919,	333.411865
1.638026,	407.130676
1.638134,	355.154449
1.638242,	376.946167
1.638349,	368.689148
1.638457,	360.434906
1.638564,	431.356506
1.638672,	357.583008
1.63878,	373.89743
1.638887,	406.578613
1.638995,	362.857605
1.639103,	373.707184
1.639211,	319.09726
1.639318,	316.316254
1.639426,	359.88501
1.639534,	357.098022
1.639642,	387.01767
1.639749,	395.127045
1.639857,	414.131836
1.639965,	441.30246
1.640073,	375.860535
1.640181,	462.938019
1.640289,	435.632416
1.640397,	465.503113
1.640505,	489.920135
1.640613,	527.935364
1.640721,	579.541992
1.640829,	481.509491
1.640937,	454.228455
1.641045,	350.811523
1.641153,	318.123871
1.641261,	361.566589
1.641369,	318.015839
1.641477,	375.031921
1.641585,	361.382446
1.641694,	315.137177
1.641802,	317.799896
1.64191,	277.009277
1.642018,	347.560455
1.642126,	298.634033
1.642235,	290.440125
1.642343,	257.823608
1.642451,	255.06633
1.64256,	271.301086
1.642668,	271.254974
1.642776,	246.80011
1.642884,	227.776779
1.642993,	306.361938
1.643101,	271.070709
1.64321,	241.211929
1.643318,	192.394806
1.643427,	195.071426
1.643535,	222.126938
1.643644,	230.214401
1.643752,	324.953339
1.643861,	232.843643
1.643969,	297.772644
1.644078,	208.405426
1.644186,	267.904297
1.644295,	238.096664
1.644404,	232.645828
1.644512,	259.653503
1.644621,	243.383789
1.64473,	237.934799
1.644838,	243.301041
1.644947,	256.774109
1.645056,	259.432861
1.645164,	253.984818
1.645273,	264.74765
1.645382,	232.29007
1.645491,	261.957031
1.6456,	221.410553
1.645709,	183.57753
1.645817,	245.628143
1.645926,	259.080109
1.646035,	234.751419
1.646144,	250.898483
1.646253,	231.974197
1.646362,	207.662491
1.646471,	256.163391
1.64658,	237.247818
1.646689,	307.291473
1.646798,	247.947418
1.646907,	220.959
1.647016,	229.003891
1.647125,	220.88382
1.647234,	288.177399
1.647343,	325.827393
1.647453,	266.54068
1.647562,	301.489655
1.647671,	215.313095
1.64778,	279.859375
1.647889,	277.121246
1.647999,	282.454163
1.648108,	242.062347
1.648217,	287.736237
1.648326,	276.932587
1.648436,	231.185898
1.648545,	330.593292
1.648654,	322.475128
1.648764,	268.683533
1.648873,	308.933441
1.648983,	322.310425
1.649092,	298.086365
1.649201,	343.680695
1.649311,	255.032089
1.64942,	279.145477
1.64953,	300.566986
1.649639,	284.416748
1.649749,	343.388123
1.649858,	300.413422
1.649968,	343.271149
1.650078,	294.948395
1.650187,	302.940796
1.650297,	297.52832
1.650406,	297.477631
1.650516,	292.067902
1.650626,	321.487854
1.650735,	316.075836
1.650845,	265.137085
1.650955,	270.447296
1.651065,	297.173615
1.651174,	294.446167
1.651284,	256.927399
1.651394,	294.345795
1.651504,	270.216888
1.651614,	288.895538
1.651724,	240.705246
1.651834,	262.05658
1.651943,	278.053467
1.652053,	235.235901
1.652163,	275.28598
1.652273,	245.844574
1.652383,	251.146194
1.652493,	272.473877
1.652603,	219.010269
1.652713,	240.336136
1.652823,	224.275467
1.652933,	253.601608
1.653044,	266.903534
1.653154,	229.497894
1.653264,	264.144379
1.653374,	274.769989
1.653484,	224.046036
1.653594,	208.007263
1.653705,	229.302216
1.653815,	285.245941
1.653925,	234.554764
1.654035,	319.792847
1.654145,	301.086884
1.654256,	279.723236
1.654366,	263.694061
1.654476,	263.649048
1.654587,	244.965393
1.654697,	282.19455
1.654808,	247.543533
1.654918,	279.436951
1.655028,	239.476486
1.655139,	327.228668
1.655249,	260.674286
1.65536,	268.608246
1.65547,	220.699783
1.655581,	276.492279
1.655692,	281.761322
1.655802,	273.740173
1.655913,	305.580048
1.656023,	300.214355
1.656134,	260.31842
1.656244,	244.338837
1.656355,	257.574127
1.656466,	289.389526
1.656576,	278.722107
1.656687,	334.409424
1.656798,	318.430756
1.656909,	321.02951
1.657019,	352.806854
1.65713,	238.700699
1.657241,	371.248779
1.657352,	323.461517
1.657463,	312.802765
1.657574,	384.310608
1.657685,	368.345154
1.657795,	349.735626
1.657906,	256.958771
1.658017,	357.56192
1.658128,	328.371124
1.658239,	399.802948
1.65835,	420.912598
1.658461,	359.964355
1.658572,	412.829712
1.658683,	362.487183
1.658794,	449.724731
1.658906,	441.712891
1.659017,	478.660858
1.659128,	481.223114
1.659239,	473.209961
1.65935,	414.979095
1.659461,	454.549042
1.659572,	348.780334
1.659684,	338.153381
1.659795,	256.213043
1.659906,	369.72879
1.660017,	308.934784
1.660129,	253.441589
1.66024,	290.352142
1.660351,	295.580719
1.660463,	287.614166
1.660574,	247.991806
1.660686,	229.485077
1.660797,	232.08313
1.660908,	237.317139
1.66102,	232.003723
1.661131,	279.411194
1.661243,	268.821381
1.661354,	271.410431
1.661466,	305.613831
1.661577,	255.51265
1.661689,	268.637421
1.661801,	260.691711
1.661912,	255.381485
1.662024,	231.646637
1.662135,	271.085449
1.662247,	221.041565
1.662359,	289.409637
1.662471,	220.965881
1.662582,	263.009583
1.662694,	215.630951
1.662806,	252.402756
1.662918,	268.132019
1.663029,	239.174866
1.663141,	328.480652
1.663253,	278.503876
1.663365,	323.114258
1.663477,	228.505096
1.663589,	241.596176
1.663701,	343.953033
1.663813,	320.267822
1.663924,	299.215393
1.664037,	293.915649
1.664148,	285.993896
1.664261,	267.581482
1.664372,	259.666931
1.664485,	285.846924
1.664597,	319.883942
1.664709,	241.182632
1.664821,	254.246811
1.664933,	262.065216
1.665045,	254.159683
1.665157,	267.214905
1.665269,	259.311188
1.665382,	251.410187
1.665494,	256.603912
1.665606,	267.031769
1.665718,	227.723343
1.665831,	240.769608
1.665943,	245.961563
1.666055,	259.000214
1.666168,	279.881531
1.66628,	227.528214
1.666392,	269.326294
1.666505,	240.522049
1.666617,	274.461792
1.666729,	261.347351
1.666842,	229.946243
1.666955,	211.618759
1.667067,	284.722107
1.667179,	203.711136
1.667292,	292.45813
1.667405,	240.192261
1.667517,	240.151062
1.66763,	224.450531
1.667742,	268.772552
1.667855,	279.162415
1.667968,	307.808533
1.66808,	252.985641
1.668193,	258.157532
1.668306,	208.576355
1.668418,	245.035172
1.668531,	271.056213
1.668644,	203.257278
1.668757,	242.303619
1.668869,	242.262039
1.668982,	218.77977
1.669095,	221.346298
1.669208,	278.588104
1.669321,	182.22261
1.669434,	236.848724
1.669547,	223.796646
1.66966,	218.554535
1.669773,	208.11145
1.669886,	192.470032
1.669999,	228.843994
1.670112,	273.005615
1.670225,	239.163834
1.670338,	197.536194
1.670451,	241.68042
1.670564,	171.485672
1.670677,	218.21701
1.67079,	244.15329
1.670903,	254.499069
1.671016,	166.174927
1.67113,	155.762238
1.671243,	205.051712
1.671356,	228.372787
1.671469,	212.765366
1.671582,	204.946045
1.671696,	199.723221
1.671809,	194.502182
1.671922,	178.911255
1.672036,	222.952515
1.672149,	189.21788
1.672263,	152.903229
1.672376,	152.876953
1.672489,	186.529648
1.672603,	204.629288
1.672716,	181.285934
1.67283,	173.48671
1.672943,	160.512344
1.673057,	186.369385
1.67317,	173.397247
1.673284,	183.717743
1.673397,	181.099014
1.673511,	194.001297
1.673625,	155.174362
1.673738,	196.520386
1.673852,	240.437546
1.673966,	196.452805
1.674079,	183.496719
1.674193,	175.713104
1.674307,	201.5186
1.674421,	227.315216
1.674534,	198.866608
1.674648,	216.908066
1.674762,	152.325882
1.674876,	141.974274
1.67499,	203.891602
1.675103,	139.344971
1.675217,	180.601288
1.675331,	188.308945
1.675445,	116.060875
1.675559,	167.614639
1.675673,	154.69458
1.675787,	198.490555
1.675901,	182.992264
1.676015,	195.845322
1.676129,	164.893997
1.676243,	121.073181
1.676357,	177.715134
1.676472,	198.28566
1.676586,	154.481705
1.6767,	211.088654
1.676814,	211.052307
1.676928,	195.575775
1.677042,	234.135941
1.677157,	182.646042
1.677271,	167.182358
1.677385,	141.437637
1.677499,	159.411331
1.677614,	187.661667
1.677728,	151.645645
1.677842,	205.585785
1.677957,	213.258514
1.678071,	184.96347
1.678186,	208.048065
1.6783,	205.444168
1.678414,	172.029861
1.678529,	207.940567
1.678643,	166.837128
1.678758,	205.302628
1.678872,	248.886551
1.678987,	233.451263
1.679101,	223.151215
1.679216,	187.209564
1.679331,	217.946167
1.679445,	169.199615
1.67956,	156.354507
1.679675,	171.704041
1.679789,	204.984421
1.679904,	179.330444
1.680019,	189.545227
1.680133,	169.024704
1.680248,	158.753403
1.680363,	133.125061
1.680478,	163.817978
1.680592,	135.638382
1.680707,	212.378189
1.680822,	156.058258
1.680937,	184.168152
1.681052,	230.170486
1.681167,	204.560699
1.681282,	209.63855
1.681397,	178.928879
1.681512,	176.342331
1.681627,	194.198624
1.681742,	186.500702
1.681857,	191.577255
1.681972,	163.451065
1.682087,	196.618134
1.682202,	227.220703
1.682317,	188.892487
1.682432,	140.368835
1.682547,	196.482468
1.682663,	209.204956
1.682778,	165.804581
1.682893,	150.473572
1.683008,	186.147018
1.683123,	186.114899
1.683239,	206.475403
1.683354,	216.634323
1.683469,	244.627106
1.683585,	168.1521
1.6837,	196.143585
1.683815,	224.125397
1.683931,	173.157913
1.684046,	203.680008
1.684162,	170.552551
1.684277,	124.71093
1.684393,	213.753235
1.684508,	162.831482
1.684624,	129.733932
1.684739,	213.642517
1.684855,	218.691467
1.68497,	175.431442
1.685086,	193.195465
1.685202,	203.328506
1.685317,	182.96405
1.685433,	167.688065
1.685548,	172.739685
1.685664,	187.948929
1.68578,	195.534698
1.685896,	203.117828
1.686011,	159.927643
1.686127,	187.819061
1.686243,	220.776138
1.686359,	169.993622
1.686475,	190.258484
1.68659,	190.225601
1.686706,	207.944031
1.686822,	187.624374
1.686938,	162.241684
1.687054,	167.282806
1.68717,	157.117294
1.687286,	200.163223
1.687402,	192.528793
1.687518,	182.364166
1.687634,	202.591812
1.68775,	139.257782
1.687866,	177.206528
1.687982,	212.611069
1.688098,	177.145248
1.688215,	207.477112
1.688331,	141.667175
1.688447,	192.22934
1.688563,	159.32045
1.688679,	187.105927
1.688795,	204.769714
1.688912,	139.017105
1.689028,	192.063126
1.689144,	159.182678
1.689261,	161.681412
1.689377,	181.860107
1.689493,	237.38739
1.68961,	189.372055
1.689726,	207.010956
1.689843,	121.156174
1.689959,	174.131851
1.690075,	194.287415
1.690192,	156.41214
1.690308,	161.429749
1.690425,	174.011322
1.690541,	181.545593
1.690658,	173.95108
1.690775,	163.838593
1.690891,	146.169113
1.691008,	163.78186
1.691124,	168.792068
1.691241,	204.026718
1.691358,	173.770432
1.691474,	163.668442
1.691591,	196.368103
1.691708,	163.611755
1.691825,	193.783432
1.691941,	163.555084
1.692058,	155.979355
1.692175,	221.3517
1.692292,	181.07457
1.692409,	191.101151
1.692526,	143.301025
1.692642,	188.521317
1.69276,	160.843658
1.692876,	163.328522
1.692993,	173.349472
1.69311,	190.902557
1.693227,	170.777954
1.693344,	178.281372
1.693461,	140.591919
1.693578,	188.260117
1.693696,	168.149887
1.693813,	170.630005
1.69393,	170.600418
1.694047,	173.079239
1.694164,	198.12883
1.694281,	170.511703
1.694399,	107.804886
1.694516,	157.919296
1.694633,	145.360809
1.69475,	170.393463
1.694868,	202.933487
1.694985,	165.324539
1.695102,	197.854141
1.69522,	197.819824
1.695337,	127.684319
1.695454,	182.732132
1.695572,	175.1922
1.695689,	170.157181
1.695807,	162.622025
1.695924,	220.127014
1.696042,	170.068634
1.696159,	182.541992
1.696277,	177.51004
1.696394,	157.481583
1.696512,	187.445541
1.696629,	179.916489
1.696747,	187.380478
1.696864,	162.368225
1.696982,	209.793289
1.6971,	187.282928
1.697218,	184.753754
1.697335,	174.736725
1.697453,	124.790276
1.697571,	154.713074
1.697688,	154.686218
1.697806,	132.208801
1.697924,	157.126572
1.698042,	147.124741
1.69816,	152.085602
1.698278,	186.958023
1.698396,	162.002151
1.698514,	199.352631
1.698631,	176.89473
1.698749,	141.98941
1.698867,	161.889618
1.698985,	164.351685
1.699103,	117.017982
1.699221,	199.144943
1.69934,	176.710434
1.699458,	126.910797
1.699576,	186.601089
1.699694,	184.081085
1.699812,	149.229004
1.69993,	196.450699
1.700048,	139.231995
1.700167,	188.924866
1.700285,	198.833725
1.700403,	151.584366
1.700521,	245.971207
1.700639,	220.000977
1.700758,	178.445312
1.700876,	178.794876
1.700994,	188.695114
1.701113,	163.838318
1.701231,	158.845901
1.70135,	126.558311
1.701468,	178.639496
1.701587,	156.282379
1.701705,	141.373749
1.701824,	146.308792
1.701942,	171.077118
1.702061,	166.089478
1.702179,	173.49614
1.702298,	141.250854
1.702416,	203.167633
1.702535,	200.65506
1.702654,	170.898651
1.702772,	173.345276
1.702891,	173.315125
1.70301,	185.66246
1.703128,	180.680023
1.703247,	188.072495
1.703366,	210.307632
1.703485,	165.743057
1.703604,	145.927429
1.703722,	123.645798
1.703841,	170.601501
1.70396,	205.180573
1.704079,	165.598862
1.704198,	165.570038
1.704317,	163.07045
1.704436,	148.220047
1.704555,	155.603958
1.704674,	150.637924
1.704793,	222.213974
1.704912,	180.208832
1.705031,	194.986557
1.70515,	162.871796
1.705269,	152.974136
1.705388,	202.285385
1.705507,	209.649551
1.705626,	162.758362
1.705746,	179.989258
1.705865,	160.236481
1.705984,	152.814331
1.706103,	125.680214
1.706223,	194.647186
1.706342,	157.661392
1.706461,	137.929688
1.70658,	174.844666
1.7067,	155.116821
1.706819,	184.630692
1.706938,	135.372253
1.707058,	137.80954
1.707177,	191.915558
1.707297,	164.821808
1.707416,	127.899101
1.707536,	201.651886
1.707655,	162.276886
1.707775,	186.831711
1.707894,	167.136078
1.708014,	169.564392
1.708133,	181.819962
1.708253,	137.569489
1.708373,	191.581238
1.708492,	198.915054
1.708612,	169.416611
1.708732,	186.571259
1.708851,	174.266434
1.708971,	166.873947
1.709091,	176.659241
1.709211,	174.175262
1.70933,	181.503113
1.70945,	198.637665
1.70957,	154.469009
1.70969,	147.087677
1.70981,	166.670273
1.70993,	134.783325
1.71005,	154.361221
1.71017,	205.779053
1.71029,	232.685699
1.71041,	149.382629
1.71053,	161.598907
1.71065,	168.914825
1.71077,	254.551819
1.71089,	176.197418
1.71101,	195.740738
1.71113,	146.779922
1.71125,	203.010117
1.71137,	195.638229
1.711491,	185.823868
1.711611,	156.455948
1.711731,	183.314789
1.711851,	158.845078
1.711971,	212.570892
1.712092,	192.990433
1.712212,	200.28421
1.712332,	141.639694
1.712453,	195.330978
1.712573,	141.59021
1.712693,	170.854889
1.712814,	197.668991
1.712934,	178.115005
1.713055,	200.039429
1.713175,	187.809082
1.713296,	156.073776
1.713416,	185.305237
1.713537,	163.332642
1.713657,	190.115219
1.713778,	185.208099
1.713899,	153.500931
1.714019,	221.684814
1.71414,	168.06131
1.71426,	155.855698
1.714381,	187.48111
1.714502,	150.932434
1.714623,	172.811768
1.714743,	131.411316
1.714864,	199.51564
1.714985,	121.634605
1.715106,	172.690933
1.715227,	165.365219
1.715347,	158.042053
1.715468,	189.617294
1.715589,	211.459213
1.71571,	179.830414
1.715831,	167.650375
1.715952,	211.348282
1.716073,	160.30513
1.716194,	184.561493
1.716315,	194.241272
1.716436,	162.648605
1.716557,	169.901642
1.716678,	194.139343
1.716799,	148.005341
1.71692,	194.071396
1.717041,	174.633698
1.717163,	160.052872
1.717284,	172.147964
1.717405,	162.421051
1.717526,	198.749176
1.717648,	203.561081
1.717769,	167.181625
1.71789,	145.349869
1.718011,	152.590652
1.718133,	198.575272
1.718254,	138.009872
1.718376,	181.560135
1.718497,	229.935898
1.718618,	174.236694
1.71874,	193.562424
1.718861,	191.109421
1.718983,	186.238586
1.719104,	174.11467
1.719226,	176.502014
1.719347,	147.462143
1.719469,	128.100403
1.719591,	159.493317
1.719712,	173.962234
1.719834,	178.763184
1.719956,	166.655396
1.720077,	149.722076
1.720199,	176.254791
1.720321,	188.294037
1.720442,	193.088242
1.720564,	195.46759
1.720686,	185.782303
1.720808,	159.214066
1.72093,	197.776733
1.721051,	144.689316
1.721173,	151.897156
1.721295,	173.566315
1.721417,	183.176773
1.721539,	168.685867
1.721661,	175.884415
1.721783,	209.578934
1.721905,	156.554504
1.722027,	192.648682
1.722149,	178.168777
1.722271,	168.508469
1.722393,	197.361023
1.722515,	173.262207
1.722637,	173.231827
1.72276,	178.012589
1.722882,	182.791672
1.723004,	180.354874
1.723126,	163.493057
1.723248,	165.868271
1.723371,	158.628769
1.723493,	163.407013
1.723615,	264.288513
1.723738,	175.360687
1.72386,	175.32991
1.723982,	247.33989
1.724105,	156.060883
1.724227,	182.439163
1.724349,	187.207321
1.724472,	165.577408
1.724594,	225.529633
1.724717,	158.3228
1.724839,	211.059998
1.724962,	194.23703
1.725085,	203.793198
1.725207,	184.580246
1.72533,	184.547836
1.725452,	194.100632
1.725575,	194.066559
1.725698,	201.218857
1.72582,	174.838058
1.725943,	222.699768
1.726066,	174.776642
1.726189,	184.32106
1.726311,	203.435562
1.726434,	181.863373
1.726557,	177.046387
1.72668,	241.601944
1.726803,	246.34285
1.726926,	172.170563
1.727048,	167.358643
1.727171,	191.233398
1.727294,	184.0298
1.727417,	217.451553
1.72754,	179.186813
1.727663,	229.318802
1.727786,	186.288773
1.727909,	207.747116
1.728032,	176.67337
1.728155,	212.448196
1.728279,	195.704376
1.728402,	188.511307
1.728525,	167.005966
1.728648,	205.142685
1.728771,	164.562286
1.728895,	219.377792
1.729018,	174.040894
1.729141,	174.010284
1.729264,	190.662659
1.729388,	173.949081
1.729511,	192.978043
1.729634,	192.944092
1.729758,	207.199799
1.729881,	197.638596
1.730005,	190.461517
1.730128,	207.090454
1.730251,	204.674088
1.730375,	221.294662
1.730498,	230.772095
1.730622,	171.264603
1.730746,	214.043076
1.730869,	230.650284
1.730993,	204.458069
1.731116,	192.537079
1.73124,	163.984192
1.731364,	182.964645
1.731488,	159.174973
1.731611,	192.401535
1.731735,	201.867294
1.731859,	161.465408
1.731982,	180.429565
1.732106,	242.112823
1.73223,	211.218109
1.732354,	161.351715
1.732478,	173.185303
1.732602,	249.058273
1.732726,	206.326218
1.732849,	189.691833
1.732973,	213.365723
1.733097,	182.514084
1.733221,	173.00235
1.733345,	151.646561
1.733469,	172.941391
1.733593,	203.703278
1.733717,	184.721573
1.733842,	191.79245
1.733966,	198.860825
1.73409,	217.761566
1.734214,	196.424179
1.734338,	222.417099
1.734462,	170.332001
1.734587,	130.091797
1.734711,	151.352859
1.734835,	179.699829
1.734959,	160.755707
1.735084,	184.363754
1.735208,	222.142776
1.735332,	151.219482
1.735457,	174.816696
1.735581,	184.233749
1.735706,	207.816803
1.73583,	179.446503
1.735955,	179.414856
1.736079,	184.103821
1.736204,	184.07135
1.736328,	167.522568
1.736453,	195.801697
1.736577,	158.0289
1.736702,	183.941498
1.736827,	174.477814
1.736951,	200.378342
1.737076,	164.988342
1.737201,	167.315781
1.737325,	157.861679
1.73745,	160.189545
1.737575,	171.937851
1.7377,	186.03688
1.737824,	197.776459
1.737949,	167.138687
1.738074,	190.645691
1.738199,	162.373215
1.738324,	124.699432
1.738449,	148.201462
1.738574,	216.382965
1.738699,	162.258575
1.738824,	181.039185
1.738949,	188.059448
1.739074,	185.675903
1.739199,	197.392685
1.739324,	204.406311
1.739449,	164.435806
1.739574,	166.755417
1.739699,	185.511993
1.739824,	173.740036
1.739949,	157.277374
1.740075,	171.331635
1.7402,	173.647964
1.740325,	161.886383
1.74045,	114.942482
1.740576,	140.721024
1.740701,	168.835388
1.740826,	147.704865
1.740952,	171.119827
1.741077,	185.151733
1.741202,	173.402618
1.741328,	206.172073
1.741453,	199.108276
1.741579,	187.3629
1.741704,	140.49733
1.74183,	189.637863
1.741955,	138.106857
1.742081,	140.422821
1.742206,	187.197327
1.742332,	166.108246
1.742458,	154.383179
1.742583,	152.017151
1.742709,	166.020126
1.742834,	156.639175
1.74296,	170.636368
1.743086,	175.280334
1.743212,	193.942581
1.743338,	189.235779
1.743463,	184.53064
1.743589,	156.472977
1.743715,	203.145386
1.743841,	163.421387
1.743967,	121.377266
1.744093,	191.368744
1.744219,	154.001236
1.744344,	165.638672
1.74447,	170.274414
1.744596,	177.240616
1.744722,	198.19455
1.744848,	172.515289
1.744975,	179.477386
1.745101,	179.445602
1.745227,	188.734039
1.745353,	167.733887
1.745479,	186.337982
1.745605,	156.030426
1.745731,	179.286789
1.745858,	183.911011
1.745984,	158.275116
1.74611,	179.191559
1.746236,	158.219055
1.746363,	172.149063
1.746489,	155.837082
1.746616,	174.413589
1.746742,	134.855942
1.746868,	153.429581
1.746995,	165.023788
1.747121,	167.31842
1.747248,	202.140594
1.747374,	223.012161
1.747501,	183.4879
1.747627,	157.910965
1.747754,	188.066483
1.74788,	215.889923
1.748007,	167.110962
1.748134,	134.593292
1.74826,	155.450897
1.748387,	157.743088
1.748514,	148.437775
1.74864,	185.514313
1.748767,	169.251801
1.748894,	159.949356
1.749021,	134.426346
1.749147,	164.527206
1.749274,	150.596786
1.749401,	169.101776
1.749528,	203.812561
1.749655,	194.51384
1.749782,	166.696579
1.749909,	150.463272
1.750036,	175.895065
1.750163,	164.293869
1.75029,	150.383194
1.750417,	138.790634
1.750544,	136.453232
1.750671,	161.864944
1.750798,	143.340652
1.750925,	175.676712
1.751052,	150.22316
1.751179,	189.478653
1.751307,	152.480133
1.751434,	161.692642
1.751561,	210.163132
1.751688,	168.562469
1.751816,	189.310532
1.751943,	120.029266
1.75207,	154.625641
1.752197,	154.598175
1.752325,	133.807495
1.752452,	161.46312
1.75258,	166.04686
1.752707,	163.711578
1.752835,	175.209442
1.752962,	159.043472
1.75309,	188.974609
1.753217,	133.64122
1.753345,	122.098732
1.753472,	158.930481
1.7536,	161.205185
1.753727,	170.386627
1.753855,	221.002838
1.753983,	209.455048
1.75411,	174.898407
1.754238,	151.858459
1.754366,	172.535767
1.754494,	161.004761
1.754621,	167.875122
1.754749,	174.743027
1.754877,	149.424713
1.755005,	163.188736
1.755133,	172.351822
1.755261,	192.999725
1.755388,	169.993347
1.755516,	186.04071
1.755644,	192.89679
1.755772,	144.646866
1.7559,	133.14328
1.756028,	140.005096
1.756156,	151.453979
1.756285,	178.959229
1.756413,	158.281921
1.756541,	155.960236
1.756669,	167.398117
1.756797,	190.295502
1.756925,	208.600128
1.757053,	160.43309
1.757182,	148.947067
1.75731,	151.211655
1.757438,	164.928802
1.757567,	183.221619
1.757695,	119.072861
1.757823,	176.28804
1.757952,	194.569046
1.75808,	189.957138
1.758208,	169.329224
1.758337,	187.601685
1.758465,	157.831848
1.758594,	198.96994
1.758722,	187.501495
1.758851,	148.602768
1.758979,	187.434723
1.759108,	153.120621
1.759236,	182.798035
1.759365,	175.911774
1.759494,	203.290375
1.759622,	132.457764
1.759751,	150.700958
1.75988,	166.654709
1.760009,	159.777405
1.760137,	168.877457
1.760266,	189.382858
1.760395,	168.817276
1.760524,	166.506302
1.760653,	191.562149
1.760781,	157.326584
1.76091,	177.815735
1.761039,	175.504761
1.761168,	152.684723
1.761297,	173.163742
1.761426,	161.742554
1.761555,	184.490295
1.761684,	173.071152
1.761813,	163.932907
1.761942,	179.83876
1.762071,	157.046356
1.762201,	143.364578
1.76233,	195.669144
1.762459,	129.664566
1.762588,	156.934372
1.762717,	150.084366
1.762847,	118.227196
1.762976,	159.123611
1.763105,	179.550323
1.763234,	174.973526
1.763364,	193.118134
1.763493,	138.565933
1.763623,	190.778061
1.763752,	161.224121
1.763881,	227.035706
1.764011,	163.436539
1.76414,	158.868271
1.76427,	163.378204
1.764399,	170.155258
1.764529,	183.734879
1.764658,	179.166229
1.764788,	167.796646
1.764918,	183.636505
1.765047,	192.670578
1.765177,	140.511093
1.765307,	101.965652
1.765436,	181.239899
1.765566,	172.147156
1.765696,	185.704559
1.765826,	163.028549
1.765955,	176.582718
1.766085,	115.437309
1.766215,	208.202652
1.766345,	174.225449
1.766475,	174.194321
1.766605,	137.97345
1.766735,	162.824814
1.766865,	165.056778
1.766994,	194.41571
1.767125,	205.68219
1.767255,	187.566711
1.767385,	201.089813
1.767515,	176.204529
1.767645,	198.759323
1.767775,	169.366867
1.767905,	153.531845
1.768035,	151.246994
1.768165,	180.561142
1.768296,	189.555298
1.768426,	162.44693
1.768556,	187.23172
1.768686,	155.622635
1.768817,	191.674774
1.768947,	178.11293
1.769077,	137.505646
1.769208,	153.257568
1.769338,	155.483551
1.769469,	144.190826
1.769599,	180.206299
1.76973,	168.913177
1.76986,	162.127655
1.76999,	186.863724
1.770121,	135.058044
1.770252,	191.297989
1.770382,	182.263123
1.770513,	204.728088
1.770643,	159.70433
1.770774,	170.920517
1.770905,	157.398621
1.771036,	188.844543
1.771166,	218.031448
1.771297,	143.830048
1.771428,	125.828766
1.771559,	231.393631
1.771689,	202.152405
1.77182,	190.887543
1.771951,	215.552032
1.772082,	184.084396
1.772213,	181.8069
1.772344,	143.624176
1.772475,	179.498077
1.772606,	159.276001
1.772737,	190.648392
1.772868,	239.949692
1.772999,	192.82222
1.77313,	163.645355
1.773261,	181.54657
1.773392,	161.345825
1.773523,	185.962555
1.773655,	197.129791
1.773786,	188.13562
1.773917,	147.794357
1.774048,	230.607452
1.774179,	161.17244
1.774311,	143.238708
1.774442,	156.639252
1.774573,	190.170715
1.774705,	192.373535
1.774836,	156.555038
1.774968,	169.943573
1.775099,	156.498917
1.77523,	145.294373
1.775362,	178.791779
1.775493,	172.056229
1.775625,	156.386703
1.775756,	174.228226
1.775888,	223.329453
1.77602,	178.631516
1.776151,	207.621902
1.776283,	158.478607
1.776415,	156.218491
1.776546,	216.435364
1.776678,	194.087616
1.77681,	149.442947
1.776942,	209.628616
1.777073,	173.915939
1.777205,	220.699844
1.777337,	189.455765
1.777469,	202.792709
1.777601,	187.159683
1.777733,	160.393799
1.777865,	151.455841
1.777996,	222.689194
1.778129,	187.025345
1.778261,	149.148193
1.778393,	186.958206
1.778525,	206.952271
1.778657,	184.666183
1.778789,	173.510544
1.778921,	162.358917
1.779053,	148.987595
1.779185,	171.193802
1.779317,	146.711182
1.77945,	155.574829
1.779582,	228.876129
1.779714,	202.174622
1.779846,	164.376205
1.779979,	184.334778
1.780111,	153.214645
1.780243,	148.746902
1.780376,	210.871887
1.780508,	186.421646
1.780641,	168.636887
1.780773,	184.136139
1.780905,	161.921967
1.781038,	168.54599
1.78117,	181.819565
1.781303,	210.60675
1.781436,	146.289978
1.781568,	203.88269
1.781701,	170.610275
1.781834,	186.086838
1.781966,	208.202591
1.782099,	174.947311
1.782232,	157.20285
1.782364,	197.021667
1.782497,	181.492935
1.78263,	154.905121
1.782763,	157.089798
1.782895,	150.42514
1.783028,	161.456772
1.783161,	159.216385
1.783294,	161.398682
1.783427,	187.896164
1.78356,	196.702942
1.783693,	172.360321
1.783826,	183.376053
1.783959,	176.716202
1.784092,	176.684402
1.784225,	203.150497
1.784358,	216.360489
1.784491,	161.137482
1.784624,	187.592056
1.784758,	152.253204
1.784891,	178.699844
1.785024,	180.873444
1.785157,	163.197861
1.78529,	183.013306
1.785424,	167.548264
1.785557,	174.130661
1.78569,	204.952332
1.785824,	154.237411
1.785957,	134.38269
1.786091,	200.436432
1.786224,	182.782715
1.786358,	195.960617
1.786491,	162.90419
1.786625,	160.673843
1.786758,	182.651031
1.786892,	182.618134
1.787025,	158.387177
1.787159,	162.757492
1.787292,	180.320404
1.787426,	206.671494
1.78756,	153.876572
1.787694,	173.629395
1.787827,	195.572556
1.787961,	142.808136
1.788095,	171.338882
1.788228,	188.878036
1.788362,	180.060547
1.788496,	162.464371
1.78863,	147.069595
1.788764,	190.936523
1.788898,	151.405106
1.789032,	186.479904
1.789166,	206.187653
1.7893,	160.095566
1.789434,	160.066696
1.789568,	181.960815
1.789702,	192.887512
1.789836,	177.512161
1.78997,	175.289017
1.790104,	199.355286
1.790238,	199.319321
1.790372,	159.86467
1.790507,	124.803314
1.790641,	140.104752
1.790775,	166.34436
1.790909,	183.821121
1.791044,	190.351791
1.791178,	168.441864
1.791312,	142.165512
1.791447,	190.248734
1.791581,	135.555084
1.791716,	159.576355
1.79185,	174.846634
1.791985,	170.444687
1.792119,	190.077042
1.792253,	163.829926
1.792388,	203.112427
1.792523,	161.587158
1.792657,	183.390121
1.792792,	192.088287
1.792927,	207.330582
1.793061,	213.839233
1.793196,	229.072067
1.793331,	185.405792
1.793465,	183.191452
1.7936,	161.353775
1.793735,	180.94519
1.79387,	165.654816
1.794004,	183.059067
1.794139,	185.204865
1.794274,	165.565018
1.794409,	193.850296
1.794544,	178.571365
1.794679,	172.007172
1.794814,	204.629761
1.794949,	137.120682
1.795084,	187.146774
1.795219,	200.167328
1.795354,	145.747665
1.795489,	145.721313
1.795624,	156.567719
1.79576,	180.455154
1.795895,	182.596283
1.79603,	171.696396
1.796165,	178.18428
1.7963,	165.116531
1.796436,	178.119812
1.796571,	143.338791
1.796706,	178.055374
1.796842,	169.339096
1.796977,	160.625977
1.797112,	184.469421
1.797248,	175.756699
1.797383,	197.419327
1.797519,	182.200241
1.797654,	203.853836
1.79779,	171.292969
1.797925,	147.415359
1.798061,	203.743164
1.798196,	197.205017
1.798332,	179.835739
1.798468,	171.13797
1.798603,	158.111511
1.798739,	142.924255
1.798875,	192.696289
1.799011,	194.826126
1.799146,	190.462158
1.799282,	162.296295
1.799418,	209.865189
1.799554,	203.337677
1.79969,	188.161423
1.799826,	175.15303
1.799961,	231.333084
1.800097,	168.604782
1.800233,	222.604431
1.800369,	164.222046
1.800505,	172.833984
1.800641,	172.802673
1.800777,	179.250275
1.800913,	205.128799
1.80105,	161.914429
1.801186,	213.688309
1.801322,	211.491501
1.801458,	213.61084
1.801594,	187.684586
1.801731,	150.9832
1.801867,	187.616531
1.802003,	178.958023
1.802139,	189.704224
1.802276,	172.427109
1.802412,	159.466156
1.802549,	155.128113
1.802685,	189.566635
1.802821,	183.070923
1.802958,	213.185104
1.803094,	163.627563
1.803231,	170.055695
1.803367,	187.242538
1.803504,	208.726791
1.80364,	165.660278
1.803777,	159.177094
1.803914,	161.298859
1.80405,	154.818802
1.804187,	191.338501
1.804324,	191.303787
1.804461,	186.970871
1.804597,	236.35704
1.804734,	158.97496
1.804871,	154.650269
1.805008,	165.359833
1.805144,	195.389771
1.805281,	180.327042
1.805418,	201.757904
1.805555,	156.655884
1.805692,	180.228821
1.805829,	203.793198
1.805966,	218.769791
1.806103,	205.863586
1.80624,	145.793549
1.806377,	145.767059
1.806514,	186.462219
1.806652,	186.428329
1.806789,	190.679398
1.806926,	212.065506
1.807063,	162.768173
1.8072,	160.597305
1.807338,	194.822647
1.807475,	164.819977
1.807612,	190.471573
1.80775,	203.275406
1.807887,	164.730103
1.808024,	216.035278
1.808161,	192.47168
1.808299,	158.225723
1.808437,	230.88205
1.808574,	215.878204
1.808711,	192.331741
1.808849,	151.700775
1.808987,	205.079239
1.809124,	173.004135
1.809262,	179.379074
1.809399,	128.104599
1.809537,	183.583191
1.809675,	200.624191
1.809812,	194.185959
1.80995,	166.414825
1.810088,	194.115311
1.810226,	217.540207
1.810363,	181.250519
1.810501,	194.009354
1.810639,	164.131882
1.810777,	191.807556
1.810915,	189.64183
1.811053,	140.607666
1.811191,	191.702835
1.811329,	144.815765
1.811467,	198.020798
1.811605,	189.469284
1.811743,	146.865173
1.811881,	189.400284
1.812019,	165.961029
1.812157,	136.148361
1.812295,	172.281387
1.812433,	176.503098
1.812572,	165.840164
1.81271,	187.067642
1.812848,	197.660477
1.812986,	167.874542
1.813125,	159.345535
1.813263,	180.558701
1.813401,	199.640305
1.81354,	191.110138
1.813678,	208.059784
1.813817,	163.445755
1.813955,	182.516541
1.814094,	188.848969
1.814232,	176.08548
1.814371,	178.1745
1.814509,	212.073837
1.814648,	207.794479
1.814786,	167.477249
1.814925,	209.838287
1.815064,	201.323257
1.815202,	177.979691
1.815341,	197.013
1.81548,	154.616409
1.815619,	156.705872
1.815757,	203.257019
1.815896,	135.479965
1.816035,	167.202576
1.816174,	167.172073
1.816313,	165.025864
1.816452,	148.073105
1.816591,	215.724304
1.81673,	167.05011
1.816869,	173.362137
1.817008,	150.078857
1.817147,	196.54628
1.817286,	198.623428
1.817425,	169.010361
1.817564,	175.316238
1.817703,	156.277512
1.817842,	168.917831
1.817981,	204.775482
1.81812,	179.409668
1.81826,	192.038803
1.818399,	158.244843
1.818538,	183.530502
1.818678,	137.095444
1.818817,	215.095108
1.818956,	208.730652
1.819096,	166.532425
1.819235,	174.93248
1.819375,	181.222229
1.819514,	170.654877
1.819654,	176.9431
1.819793,	206.395905
1.819933,	141.081619
1.820072,	155.793015
1.820212,	170.499039
1.820351,	195.722382
1.820491,	172.540878
1.820631,	180.924438
1.820771,	157.754105
1.82091,	187.167313
1.82105,	147.183334
1.82119,	161.87207
1.82133,	197.573929
1.821469,	163.914352
1.821609,	155.480057
1.821749,	159.65303
1.821889,	157.523514
1.822029,	174.294144
1.822169,	180.560898
1.822309,	180.527878
1.822449,	170.000977
1.822589,	161.576309
1.822729,	186.72287
1.822869,	213.95784
1.823009,	182.460068
1.823149,	207.588989
1.82329,	146.753235
1.82343,	178.16774
1.82357,	188.613678
1.82371,	194.865143
1.82385,	175.975006
1.823991,	201.077484
1.824131,	165.439728
1.824271,	146.565323
1.824412,	159.098938
1.824552,	186.279129
1.824692,	175.781815
1.824833,	190.395432
1.824973,	186.176834
1.825114,	186.142731
1.825254,	184.017548
1.825395,	188.165298
1.825536,	198.58255
1.825676,	169.286728
1.825817,	173.434875
1.825957,	211.008606
1.826098,	187.993027
1.826239,	171.25116
1.82638,	158.691498
1.82652,	169.100739
1.826661,	173.244324
1.826802,	177.386368
1.826943,	169.007797
1.827083,	189.838165
1.827224,	164.774353
1.827365,	171.000259
1.827506,	185.563828
1.827647,	162.599152
1.827788,	170.906235
1.827929,	147.952667
1.82807,	152.092453
1.828211,	152.064575
1.828352,	156.202072
1.828493,	176.996552
1.828635,	181.12796
1.828776,	191.502487
1.828917,	160.249847
1.829058,	183.1091
1.8292,	195.557938
1.829341,	168.481766
1.829482,	187.167633
1.829623,	172.578476
1.829765,	172.546814
1.829906,	176.67215
1.830047,	166.249146
1.830189,	170.374115
1.83033,	184.884308
1.830472,	168.234604
1.830613,	166.127136
1.830755,	132.877319
1.830896,	190.976089
1.831038,	193.016479
1.83118,	186.755844
1.831321,	182.572189
1.831463,	190.835876
1.831605,	167.987686
1.831746,	167.956848
1.831888,	194.87709
1.83203,	180.331833
1.832172,	192.733109
1.832313,	188.55368
1.832455,	234.095078
1.832597,	142.916748
1.832739,	165.670135
1.832881,	155.287216
1.833023,	178.029968
1.833165,	169.718307
1.833307,	184.172607
1.833449,	182.069794
1.833591,	153.076004
1.833733,	159.252518
1.833875,	163.358917
1.834017,	194.340698
1.834159,	177.768387
1.834301,	169.468933
1.834444,	179.769348
1.834586,	169.406631
1.834728,	136.326599
1.834871,	165.213989
1.835013,	161.054016
1.835155,	177.539719
1.835298,	173.378998
1.83544,	171.283447
1.835582,	189.821442
1.835725,	189.786514
1.835867,	165.001404
1.83601,	226.83519
1.836152,	177.311249
1.836295,	154.603455
1.836437,	191.673004
1.83658,	158.667801
1.836723,	191.602478
1.836865,	154.489685
1.837008,	158.580215
1.837151,	181.201187
1.837293,	170.874207
1.837436,	160.55101
1.837579,	164.63739
1.837722,	187.240555
1.837865,	191.320511
1.838008,	220.080917
1.83815,	141.895203
1.838293,	172.710175
1.838436,	185.012543
1.838579,	197.310364
1.838722,	162.340088
1.838865,	184.910339
1.839008,	176.659561
1.839151,	203.326447
1.839294,	186.861588
1.839438,	174.508896
1.839581,	190.898087
1.839724,	162.130859
1.839867,	143.633789
1.84001,	178.483368
1.840154,	162.041245
1.840297,	159.960602
1.84044,	186.586304
1.840583,	184.501892
1.840727,	147.57431
1.84087,	172.13829
1.841014,	194.644318
1.841157,	163.880783
1.841301,	147.465515
1.841444,	200.679932
1.841588,	233.400955
1.841731,	163.759933
1.841875,	190.335815
1.842018,	184.161987
1.842162,	186.173889
1.842306,	153.411713
1.842449,	175.879639
1.842593,	171.757721
1.842737,	181.94783
1.84288,	222.793869
1.843024,	192.098709
1.843168,	177.760681
1.843312,	140.956589
1.843456,	171.567657
1.8436,	175.620193
1.843744,	161.295746
1.843888,	179.638046
1.844032,	165.31813
1.844176,	202.018188
1.84432,	185.65921
1.844464,	177.465591
1.844608,	195.787949
1.844752,	193.712723
1.844896,	138.631912
1.84504,	169.181244
1.845184,	185.453613
1.845329,	165.04361
1.845473,	156.864319
1.845617,	189.424515
1.845761,	203.644638
1.845906,	185.282394
1.84605,	170.998306
1.846194,	201.496475
1.846339,	203.494186
1.846483,	227.871368
1.846628,	189.179657
1.846772,	178.975616
1.846917,	172.842224
1.847061,	166.711105
1.847206,	160.58223
1.84735,	193.069504
1.847495,	178.810272
1.847639,	150.335388
1.847784,	172.650604
1.847929,	156.372223
1.848074,	164.465042
1.848218,	170.524796
1.848363,	207.027527
1.848508,	200.901321
1.848653,	133.909439
1.848798,	188.655685
1.848943,	172.39534
1.849087,	162.224426
1.849232,	182.468704
1.849377,	162.164398
1.849522,	180.374512
1.849667,	174.262222
1.849812,	190.437424
1.849957,	172.17218
1.850102,	180.241043
1.850248,	161.984436
1.850393,	178.149887
1.850538,	157.876358
1.850683,	165.941849
1.850828,	196.260727
1.850974,	196.224396
1.851119,	149.66925
1.851264,	179.974274
1.85141,	190.049988
1.851555,	141.500381
1.8517,	175.832184
1.851846,	139.427292
1.851991,	173.74675
1.852137,	195.933868
1.852282,	193.878021
1.852428,	179.707779
1.852573,	195.824997
1.852719,	220.01001
1.852864,	185.662109
1.85301,	183.610016
1.853156,	173.489395
1.853301,	179.508087
1.853447,	153.259384
1.853593,	167.34436
1.853739,	185.45575
1.853884,	173.328674
1.85403,	199.492538
1.854176,	167.220306
1.854322,	163.160645
1.854468,	165.144348
1.854614,	175.181641
1.85476,	150.990646
1.854906,	183.168015
1.855052,	173.071732
1.855198,	205.233063
1.855344,	177.030975
1.85549,	146.828003
1.855636,	193.053055
1.855782,	184.974854
1.855928,	176.899643
1.856075,	198.975174
1.856221,	158.748703
1.856367,	146.664627
1.856513,	164.715988
1.85666,	204.8526
1.856806,	182.72673
1.856952,	182.69281
1.857099,	190.687866
1.857245,	204.700546
1.857392,	188.61058
1.857538,	180.551071
1.857685,	208.598053
1.857831,	204.548553
1.857978,	178.445511
1.858124,	166.384567
1.858271,	188.400543
1.858418,	178.3461
1.858564,	162.284836
1.858711,	154.242126
1.858858,	164.227325
1.859004,	182.21843
1.859151,	172.174423
1.859298,	186.154037
1.859445,	196.12587
1.859592,	166.075729
1.859739,	152.041092
1.859885,	172.014526
1.860032,	165.983154
1.860179,	165.952316
1.860326,	195.907272
1.860473,	177.882706
1.86062,	203.827682
1.860767,	159.835129
1.860915,	163.800552
1.861062,	173.756073
1.861209,	195.688828
1.861356,	161.712738
1.861503,	185.635651
1.86165,	189.592545
1.861798,	185.566605
1.861945,	163.587433
1.862092,	163.556992
1.86224,	225.347595
1.862387,	163.496155
1.862535,	147.517853
1.862682,	151.476639
1.862829,	159.419418
1.862977,	151.420258
1.863124,	159.360092
1.863272,	203.146301
1.86342,	179.213379
1.863567,	209.04335
1.863715,	159.24147
1.863862,	155.231537
1.86401,	165.15152
1.864158,	175.06781
1.864305,	171.057144
1.864453,	163.070633
1.864601,	178.946625
1.864749,	166.985748
1.864897,	164.967087
1.865044,	200.705704
1.865192,	156.958389
1.86534,	192.68515
1.865488,	194.63533
1.865636,	184.670547
1.865784,	198.533493
1.865932,	214.376221
1.86608,	206.397888
1.866228,	166.674927
1.866377,	170.611572
1.866525,	146.777954
1.866673,	166.581757
1.866821,	198.274643
1.866969,	144.713516
1.867118,	190.272705
1.867266,	168.439209
1.867414,	158.501465
1.867563,	182.242706
1.867711,	202.014023
1.867859,	199.996185
1.868008,	197.979095
1.868156,	180.12738
1.868305,	174.156631
1.868453,	174.124146
1.868602,	172.113342
1.86875,	132.522339
1.868899,	181.937027
1.869048,	173.994247
1.869196,	146.286041
1.869345,	173.929321
1.869493,	191.681778
1.869642,	201.524658
1.869791,	215.31459
1.86994,	205.399429
1.870089,	155.995453
1.870237,	213.219788
1.870386,	159.884995
1.870535,	179.590347
1.870684,	187.449417
1.870833,	189.387207
1.870982,	177.517349
1.871131,	161.707825
1.87128,	175.479385
1.871429,	173.475296
1.871578,	187.239487
1.871727,	187.204514
1.871876,	151.705841
1.872025,	183.194916
1.872175,	189.069092
1.872324,	194.941071
1.872473,	192.935928
1.872623,	222.425354
1.872772,	194.831818
1.872921,	208.568817
1.873071,	167.217331
1.87322,	202.590179
1.873369,	180.920517
1.873519,	196.615982
1.873668,	198.545013
1.873818,	196.542465
1.873967,	153.27446
1.874117,	194.504288
1.874267,	210.18251
1.874416,	194.431564
1.874566,	227.776199
1.874715,	170.800201
1.874865,	168.805405
1.875015,	217.835983
1.875165,	170.704376
1.875314,	192.251709
1.875464,	180.447433
1.875614,	152.959427
1.875764,	164.694702
1.875914,	190.147583
1.876064,	188.152084
1.876214,	135.209
1.876364,	193.959229
1.876514,	237.016907
1.876664,	199.761978
1.876814,	176.22757
1.876964,	178.152298
1.877114,	156.588089
1.877264,	187.870529
1.877414,	211.314758
1.877565,	129.112625
1.877715,	215.1474
1.877865,	187.729843
1.878015,	189.649841
1.878166,	146.609009
1.878316,	175.897858
1.878466,	148.508148
1.878617,	166.063522
1.878767,	189.472275
1.878918,	191.38974
1.879068,	208.927185
1.879219,	175.700226
1.879369,	175.667297
1.87952,	167.8284
1.879671,	193.161606
1.879821,	197.026932
1.879972,	148.230103
1.880122,	232.053619
1.880273,	214.463135
1.880424,	189.082031
1.880575,	202.689117
1.880725,	185.113998
1.880876,	183.131088
1.881027,	183.096741
1.881178,	225.906799
1.881329,	161.609894
1.88148,	190.780716
1.881631,	161.549271
1.881782,	216.007294
1.881933,	215.966782
1.882084,	188.692322
1.882235,	163.373001
1.882386,	215.845245
1.882537,	180.809372
1.882689,	153.561935
1.88284,	221.554123
1.882991,	190.42305
1.883142,	198.158234
1.883293,	186.466858
1.883445,	215.561829
1.883596,	186.396851
1.883747,	205.774551
1.883899,	213.499527
1.88405,	205.697281
1.884202,	182.376541
1.884353,	192.041351
1.884505,	207.520874
1.884656,	213.299149
1.884808,	211.320358
1.884959,	176.390289
1.885111,	193.799057
1.885263,	189.887405
1.885414,	215.036133
1.885566,	224.680222
1.885718,	216.891876
1.88587,	182.000046
1.886021,	187.77327
1.886173,	220.640503
1.886325,	193.507919
1.886477,	181.863266
1.886629,	206.975647
1.886781,	203.068771
1.886933,	208.831467
1.887085,	158.527405
1.887237,	218.417435
1.887389,	210.646225
1.887541,	208.674438
1.887693,	216.362427
1.887845,	208.595963
1.887997,	169.93512
1.888149,	185.348892
1.888302,	181.453308
1.888454,	200.719086
1.888606,	165.948029
1.888759,	194.855774
1.888911,	190.961319
1.889063,	169.711441
1.889216,	204.386688
1.889368,	190.853531
1.889521,	177.325455
1.889673,	181.146255
1.889825,	159.918182
1.889978,	204.194412
1.890131,	213.785965
1.890283,	159.827881
1.890436,	198.303284
1.890589,	184.791565
1.890741,	167.435822
1.890894,	228.978271
1.891047,	176.991882
1.891199,	171.188156
1.891352,	194.233124
1.891505,	201.887482
1.891658,	209.538956
1.891811,	207.577469
1.891964,	197.930099
1.892117,	205.577972
1.89227,	194.013672
1.892423,	203.579941
1.892576,	176.658722
1.892729,	170.865906
1.892882,	176.592148
1.893035,	220.698563
1.893188,	216.819458
1.893341,	211.023392
1.893494,	220.573776
1.893648,	164.919724
1.893801,	230.077164
1.893954,	176.359238
1.894107,	189.742081
1.894261,	212.701004
1.894414,	220.324341
1.894568,	201.127762
1.894721,	174.277847
1.894874,	204.881454
1.895028,	206.757217
1.895182,	170.35112
1.895335,	147.35463
1.895489,	187.506866
1.895642,	179.81958
1.895796,	183.61087
1.89595,	202.698746
1.896103,	208.396164
1.896257,	238.94133
1.896411,	214.05101
1.896564,	223.564651
1.896718,	162.388107
1.896872,	196.739014
1.897026,	221.52832
1.89718,	185.208542
1.897334,	208.081635
1.897488,	190.864532
1.897642,	187.011917
1.897796,	160.265656
1.89795,	190.756409
1.898104,	244.12207
1.898258,	156.36116
1.898412,	209.71315
1.898566,	200.142914
1.898721,	207.728149
1.898875,	201.972687
1.899029,	209.554703
1.899183,	186.658905
1.899338,	184.719299
1.899492,	190.396286
1.899646,	182.74588
1.899801,	196.034042
1.899955,	203.608505
