1.51228618555486,	218.677119079179
1.51237287187259,	219.600361773807
1.51245956628407,	220.441411995558
1.51254627063536,	221.080738445839
1.51263298492817,	221.395495216159
1.51271970916422,	221.278535419419
1.51280655592875,	220.65815726652
1.51289318747285,	219.515765469927
1.51298005415822,	217.896004629193
1.51306681819722,	215.910558012105
1.51315359218801,	213.729660488546
1.5132403761323,	211.565603061895
1.51332728269287,	209.648324273917
1.51341408656223,	208.198028870821
1.51350101492449,	207.397803858627
1.51358783872599,	207.373185729559
1.51367478520238,	208.179306620092
1.51376162894268,	209.800456551114
1.51384859538718,	212.158725012536
1.51393545907315,	215.132318025296
1.51402244549264,	218.576611047468
1.5141094419087,	222.346246563795
1.51419644832304,	226.311670099405
1.5142833519339,	230.368881607286
1.51437037833701,	234.440436305039
1.51445741659323,	238.470420650316
1.51454446300517,	242.414428157257
1.51463151942402,	246.229625623969
1.5147185858515,	249.867893756632
1.51480566228933,	253.274492175872
1.51489274873924,	256.392890764111
1.51497984520295,	259.174520386094
1.5150669516822,	261.590688516419
1.51515406817872,	263.64315235678
1.5152411965458,	265.370018820729
1.51532844604145,	266.844595131121
1.51541547964111,	268.167140411633
1.51550263622417,	269.448668772231
1.51559002882955,	270.792463236911
1.51567720549215,	272.274658709818
1.51576439218413,	273.926706975576
1.51585170194444,	275.725800719734
1.51593890871336,	277.593039675814
1.51602612737033,	279.399556184634
1.51611346728661,	280.981251892099
1.51620081726697,	282.159011314526
1.51628806421079,	282.761140862725
1.51637543431148,	282.644949456607
1.51646270135306,	281.71533360685
1.51655020472248,	279.935382438315
1.51663749188179,	277.330950688141
1.51672490411225,	273.984547868051
1.51681232456399,	270.024455900722
1.51689975509372,	265.60753888696
1.5169871957032,	260.901000355993
1.51707464639416,	256.065800178122
1.51716199393558,	251.244842339712
1.51724946478169,	246.557134940224
1.51733706083008,	242.099398686429
1.5174244385927,	237.952384981956
1.5175120529894,	234.188354128595
1.51759956420611,	230.879566081292
1.51768708551652,	228.100063581786
1.51777461692238,	225.922818747381
1.51786215842543,	224.410317038792
1.51794971188562,	223.601410206671
1.51803738695196,	223.497976141668
1.51812495877036,	224.056196222891
1.51821265408258,	225.184575593574
1.51830035952691,	226.752848356469
1.51838796168929,	228.608886794822
1.51847568924953,	230.601467606388
1.51856331164584,	232.605004712012
1.51865105761021,	234.538486602741
1.51873870024725,	236.377020794664
1.51882646648207,	238.150432650183
1.51891412936686,	239.932081379088
1.51900191773992,	241.817612688896
1.51908971440035,	243.901155428766
1.51917752121048,	246.251745610663
1.51926533817205,	248.896179003559
1.51935316528683,	251.810785871596
1.51944100255658,	254.923240486141
1.51952885184514,	258.1234205816
1.51961670943034,	261.280885282952
1.51970457717579,	264.265788923172
1.51979245508326,	266.970064037124
1.51988034315451,	269.326043507811
1.51996824139131,	271.320243168174
1.52005615165879,	273.000460002035
1.52014407023219,	274.474718473031
1.5202321126679,	275.900934226266
1.5203200515979,	277.467704398347
1.52040811442007,	279.3658796654
1.52049596184721,	281.756530735227
1.52058404504995,	284.73689903091
1.5206720247014,	288.315336337049
1.52076012830477,	292.397286336318
1.52084824211769,	296.792142029892
1.52093625421062,	301.240319746233
1.521024274625,	305.459280327584
1.52111253287428,	309.201189014463
1.52120045985743,	312.311024617781
1.5212886247054,	314.768632743556
1.52137680164017,	316.708124944663
1.52146498693055,	318.401362685125
1.52155318244468,	320.208474506876
1.52164138818436,	322.501745184266
1.52172960415135,	325.577632644548
1.52181783221512,	329.575680882864
1.52190595470031,	334.423199448328
1.52199431530214,	339.819353011302
1.52208257219641,	345.266950043323
1.52217083932689,	350.144986892694
1.52225911856414,	353.812220174035
1.52234740617262,	355.720006542173
1.52243570402266,	355.512799410171
1.52252412615059,	353.096274252005
1.52261233045454,	348.660479834021
1.52270077497082,	342.652009054162
1.52278911381838,	335.704991272735
1.52287757700392,	328.540211604465
1.52296593636745,	321.855932146691
1.52305430785575,	316.226825154689
1.52314268772938,	312.030388542013
1.52323130614165,	309.409788640636
1.5233197065588,	308.277938149235
1.52340823327577,	308.355407117637
1.52349665423057,	309.236356544883
1.5235851996437,	310.464598172678
1.52367375534992,	311.609260901618
1.52376220713092,	312.325523879235
1.52385078528811,	312.393160765091
1.52393925762467,	311.73042994766
1.5240279687548,	310.382205710673
1.52411646166712,	308.491270926323
1.5242050810168,	306.256295520863
1.5242937087988,	303.890264128637
1.52438234688827,	301.583534679974
1.52447099528699,	299.479436224801
1.52455965587118,	297.664247234001
1.52464832489403,	296.170664922001
1.52473700423153,	294.990706572589
1.52482569388549,	294.092199562169
1.52491451012591,	293.43266146465
1.5250032204317,	292.966572600196
1.52509194105935,	292.642820490592
1.52518078644353,	292.395743894047
1.52526952960979,	292.133440745884
1.52535828122737,	291.728654533857
1.52544715764686,	291.019748351861
1.52553592993771,	289.82446458415
1.52562482893778,	287.965282479982
1.52571373642219,	285.304334354529
1.52580242521718,	281.778068862112
1.52589135340264,	277.423134628515
1.5259802938326,	272.387967195184
1.52606924275327,	266.92212770644
1.52615808746457,	261.347006405482
1.52624705899269,	256.011946024996
1.52633592441002,	251.246866824293
1.52642502941557,	247.319346050124
1.5265140301923,	244.408378892922
1.52660304322777,	242.595488623253
1.52669195010535,	241.875909193212
1.52678098201223,	242.181438036575
1.52687002618395,	243.408183980215
1.52695907886233,	245.438071362262
1.52704814192908,	248.149059170702
1.52713721538601,	251.411801739653
1.52722641585595,	255.076235575989
1.52731551011231,	258.956242436943
1.52740461476432,	262.819996531097
1.52749373169542,	266.39536949842
1.52758285714439,	269.392081263151
1.52767199299445,	271.538579499603
1.52776125406785,	272.625604727338
1.52785052745534,	272.545812800405
1.52793957969943,	271.317652507326
1.52802887204639,	269.085596860241
1.5281180618395,	266.097383782638
1.52820737504918,	262.658749876429
1.52829669869956,	259.080205047422
1.52838603467631,	255.625830594376
1.52847526428604,	252.47793745197
1.5285646192563,	249.724332238593
1.5286539846746,	247.37126202898
1.52874336242748,	245.374905601314
1.52883251878452,	243.68270556707
1.52892203052618,	242.270217110118
1.52901143962708,	241.165939041839
1.52910074227816,	240.452331356107
1.52919028543197,	240.246660388369
1.52927961086208,	240.666922845159
1.52936917496659,	241.78968724097
1.52945863448687,	243.616683027245
1.52954799127108,	246.054825876925
1.52963758681532,	248.918616858842
1.52972707774045,	251.954792094833
1.52981657913747,	254.881159816977
1.5299060928958,	257.433641955976
1.52999573039885,	259.408957432964
1.53008526323625,	260.695065846486
1.53017480844115,	261.282284685107
1.5302643622391,	261.255979083126
1.53035404173043,	260.772738990658
1.53044361839847,	260.027913558467
1.53053331890189,	259.220912332276
1.53062291466977,	258.528110527686
1.53071252281754,	258.085532664424
1.53080225484604,	257.98538857019
1.53089199739554,	258.2836945799
1.53098175235813,	259.014238269347
1.5310715159554,	260.203950150894
1.53116117474716,	261.883641369981
1.53125096127675,	264.08958014446
1.53134064108682,	266.855938629426
1.53143056403851,	270.197037749294
1.53152026488779,	274.087227811251
1.5316100916455,	278.439934785018
1.53169993083288,	283.097280274834
1.53178977866798,	287.831649143701
1.53187963704444,	292.363973675262
1.53196950785682,	296.397167339885
1.53205938732182,	299.660053482668
1.53214927733375,	301.953919354658
1.53223917978782,	303.192274713856
1.53232920640747,	303.424741724789
1.53241912808513,	302.839333984318
1.53250906221117,	301.739805342975
1.5325991205484,	300.50315522724
1.53268907580299,	299.524461384889
1.53277903972328,	299.159384860341
1.53286912979484,	299.677773019013
1.53295911674931,	301.237034428861
1.53304922799103,	303.879155549452
1.53313923419708,	307.552621727788
1.53322925286818,	312.149489315762
1.53331928021482,	317.549079311973
1.5334095494764,	323.654241375469
1.5334995998945,	330.411529659607
1.53358977469124,	337.806455775318
1.53367996199066,	345.838610754822
1.53377004227564,	354.479653243247
1.53386024888191,	363.626901501651
1.53395046799715,	373.066298680476
1.53404069582829,	382.454311276427
1.53413093427456,	391.327166862121
1.5342210694426,	399.137833467546
1.53431144491844,	405.314711457533
1.53440171712025,	409.333661892701
1.53449199804622,	410.787190987464
1.53458217374869,	409.441736618521
1.53467259367289,	405.270906956206
1.5347629064782,	398.462479661572
1.53485323181345,	389.3959440631
1.53494368178368,	378.598621168829
1.53503402649887,	366.686626311997
1.53512438375031,	354.298952710355
1.53521486568265,	342.035035311686
1.53530524422557,	330.402047877848
1.53539563150919,	319.77615115972
1.53548602943609,	310.382323174976
1.5355765559079,	302.292092310773
1.53566709115271,	295.439213262499
1.53575752295034,	289.649630118881
1.53584796349694,	284.681995386977
1.53593864680193,	280.273359763896
1.53602922665242,	276.183723838556
1.53611958312376,	272.231069293335
1.53621018431706,	268.312888800911
1.53630079429502,	264.411860286396
1.53639141496246,	260.582278291492
1.53648204822514,	256.923443825743
1.53657269027746,	253.545254973894
1.53666334492926,	250.534310465734
1.53675389219793,	247.928639623884
1.5368445682327,	245.706284564198
1.53693536926733,	243.791357068975
1.53702606481487,	242.074177582423
1.53711677297249,	240.43985661737
1.53720737368674,	238.798926155067
1.53729821950467,	237.110139411205
1.53738895788259,	235.392318287124
1.53747970887906,	233.719516085374
1.53757058498315,	232.20458033919
1.53766135551738,	230.974624020704
1.53775225500362,	230.144208645012
1.53784304698955,	229.794910453585
1.53793385160464,	229.962548795402
1.53802466503612,	230.63576897852
1.53811560748309,	231.762467642737
1.53820644238147,	233.261491391594
1.53829740441876,	235.03374152057
1.53838826270001,	236.972185467088
1.53847924624314,	238.966816889152
1.53857024245785,	240.90877112167
1.53866113106357,	242.693830846944
1.53875226527446,	244.228759395411
1.5388431753875,	245.443278772015
1.53893421465912,	246.302705769753
1.53902526279313,	246.822745066293
1.5391162051676,	247.077767298673
1.53920727674838,	247.199608971125
1.53929835719661,	247.36503408533
1.53938956691061,	247.770460931303
1.53948055234556,	248.600131228444
1.53957166705055,	249.99170993453
1.53966279062974,	252.010397245971
1.53975404353847,	254.634357202526
1.53984518870844,	257.757403104721
1.53993634658209,	261.206018396609
1.5400275133367,	264.768256709873
1.54011869279927,	268.226047906037
1.54020988114619,	271.384197292424
1.54030119700508,	274.090224393872
1.54039240887913,	276.243260303258
1.54048374638332,	277.791637626021
1.54057497987931,	278.725679403955
1.54066633903652,	279.067865980532
1.54075759416214,	278.867738497097
1.54084897498004,	278.200404593818
1.54094025174299,	277.170577222796
1.5410316542293,	275.91547300672
1.54112295263727,	274.60496797162
1.5412143767997,	273.432209840714
1.54130581372573,	272.596458972889
1.54139725958586,	272.277897168831
1.5414887182139,	272.611128861832
1.5415800688725,	273.663712667423
1.54167154919641,	275.425392415364
1.54176303846124,	277.813111980313
1.54185454050262,	280.689468947781
1.54194605148832,	283.891721655066
1.5420375752549,	287.263468920734
1.54212910796922,	290.681145570749
1.54222065346874,	294.068887561159
1.54231220791942,	297.398910311499
1.54240377515962,	300.678725948234
1.54249546840021,	303.93028209645
1.54258705740274,	307.168760779041
1.54267865536326,	310.386652514415
1.54277038320952,	313.549605501942
1.5428618858421,	316.604401163789
1.54295351836474,	319.494873785754
1.54304539411079,	322.183567624812
1.54313704843296,	324.670635272632
1.54322871172339,	327.004070313761
1.54332050499608,	329.28182850869
1.54341230726832,	331.64410446173
1.54350388798609,	334.259086936279
1.54359571207684,	337.305874441667
1.54368754901535,	340.96033974631
1.54377927771953,	345.381848332457
1.54387125375734,	350.702306890084
1.54396300429561,	357.016221737124
1.54405488494506,	364.365339324231
1.54414665731126,	372.721689939454
1.5442385598209,	381.96585661731
1.54433047134731,	391.868493038242
1.54442239573891,	402.078868903781
1.54451432915073,	412.128764841941
1.5446063927985,	421.455708663546
1.54469823073715,	429.447160071479
1.54479019891613,	435.499398117604
1.54488217612223,	439.085880201422
1.54497428362894,	439.820039446526
1.54506628468309,	437.503593044945
1.54515829476954,	432.149290977134
1.54525031774085,	423.976204039772
1.54534234974793,	413.37801956557
1.54543451213652,	400.871996112738
1.54552656608606,	387.039677895081
1.54561875044951,	372.468967674051
1.54571082634935,	357.709272517426
1.54580303269551,	343.241720925585
1.54589513055351,	329.467893318116
1.54598735889025,	316.709999212761
1.54607948064198,	305.219317143697
1.54617161144505,	295.183254723116
1.54626387277551,	286.728730156032
1.54635614318885,	279.919200635663
1.5464483088971,	274.746749603007
1.54654060132417,	271.123854563705
1.54663290669706,	268.881012313866
1.54672510347117,	267.772956218295
1.54681754857274,	267.496347734861
1.5469097673623,	267.719665218322
1.54700223453993,	268.117431583543
1.54709447728307,	268.408591533863
1.54718684685554,	268.386561248344
1.54727922938926,	267.941063627424
1.54737162102503,	267.064321370894
1.54746402562645,	265.843132560049
1.54755643933342,	264.438343876161
1.5476489838397,	263.055929062115
1.5477413037284,	261.91576209014
1.54783386841451,	261.221206781293
1.5479264461055,	261.137698504351
1.54801891505337,	261.778529478132
1.54811139698237,	263.200800948494
1.54820388802915,	265.409983758352
1.54829650998933,	268.369380592158
1.54838914303248,	272.012120936405
1.54848154931473,	276.251561441031
1.5485742045013,	280.98760432422
1.54866686884263,	286.110456892617
1.54875954620881,	291.498539490247
1.54885211472074,	297.015451634534
1.54894481426036,	302.506733249214
1.54903740685612,	307.80077454877
1.54913000858718,	312.713195542825
1.54922285946395,	317.057493695836
1.54931560145293,	320.660537625374
1.54940823838503,	323.378863640876
1.54950100450714,	325.115078387371
1.5495937798016,	325.830818591241
1.54968656814316,	325.552688151655
1.54977936566061,	324.371440649791
1.54987217622961,	322.434022863301
1.54996499791544,	319.930020057245
1.55005782878245,	317.074526723146
1.5501506727077,	314.089619068604
1.55024352581767,	311.186238477662
1.55033639199033,	308.547662942291
1.55042926928983,	306.315339572165
1.55052227404648,	304.577465910324
1.55061517361956,	303.361583675342
1.55070820068171,	302.630605185086
1.55080100422669,	302.286067278834
1.5508940555279,	302.176041073343
1.55098699771827,	302.112538987984
1.55108007134148,	301.892360197368
1.55117303582902,	301.323563897451
1.55126613178227,	300.250129551132
1.5513591205159,	298.573872099551
1.55145223686632,	296.26665318977
1.55154524791364,	293.373706194833
1.55163838855131,	290.004733149354
1.55173153843045,	286.317824493301
1.55182458297058,	282.497541038128
1.55191787368758,	278.732568575874
1.55201105907008,	275.19840873
1.55210413713533,	272.044427311942
1.55219734294533,	269.388535936336
1.55229056189349,	267.317484074261
1.55238367348776,	265.888956959648
1.55247703144036,	265.133368249845
1.55257016540678,	265.055053508413
1.55266354579207,	265.628482262849
1.55275682074699,	266.79613219306
1.55285010690941,	268.464747486496
1.55294340233649,	270.506356083547
1.5530368295708,	272.763293167444
1.55313014938187,	275.058659956806
1.55322347846297,	277.209362174954
1.55331682070701,	279.04155633897
1.55341029287881,	280.404675487183
1.55350365563214,	281.183554489209
1.55359703155518,	281.306503015857
1.55369041870393,	280.75164853026
1.55378393389868,	279.550653850389
1.55387746229851,	277.791235941183
1.55397088121741,	275.616899415556
1.55406443212546,	273.222601701808
1.55415787547551,	270.845375920014
1.55425144695201,	268.745856410852
1.55434491279387,	267.183898691265
1.55443862760835,	266.387583960501
1.55453223289551,	266.524100695124
1.55462561361794,	267.674913526211
1.55471924337632,	269.823493855064
1.55481300138644,	272.86001397533
1.55490665371831,	276.600301934717
1.55500019838166,	280.816401281997
1.55509387131649,	285.271579046413
1.55518755748817,	289.751542134249
1.55528125494872,	294.08349167253
1.55537496174922,	298.141061478824
1.5554686817934,	301.83607581096
1.55556241313258,	305.103089276283
1.55565627286878,	307.884752801835
1.55575002681818,	310.126173050607
1.55584391114908,	311.780786053319
1.55593756667004,	312.829229154666
1.5560314736378,	313.301227966282
1.55612527281809,	313.295579122944
1.55621908135461,	312.983669435691
1.55631302230752,	312.594649571651
1.55640685543599,	312.381064098496
1.55650081906086,	312.571174156971
1.55659467288262,	313.322649718245
1.55668865918743,	314.688098585218
1.55678253761849,	316.60613631675
1.55687654465695,	318.918612076676
1.55697056500438,	321.412534240114
1.55706447744104,	323.872438723604
1.55715839925207,	326.128754505471
1.55725257294231,	328.088118926406
1.55734651940306,	329.737637789382
1.55744059456852,	331.120949650347
1.55753468305672,	332.299627864382
1.55762878291379,	333.310802552333
1.55772289414181,	334.138571541715
1.55781701478573,	334.709196216097
1.55791114876158,	334.912282437603
1.55800529411455,	334.640746428891
1.55809944888892,	333.835522361386
1.5581936170021,	332.519348546468
1.55828779649859,	330.808211376602
1.55838198542196,	328.89775879657
1.55847618769104,	327.032186962456
1.55857052084775,	325.470614203941
1.55866474591237,	324.468405075266
1.5587590999382,	324.28340849692
1.55885322826492,	325.209957410529
1.55894760707238,	327.623518471257
1.55904199730862,	332.016036429662
1.55913627743042,	338.989405819819
1.55923057091637,	349.187949114978
1.55932499542222,	363.164112223236
1.55941942940403,	381.193609740176
1.55951375714308,	403.077889212781
1.55960821595169,	427.986725608787
1.55970268620361,	454.395580435689
1.55979704625259,	480.155441006669
1.55989153938265,	502.707976646885
1.55998604396227,	519.424247333586
1.56008043830098,	528.009476561568
1.56017484602694,	526.896943882314
1.56026950469724,	515.548409510233
1.56036405508115,	494.5934075127
1.5604586149613,	465.769610571423
1.56055318826699,	431.672931185336
1.56064777303681,	395.362428329878
1.56074236927285,	359.898434254369
1.5608369750125,	327.904383737638
1.56093159418699,	301.234950164784
1.56102622483396,	280.806921798569
1.56112086695548,	266.611628636925
1.56121563849208,	257.888239781438
1.56131030358329,	253.405993129648
1.56140498015533,	251.783973561661
1.56149966821028,	251.780449170469
1.56159436578365,	252.496047587793
1.56168919678728,	253.463037624128
1.56178403930922,	254.621950284611
1.56187865333966,	256.210266901435
1.56197351690782,	258.603733078402
1.5620682739328,	262.156997754682
1.56216316250499,	267.075922315109
1.56225806260598,	273.348288570614
1.56235285219054,	280.735196189096
1.56244777534061,	288.814740462398
1.5625425899178,	297.059917629116
1.56263753612558,	304.926011342317
1.56273249190321,	311.930872338593
1.56282746119148,	317.712319834946
1.56292244202326,	322.05894232292
1.56301731421968,	324.915472183359
1.56311243832579,	326.368738181315
1.56320733161989,	326.625139202243
1.56330235863193,	325.98399413269
1.56339739719802,	324.818030580212
1.56349256757432,	323.559699724468
1.56358750702913,	322.695332189885
1.56368258026975,	322.759812016921
1.56377766507285,	324.328147036642
1.5638728817531,	327.991975148453
1.56396798772953,	334.316608472537
1.56406310724711,	343.773227787891
1.5641582383356,	356.651630027473
1.56425350136827,	372.963095476663
1.56434865561958,	392.353276065442
1.56444381947437,	414.046850164215
1.56453911729717,	436.848806196169
1.56463430630101,	459.217728570426
1.56472962733288,	479.413514591358
1.56482495997979,	495.708723645289
1.56492018179511,	506.631123006199
1.56501553766357,	511.195953458559
1.56511078465032,	509.08243524941
1.56520616374905,	500.71211750243
1.56530155447346,	487.209157401254
1.56539683430227,	470.241073348094
1.56549224826945,	451.767576188549
1.56558767386866,	433.745793466693
1.56568311110204,	417.847808753135
1.56577855997172,	405.246959277676
1.56587389788176,	396.511327508509
1.56596937001546,	391.617697697174
1.56606485379184,	390.073326262461
1.56616034921304,	391.105790774846
1.56625585628117,	393.871679724948
1.56635137301978,	397.633302325687
1.56644690338795,	401.866815128663
1.56654244540944,	406.287344768365
1.56663799908641,	410.801028278656
1.56673356442098,	415.413501569827
1.56682926020336,	420.133571004983
1.56692496965666,	424.908338507085
1.56702044920868,	429.610886978067
1.56711606120948,	434.082331210964
1.56721180570542,	438.212573271789
1.56730744105966,	442.026890327318
1.56740320696157,	445.745713136021
1.56749886567755,	449.794972294306
1.56759465695626,	454.756083351874
1.5676903390428,	461.269917935454
1.56778615372588,	469.91819065093
1.56788185720906,	481.118852494185
1.56797769530485,	495.06165559294
1.56807342415794,	511.70310201042
1.56816940664982,	530.815099677525
1.56826515891395,	552.071704294867
1.56836104387617,	575.139583060208
1.56845693858016,	599.747912402674
1.56855272596191,	625.714938490906
1.56864864609259,	652.931597739938
1.56874457795539,	681.320035708793
1.56884064263063,	710.794529962111
1.56893647688601,	741.257988488232
1.5690325650659,	772.651076594963
1.56912842078537,	805.056965722328
1.56922453247831,	838.82958142057
1.56932053479371,	874.704456405946
1.56941654885633,	913.830581826715
1.56951257466831,	957.679836629306
1.56960861223182,	1007.80938615876
1.56970478276059,	1065.49269784217
1.56980072063474,	1131.27536065248
1.56989691470679,	1204.54178335426
1.56999312056869,	1283.20012006935
1.57008921695166,	1363.57552828503
1.57018532509911,	1440.57614681751
1.57028156631387,	1508.14218317691
1.57037781932716,	1559.93000972757
1.57047396082172,	1590.13032481645
1.57057023742346,	1594.28555814626
1.57066628310996,	1569.96478082629
1.57076258329418,	1517.1713664268
1.57085889528778,	1438.41280516997
1.57095509768816,	1338.41468822819
1.5710515547118,	1223.53164952215
1.57114777872128,	1100.95922451933
1.57124425940841,	977.876403426628
1.5713405090169,	860.662272568688
1.57143689189725,	754.295640802412
1.57153328660219,	662.01621414985
1.57162969313389,	585.263731236226
1.5717259899706,	523.867488886061
1.57182254168631,	476.415999444275
1.57191898171869,	440.719258495679
1.57201543557899,	414.269438477892
1.57211177969334,	394.629519970484
1.57220837881474,	379.700842944559
1.57230486819455,	367.85815213815
1.57240136941856,	357.962759530702
1.57249800413227,	349.291310828593
1.57259452906614,	341.421174251418
1.57269106585076,	334.111683483752
1.57278761249341,	327.212465656608
1.57288429468892,	320.611652144882
1.57298098877164,	314.224715882001
1.57307757301071,	308.01118352142
1.57317416911144,	302.002175297941
1.57327077707603,	296.321607530828
1.57336764046247,	291.186929410316
1.57346427219124,	286.885514143054
1.57356091579042,	283.725965434565
1.57365769108794,	281.977264089405
1.57375448028705,	281.806078913881
1.5738512813931,	283.225938019166
1.5739479725405,	286.070166955519
1.57404479745203,	289.993837734373
1.57414163427709,	294.506834915708
1.57423848301789,	299.030775536481
1.57433522174886,	302.971591269157
1.57443209431271,	305.794162564364
1.57452897879889,	307.088008954757
1.5746258752096,	306.611513453541
1.57472290353505,	304.30957897914
1.57481970181338,	300.303346680619
1.57491675602848,	294.853571193881
1.57501357814125,	288.309836897236
1.57511065625529,	281.050438996838
1.57520762427421,	273.430224846201
1.57530460423309,	265.739981037132
1.57540159613414,	258.187548759782
1.57549872208758,	250.899864158002
1.5755957378946,	243.944282343789
1.5756927656504,	237.360943505054
1.57578992751037,	231.199318091753
1.57588710135365,	225.548818404625
1.57598416299615,	220.555588840739
1.57608123859903,	216.421266806761
1.57617844837516,	213.383385947502
1.57627554791497,	211.680307941668
1.57637278166259,	211.506216571271
1.57647002740683,	212.967431886958
1.57656716287618,	216.047054966126
1.57666431031643,	220.587323652003
1.57676171433753,	226.295294481523
1.57685900807534,	232.773324206759
1.57695619148679,	239.56892119896
1.57705350922716,	246.238251126981
1.5771508389797,	252.411363608212
1.57724818074662,	257.845023253637
1.57734553453015,	262.452947940673
1.57744290033252,	266.305023389854
1.57754027815595,	269.59366201873
1.57763754355565,	272.572380449132
1.57773506786744,	275.477308286844
1.57783248176718,	278.449709139315
1.57792990769688,	281.473146061197
1.57802734565878,	284.343615114327
1.57812491817056,	286.679195603428
1.57822238021869,	287.971055314542
1.5783198543057,	287.665898021136
1.57841734043384,	285.266283491367
1.57851496118135,	280.427508795023
1.57861234882241,	273.032843180699
1.57870999369361,	263.229658947383
1.57880765064519,	251.423059837531
1.57890519704273,	238.224206007179
1.57900275549479,	224.36618959144
1.57910044867058,	210.603452479706
1.5791981539357,	197.613173909624
1.57929574859507,	185.915468127061
1.57939347803041,	175.82518004313
1.57949121956182,	167.442050215027
1.57958885044866,	160.676064452035
1.57968661616375,	155.301502449119
1.57978439398164,	151.029177983271
1.57988218390458,	147.581867498811
1.57997986313116,	144.762016082592
1.5800778000746,	142.500015845078
1.58017550349212,	140.878168063751
1.58027334184254,	140.122553960353
1.58037119230925,	140.568111251444
1.58046917777422,	142.59667291125
1.58056692960056,	146.558662788489
1.58066481441474,	152.686628328845
1.58076283830945,	161.017548122913
1.58086074940663,	171.335107351809
1.58095854766212,	183.145174189935
1.58105660597677,	195.693592751878
1.5811545534699,	208.028997135372
1.58125263610117,	219.101713030129
1.58135060788495,	227.889260589028
1.58144859180981,	233.525347851836
1.58154658787803,	235.413305235599
1.58164471915442,	233.30241117924
1.58174273953136,	227.314759582249
1.58184089515152,	217.916673486692
1.58193893984622,	205.843418932964
1.58203699669557,	191.989304631955
1.58213531197966,	177.286405199687
1.58223339317561,	162.593271394469
1.582331486533,	148.609195170131
1.58242971523885,	135.828554244093
1.58252795614123,	124.534318413425
1.58262621126233,	114.824203498193
1.58272435131401,	106.657970278382
1.58282275407069,	99.9102193526942
1.58292092052091,	94.41855761938
1.58301922242497,	90.0149604194251
1.5831175365392,	86.5433816137804
1.58321586286587,	83.8623821922288
1.58331420140726,	81.8411253587574
1.58341255216564,	80.3545696144736
1.58351091514329,	79.2826330075093
1.58360929034249,	78.5147855046862
1.58370767776552,	77.9583003006267
1.58380607741466,	77.5463419192447
1.58390461270667,	77.241750504058
1.58400303683018,	77.0346754924069
1.58410147318665,	76.9327443021264
1.58419992177834,	76.9487556504996
1.58429850608342,	77.0889142705319
1.58439697916777,	77.3475114833093
1.58449546449418,	77.709344235305
1.58459408558692,	78.1617735300733
1.58469259541969,	78.7122206677775
1.5847912410541,	79.4043752948178
1.58488977540238,	80.3292039523208
1.58498844558762,	81.6223223948855
1.58508700446056,	83.448668116077
1.5851856992058,	85.9726939150435
1.58528428261256,	89.3225642882014
1.58538300192696,	93.5528220230829
1.58548173353709,	98.6171385290566
1.58558047744524,	104.355561553491
1.58567923365371,	110.501913977824
1.58577787845819,	116.710823964928
1.58587665925879,	122.599836087203
1.58597545439508,	127.800957447702
1.58607413605982,	132.01088983039
1.58617295377379,	135.03218079381
1.58627190758556,	136.799264069928
1.58637074994549,	137.38410833085
1.58646960462414,	136.981073026896
1.58656847162382,	135.875387052339
1.58666735094682,	134.399488280965
1.58676624259545,	132.885110949709
1.58686514657203,	131.618600080036
1.58696406287884,	130.806089088625
1.58706299151821,	130.553196235327
1.58716205641507,	130.861149253863
1.5872610097419,	131.63912664176
1.58736009936178,	132.727799150575
1.58745920135437,	133.931459545349
1.58755819377,	135.050326471805
1.58765719649976,	135.908602820096
1.5877563355937,	136.374427736707
1.58785536303866,	136.369410642011
1.58795452688339,	135.866867363033
1.58805357905283,	134.88361744509
1.58815276765763,	133.46569117168
1.58825196865369,	131.67496356886
1.58835105793493,	129.577319482985
1.58845028370497,	127.235223661879
1.58854952187324,	124.705886459435
1.58864864828715,	122.042060941573
1.58874791124333,	119.294470338756
1.58884718864055,	116.514767934779
1.5889464764097,	113.755611423432
1.58904565237174,	111.068939137738
1.58914496494739,	108.501686296049
1.58924441418557,	106.091593019379
1.58934375160809,	103.863028046601
1.58944297717067,	101.824034189491
1.58954246371293,	99.9658562557563
1.58964183839992,	98.2655805918942
1.58974122551305,	96.6883426175459
1.58984074939595,	95.1917928521161
1.58994016342256,	93.7307072169774
1.59003958784394,	92.2606644499958
1.5901390247008,	90.7427296161125
1.59023847399546,	89.147697483571
1.59033806014937,	87.4602452832271
1.59043753434223,	85.6829852991405
1.59053714543015,	83.8378408113054
1.59063664453055,	81.9663540336601
1.59073615608045,	80.1250162273132
1.59083580457915,	78.3780784686783
1.59093534309181,	76.7876646296466
1.59103501654821,	75.4019831356193
1.59113470249465,	74.246518580276
1.59123440093347,	73.3180701210927
1.59133398729204,	72.585049263475
1.59143371070706,	71.9931817653492
1.59153332201531,	71.4771970073014
1.59163307041592,	70.9733163518868
1.59173283132065,	70.4324327025615
1.59183260677536,	69.8282530982608
1.59193239269566,	69.1600505733245
1.59203206644283,	68.4490690837838
1.59213187737222,	67.7294047338278
1.59223182553307,	67.0374254646949
1.592331536781,	66.4015913437602
1.59243151001197,	65.8347661666392
1.59253124627216,	65.3343748662599
1.59263112185007,	64.8847248617906
1.59273113270417,	64.4656338426348
1.59283115611962,	64.0609145230981
1.59293094244847,	63.6653791635045
1.59303086612156,	63.2873249324976
1.59313092718821,	62.9476612096867
1.59323087595352,	62.6738709555839
1.59333083930799,	62.4911586393141
1.59343093806306,	62.414540413299
1.59353092447685,	62.443424687021
1.59363104837443,	62.5592823762472
1.59373105990408,	62.7293455200411
1.59383120895363,	62.9122378803059
1.59393124560862,	63.0670114519301
1.59403142186877,	63.1600647589548
1.5941314836588,	63.1713332621812
1.59423168304101,	63.0952591099504
1.59433176997532,	62.9397749999864
1.59443211959846,	62.7207166503529
1.59453223170222,	62.4571291032999
1.5946324814705,	62.1642939113781
1.59473274589612,	61.8511830854441
1.59483289575642,	61.5189948815
1.59493318333553,	61.1624300457181
1.59503360868304,	60.773798770123
1.5951337963367,	60.347560022208
1.59523412176352,	59.8834153734813
1.5953344618635,	59.3898766617913
1.59543481253429,	58.8841166378857
1.59553530106413,	58.3900143111744
1.59563567700392,	57.9347175939699
1.5957360655739,	57.5430580112327
1.59583646677647,	57.2329616146994
1.59593688266805,	57.0113817224312
1.59603730914319,	56.8722892588405
1.59613774825807,	56.7971276521278
1.59623832535908,	56.7577100794383
1.59633878977638,	56.7216781458626
1.59643939221616,	56.6579269644167
1.59653988400103,	56.5434562667451
1.59664038638224,	56.3672518879214
1.59674102684049,	56.1327215179288
1.59684155454802,	55.8571293024422
1.59694209491441,	55.5671822496879
1.59704277341243,	55.2934477671302
1.59714334117665,	55.0639904083953
1.59724417055405,	54.8976519423723
1.59734476162746,	54.8015870817449
1.59744549090536,	54.7692071457043
1.59754610733863,	54.784066995544
1.59764686407129,	54.8241468404378
1.59774763145542,	54.8690580057639
1.59784841155164,	54.9056693270905
1.5979490787495,	54.9323761769219
1.59805000988993,	54.9595419275704
1.59815070249227,	55.0081995877611
1.59825166116542,	55.1031743464939
1.59835237918213,	55.2678382337367
1.59845323558575,	55.5156866127777
1.59855410471831,	55.8463856439871
1.59865511230605,	56.2430611704401
1.59875600898087,	56.6743366296742
1.59885679057521,	57.0987017021389
1.59895783641931,	57.4716560754305
1.5990587692488,	57.7547820098867
1.59915971482169,	57.9220086300718
1.59926067520301,	57.9651156571456
1.59936177210523,	57.8951736823131
1.59946275593895,	57.74091947529
1.59956375252574,	57.5428373842667
1.59966488775073,	57.3459545319836
1.59976603782934,	57.1917952166728
1.59986707272188,	57.1108036494156
1.59996812037714,	57.1170548516543
1.60006930674395,	57.2066628150694
1.60017050797512,	57.3597307975656
1.6002715939652,	57.5450028913015
1.60037281872186,	57.7264105992522
1.60047405628522,	57.8710799823173
1.60057518063165,	57.9552869459617
1.60067644586602,	57.9679719339265
1.60077759579045,	57.9121136803344
1.60087901064717,	57.8012330038641
1.60098018617497,	57.6557126681628
1.60108162877104,	57.4952531647507
1.6011828299122,	57.3351479138492
1.60128416998531,	57.1812883832345
1.60138552288701,	57.0307576424898
1.60148688861974,	56.8736706467798
1.60158826925455,	56.6978353038946
1.60168966065691,	56.4941654756938
1.60179106489761,	56.2613394122721
1.60189260821267,	56.0082466431015
1.60199404022301,	55.7540193162393
1.60209548300962,	55.5240953534167
1.60219693864432,	55.345172199329
1.60229840712957,	55.2388789765826
1.60239989053851,	55.216325006973
1.602501511062,	55.2746705947195
1.60260301812979,	55.3970955463476
1.6027045380579,	55.5546750617118
1.60280619929814,	55.7114828157819
1.60290774497049,	55.8308848263646
1.60300942992015,	55.8806812922637
1.60311112777198,	55.8385458247101
1.60321271415948,	55.6945160632483
1.60331443780721,	55.4513838754142
1.60341604789063,	55.124213059135
1.60351779734381,	54.7368763532368
1.60361943527939,	54.3194031950923
1.60372121054811,	53.9033192505294
1.60382299873618,	53.5186037379258
1.60392479984606,	53.1898789876971
1.60402661595514,	52.9337577165104
1.6041284429163,	52.7570347735941
1.60423015620437,	52.6562187676129
1.60433200901031,	52.6180625632046
1.60443400346078,	52.6226032050843
1.60453575550324,	52.6471256187542
1.6046376471192,	52.6697838970306
1.60473955167666,	52.6750473997902
1.60484159795393,	52.6562400811056
1.60494352841818,	52.617159727705
1.60504547183135,	52.5700096460114
1.60514743027372,	52.5320839483884
1.60524939959239,	52.5204711233014
1.60535138186737,	52.546723707751
1.60545337710115,	52.612890080168
1.60555551418661,	52.7099639269261
1.60565753536176,	52.8199459969587
1.60575969634691,	52.9195079890642
1.60586174347306,	52.9869247579079
1.60596380565031,	53.0074684160015
1.60606587872151,	52.9783192677214
1.60616809167713,	52.9098843546137
1.60627031972435,	52.824202035838
1.60637243176382,	52.7497904132799
1.60647455678682,	52.7146977510352
1.60657694874169,	52.7398224975907
1.60667910185327,	52.8344988615043
1.60678139287955,	52.9928565204778
1.60688369693161,	53.1959839392246
1.60698601609452,	53.4152628315897
1.60708821915207,	53.6181268684507
1.60719056228047,	53.773379890285
1.60729279135846,	53.856534664413
1.60739528973058,	53.8514326457671
1.60749767197391,	53.7517859479699
1.60760006726043,	53.5587834701698
1.60770235052618,	53.2796063057647
1.60780477189066,	52.9249687434451
1.60790733348913,	52.5085703505174
1.6080097830589,	52.0470744121478
1.60811211638364,	51.560310628862
1.60821471719802,	51.0716460485287
1.60831720385732,	50.6084448023369
1.60841970566609,	50.198956972941
1.60852234573512,	49.8691121723548
1.6086248716079,	49.6382185577854
1.60872741263844,	49.5138785157001
1.6088299646553,	49.4894384932213
1.6089326570934,	49.5433999485497
1.60903523736823,	49.6426502486318
1.60913795601416,	49.7474638236536
1.60924068777577,	49.8198483294637
1.60934330733366,	49.8310936138146
1.60944606531815,	49.7677325219527
1.60954870898273,	49.6353993669254
1.60965136783,	49.4572128269008
1.60975416515939,	49.2692630135584
1.60985684812759,	49.1131260718962
1.60995967379501,	49.026080597703
1.61006251050817,	49.0335463300251
1.61016536035964,	49.1429081308027
1.61026822544302,	49.3416667438182
1.6103711015789,	49.5996157961054
1.61047386327095,	49.8746710628696
1.61057676777666,	50.1204304136386
1.61067968334162,	50.2953076654412
1.61078261206,	50.3693829764354
1.61088555602701,	50.329245069428
1.61098851106004,	50.1794746908086
1.61109160694162,	49.9407815568839
1.61119446270508,	49.6462318800902
1.61129758494911,	49.3342963284267
1.6114005926578,	49.0442399722761
1.61150348787902,	48.8097428639837
1.61160664968555,	48.6550436799585
1.61170969691534,	48.5937860653817
1.61181275941891,	48.6275689088086
1.61191596082708,	48.7473754488058
1.61201904761707,	48.9358769114479
1.61212214968922,	49.16941923485
1.61222539072185,	49.4212952330042
1.61232851709481,	49.6651204530751
1.61243165875834,	49.877200247035
1.61253493943825,	50.0395529067123
1.61263810541699,	50.1423219825968
1.61274141464391,	50.1842070291666
1.61284473501033,	50.1731404772268
1.61294807071412,	50.1243915107446
1.61305128956355,	50.0580482519622
1.61315464963936,	49.9949570822178
1.61325789702978,	49.9536293486128
1.61336128358587,	49.946128614419
1.61346481145798,	49.9767278776226
1.61356809855632,	50.0418170943854
1.61367139677956,	50.1306798926762
1.61377496445612,	50.2290728591925
1.61387841939856,	50.3235062662705
1.61398175735944,	50.4038996463357
1.61408536698088,	50.4659627374526
1.61418873144636,	50.5129931634192
1.61429236554222,	50.5531992624726
1.61439588683591,	50.5987860061014
1.61449941930557,	50.6615451819687
1.6146030933001,	50.7501556398204
1.61470652619036,	50.8684061778695
1.61481009850822,	51.0133166906328
1.61491381451116,	51.1767254811525
1.61501741342382,	51.3469881990161
1.61512102562936,	51.5107949953449
1.61522478157788,	51.6557760470473
1.61532842039358,	51.7725003939554
1.61543220088635,	51.8545202797627
1.61553586842701,	51.8991840816345
1.61563954716881,	51.9062777597733
1.61574336975017,	51.8775132233323
1.61584720357026,	51.8160685647017
1.61595092227773,	51.725983781515
1.61605465640729,	51.611861462151
1.61615853024145,	51.4791088899347
1.6162624195364,	51.3340564456182
1.61636632008158,	51.1833098170548
1.616470233986,	51.0332416987858
1.61657403480166,	50.8894073165848
1.61667797541602,	50.7556052515668
1.61678193150541,	50.6344259015089
1.61688577024889,	50.5274298965787
1.61698975095562,	50.4357659939992
1.61709374714592,	50.3619098892234
1.61719788326221,	50.3099120702559
1.61730190622702,	50.2859294263415
1.61740581177474,	50.296689653298
1.61750985938134,	50.3474911182868
1.61761392248577,	50.4401934653054
1.61771799687045,	50.5703794717245
1.61782221551534,	50.7258549929584
1.617926316705,	50.8872035293673
1.61803043129263,	51.0291781421056
1.61813456139237,	51.124958343147
1.61823870278394,	51.151006255818
1.61834285969335,	51.0921244300789
1.61844715675537,	50.9453817406488
1.61855146937415,	50.7223624006274
1.61865566443785,	50.4482074876598
1.61875987291764,	50.1578760753851
1.61886422585216,	49.8906576046925
1.61896846118876,	49.6836673950056
1.61907284101905,	49.5644880714031
1.61917710322285,	49.5470255171836
1.61928150784475,	49.6282667352693
1.61938592804639,	49.7898230145572
1.61949023057864,	50.001443243659
1.61959467770208,	50.226791594115
1.61969900712751,	50.4313630943273
1.61980348118315,	50.5883373672216
1.61990796660104,	50.6842417011303
1.62001246761595,	50.7205634300149
1.62011685087561,	50.7127641378991
1.62022137672654,	50.6856379918054
1.62032591818313,	50.6677110235542
1.62043060018584,	50.6838211126838
1.62053503945562,	50.7497815956308
1.6206396192762,	50.8676481895234
1.62074434393619,	51.0261285560052
1.62084895077395,	51.2031936862759
1.62095357111575,	51.3708099023554
1.62105820708343,	51.5019321032303
1.62116285444142,	51.5766311962655
1.62126751743107,	51.5864631256127
1.62137219181573,	51.5359810034204
1.62147688183782,	51.4410538793714
1.62158171261538,	51.324483988195
1.62168642969709,	51.2107236102686
1.6217911581832,	51.1196821321187
1.62189603172425,	51.0630425776462
1.62200078728517,	51.0431083102253
1.62210568581832,	51.0532224570609
1.62221047058653,	51.0818763650586
1.62231539624371,	51.1159871640262
1.62242020810829,	51.1454075085144
1.62252516090003,	51.1641818693147
1.62263012939457,	51.1713341711102
1.62273497980832,	51.1688199297269
1.62283997545376,	51.1585596567775
1.62294498256297,	51.1407850532835
1.6230498757965,	51.1127822019082
1.62315491007188,	51.0695887836851
1.62325996006752,	51.0073249915786
1.62336502153638,	50.9262156270252
1.62346996694859,	50.8335893149636
1.62357505773024,	50.7442862663413
1.62368015999221,	50.6794039904808
1.62378527798901,	50.6613301659963
1.62389040747088,	50.7077849988386
1.62399555269342,	50.8259250102856
1.62410083916374,	51.0084838672879
1.6242058818646,	51.2341157901403
1.62431106581798,	51.4702363553943
1.62441639533214,	51.6812440653421
1.62452160655398,	51.8372504135209
1.62462683353403,	51.9214876697236
1.6247320720181,	51.935519942806
1.62483745614195,	51.8990556208157
1.62494272191569,	51.845477867573
1.62504800345934,	51.8125064418514
1.62515329651652,	51.8325173362484
1.62525873529254,	51.9235327218264
1.62536418562055,	52.0845846427556
1.6254695217871,	52.2957286122826
1.62557486947669,	52.5232406337748
1.62568036296429,	52.7288521985038
1.62578573798604,	52.8802206488711
1.62589125884539,	52.9585798575681
1.62599679127105,	52.9639396884716
1.62610220945169,	52.9140948666657
1.62620776926454,	52.8389454651533
1.62631334491626,	52.7727210701512
1.62641893214385,	52.7445698965123
1.62652440507066,	52.771670440756
1.62663001970678,	52.8554301160855
1.62673565019357,	52.983074381998
1.62684129226579,	53.131879681011
1.62694681998142,	53.2760755267702
1.62705261971362,	53.392987474844
1.62715830509512,	53.4688788859599
1.62726400207164,	53.4996726851293
1.62736971491655,	53.4902104747112
1.62747543936128,	53.4507269171074
1.62758117968029,	53.3927058337347
1.62768680127229,	53.3256867440268
1.62779269940777,	53.2552561648945
1.62789847882103,	53.1848143281654
1.6280044045029,	53.116617980739
1.62811021143346,	53.0554664580798
1.62821603425605,	53.0098246311759
1.62832186869768,	52.9924214961172
1.6284278494876,	53.0181455787897
1.628533711468,	53.101052894569
1.62863958935229,	53.2497397701861
1.62874560936649,	53.4644480200532
1.62885151480623,	53.735917164762
1.62895743401938,	54.04555394663
1.62906362597281,	54.3685023924786
1.62916957277453,	54.6784901820156
1.62927566180317,	54.9506341567128
1.62938163618725,	55.1659804894921
1.62948775283707,	55.3122203151995
1.62959388545149,	55.3844885439751
1.62969989909608,	55.3839920363842
1.62980605934843,	55.3162975250268
1.62991223129002,	55.1910651346066
1.63001841920814,	55.0214919582361
1.63012461882034,	54.8249813493749
1.63023083441502,	54.6236687196165
1.63033693309581,	54.4441782937147
1.6304431742173,	54.3151682759285
1.63054956212072,	54.2639724322703
1.63065570014939,	54.3114535176296
1.63076198496596,	54.4655781483819
1.63086828149361,	54.7185182591961
1.63097472488334,	55.0449458943103
1.63108091827162,	55.4055282320508
1.63118725852797,	55.7524469968817
1.631293741415,	56.039609548779
1.63140010942458,	56.2322779497411
1.63150649130645,	56.3143854105029
1.63161288491643,	56.2927766111418
1.63171942552896,	56.1955687951356
1.63182584691334,	56.0660973660888
1.63193241534047,	55.9520657407507
1.63203886451012,	55.8952945547417
1.63214546076273,	55.9215017759625
1.63225193772855,	56.0360562199669
1.63235856181755,	56.2234534761942
1.63246506873956,	56.4538288181436
1.63257158741162,	56.6914244031823
1.63267838439943,	56.9049808950163
1.632784930912,	57.0767478141379
1.63289162464839,	57.2050522883881
1.63299819899526,	57.3043289429013
1.63310492060624,	57.3980570398478
1.63321165616732,	57.5105893449529
1.63331827229479,	57.6577469116094
1.63342516699905,	57.8399576678569
1.63353181100525,	58.0416962958168
1.63363860237638,	58.2334515061819
1.63374540555877,	58.3807772543139
1.63385222485992,	58.4536725274825
1.63395905813034,	58.4358555194049
1.63406590321939,	58.3304329423381
1.63417276443627,	58.1603735551858
1.63427963747671,	57.9635615666889
1.63438665805779,	57.7835805203386
1.63449356123226,	57.6594085204563
1.63460047623769,	57.6152759534532
1.63470740738606,	57.6554317447051
1.63481435037031,	57.7636518102766
1.63492130950357,	57.9080597548164
1.63502841414351,	58.0496134374009
1.63513539913395,	58.1524031804015
1.63524253182692,	58.1913218240056
1.63534954484088,	58.1577811336129
1.63545657401901,	58.0591156084058
1.63556361505028,	57.9149061042658
1.63567080386512,	57.7498673063035
1.63577800673041,	57.5868006991957
1.6358850898429,	57.4407055626032
1.63599232079981,	57.3160398081652
1.63609943413311,	57.2087614770646
1.63620669103397,	57.1096105504446
1.63631396415782,	57.0102564298904
1.63642111745497,	56.9076200315708
1.63652841869807,	56.805777223962
1.63663573401372,	56.7157051285965
1.63674292945831,	56.6511824110444
1.63685040471305,	56.6230280327438
1.63695762828116,	56.6352708740967
1.63706513173468,	56.6804782836418
1.63717238559896,	56.7416342014253
1.63727978322838,	56.7938472148885
1.63738719711131,	56.8112016018279
1.63749462292655,	56.7725074022076
1.63760206500141,	56.6664397632483
1.63770952117654,	56.4938809422092
1.63781712125043,	56.2668011501408
1.63792447367516,	56.0048812330667
1.63803197216747,	55.72889958015
1.63813948260704,	55.4564354844545
1.63824714135287,	55.1975991738632
1.63835468004001,	54.9547503965932
1.63846223501127,	54.7237932533726
1.63856993618534,	54.4983931926051
1.63867751725619,	54.2745702988227
1.63878524673538,	54.0529769656823
1.63889285824774,	53.8404514286267
1.63900048172736,	53.6472155664838
1.63910825367661,	53.4831228812102
1.63921590544836,	53.3532897795115
1.63932370573063,	53.2536772112865
1.63943152019245,	53.1707463045793
1.63953921443216,	53.0831945711636
1.63964705724378,	52.9665580645267
1.63975478197191,	52.8005216175782
1.63986265097612,	52.5743178075436
1.63997053634225,	52.2916541270167
1.64007843590471,	51.9710127801529
1.64018621515575,	51.6427848831959
1.64029414310158,	51.342636467773
1.64040221762801,	51.1043327277735
1.64051003943987,	50.9525386733997
1.64061801000805,	50.8967778108868
1.64072599478937,	50.9309180910304
1.64083399161542,	51.0346413318107
1.64094200483119,	51.1784828344819
1.64105003009673,	51.3302680940271
1.64115807175817,	51.4613455155516
1.64126612764681,	51.551238271285
1.64137419559279,	51.5898400836677
1.64148227994396,	51.5770964487165
1.64159051109848,	51.5206687524074
1.64169862176766,	51.4331929301759
1.64180674885134,	51.3285216105353
1.64191502279922,	51.2197973920272
1.64202317621694,	51.1186230102426
1.64213134605847,	51.0341889125286
1.6422396628251,	50.9738950146148
1.64234785901672,	50.9439337943113
1.64245620434904,	50.9484118522964
1.64256443125225,	50.9897359821157
1.64267267024315,	51.0671753886457
1.64278105843658,	51.1767619052175
1.64288946093446,	51.3116840556375
1.64299774276755,	51.4629434097683
1.64310604105242,	51.6205633391969
1.6432146192755,	51.7752801695497
1.64332294397621,	51.9205037051104
1.64343128513804,	52.0514070970312
1.643539773469,	52.1652240568772
1.64364827394556,	52.2601910083715
1.64375679092766,	52.3338739744804
1.64386532223972,	52.3823815455876
1.64397386788459,	52.4003516100299
1.64408242568526,	52.381997959953
1.64419100000397,	52.3229330263978
1.644299588664,	52.2221901695482
1.6444081894875,	52.0836606233684
1.64451680683843,	51.9163308986579
1.64462543853921,	51.7330654511493
1.64473408241111,	51.5481146597772
1.64484274281984,	51.3740220641755
1.64495141758696,	51.2188530894071
1.64506010453288,	51.0845744367716
1.64516894117133,	50.967017344125
1.645277659048,	50.8581086311583
1.64538639129445,	50.7481444228947
1.64549526892906,	50.6293213159816
1.64560402994094,	50.4985134948986
1.64571280533115,	50.3575744201098
1.64582172617008,	50.2128500866541
1.64593053034284,	50.0732372539565
1.64603948218975,	49.9464817537896
1.64614831297145,	49.8374418382841
1.6462571603308,	49.745891479537
1.64636615542576,	49.6671038113627
1.64647516495434,	49.5938622681781
1.64658418673291,	49.5188584608798
1.64669309174387,	49.4376240748993
1.64680214457253,	49.3498826061443
1.64691107623045,	49.2605634617794
1.64702015793417,	49.1775415789894
1.64712912062491,	49.1100204345125
1.64723823121546,	49.0648430161896
1.64734735407406,	49.0451435416976
1.6474564935803,	49.049166036905
1.64756578108341,	49.0711897435799
1.64767481379321,	49.1043301896277
1.64778399669472,	49.142252478995
1.64789319406715,	49.1827192750259
1.6480024059134,	49.2282088241943
1.64811163004579,	49.2854968380114
1.64822100448878,	49.363377530317
1.64833012613265,	49.4700398079326
1.64843939371122,	49.6086662826142
1.64854881166307,	49.7760111783132
1.64865811042978,	49.9614846874588
1.64876742369047,	50.1476473335738
1.64887674925545,	50.313348348559
1.64898609151245,	50.4372807461546
1.64909558205472,	50.5016705010894
1.6492049533376,	50.4957845463405
1.64931447075331,	50.4169169599698
1.64942387107335,	50.2714725622789
1.64953341976126,	50.0728459586924
1.64964284913031,	49.8399778264852
1.64975242471365,	49.5935570188483
1.64986188314299,	49.3538847522418
1.64997149002287,	49.137281437746
1.65008111146696,	48.9547410796074
1.6501906113217,	48.8103034898979
1.65030026188482,	48.7003927539709
1.65040979302488,	48.6153674778864
1.65051947271893,	48.5404813081402
1.65062916479446,	48.4594698636788
1.65073887364858,	48.3574951220412
1.65084859708723,	48.2246789501071
1.65095833511333,	48.0588084102701
1.65106795142851,	47.8667674355027
1.65117771862011,	47.6635260896933
1.65128750040788,	47.4703011071902
1.65139743095112,	47.3099192871284
1.65150710558402,	47.2027027494194
1.65161693117749,	47.1609459203864
1.65172677137879,	47.1870786771722
1.6518367604186,	47.2721995554462
1.65194649341578,	47.3982947090437
1.65205651172123,	47.5404505160482
1.65216641040056,	47.6728340424754
1.65227632370229,	47.7717030890781
1.65238638374454,	47.8189321705579
1.65249632631743,	47.8036974405663
1.65260628352149,	47.7214963097119
1.65271625535964,	47.5731598484094
1.65282623963171,	47.3630961268359
1.65293637515305,	47.0981333257882
1.65304639092861,	46.7880064958788
1.6531565557923,	46.4455538280188
1.65326673534052,	46.0887684275263
1.65337679289346,	45.7410368870792
1.65348700180133,	45.4297479887734
1.65359709088852,	45.1839500287019
1.65370719463613,	45.0286032081162
1.65381744539122,	44.9791473662776
1.6539277130539,	45.0366733125293
1.65403799542168,	45.1848983787163
1.65414829249749,	45.3910980614783
1.65425846966262,	45.6109026918041
1.65436879393816,	45.7956746323343
1.65447913513747,	45.9024910170203
1.65458935638107,	45.9024838651899
1.65469986169845,	45.7863042246172
1.65481011235456,	45.5670805123714
1.65492064495354,	45.2758865455621
1.65503105978104,	44.956720758496
1.65514148934308,	44.6564538924886
1.65525193364262,	44.4165312288139
1.65536239268259,	44.2659871788194
1.65547272943645,	44.2179815161087
1.65558335278521,	44.2693175083841
1.65569385606392,	44.40472004084
1.65580437409488,	44.6006448847754
1.65591504177243,	44.8309363684603
1.65602558712314,	45.071373316373
1.6561361494463,	45.3014983893959
1.65624686147898,	45.5057546137834
1.6563573183878,	45.6735334520295
1.65646805999355,	45.7971557671317
1.65657867919569,	45.8729345803431
1.65668945040412,	45.8999134627143
1.65680010139189,	45.8814145963613
1.65691090221518,	45.8245973816795
1.65702158278763,	45.7411419562516
1.65713241102306,	45.6450594526787
1.65724312119177,	45.5512210690197
1.6573539812801,	45.4715469136829
1.65746472105723,	45.4132408718238
1.65757574595814,	45.3762965418182
1.65768651315758,	45.3551422715977
1.6577974325766,	45.3392389423138
1.65790836684034,	45.3178517086242
1.65801931595177,	45.2833583645672
1.65813014466135,	45.2345123879359
1.658241123459,	45.1772006771576
1.65835211489545,	45.1240260046957
1.65846312340907,	45.0906827785639
1.65857414678529,	45.0916974189793
1.6586851850271,	45.1360692788105
1.65879623813748,	45.2242048424535
1.65890730611942,	45.3470178143009
1.65901838675629,	45.4874553805532
1.65912961990563,	45.6238966673468
1.65924059710428,	45.7352688814804
1.65935172460205,	45.8042850946381
1.65946300245637,	45.8215717916928
1.6595741597483,	45.7867614039217
1.65968532971131,	45.7071358985854
1.65979651679092,	45.595711995813
1.65990785431169,	45.467893787074
1.66001907120942,	45.3388597797855
1.66013043859066,	45.2204745817535
1.66024168531851,	45.1209669211962
1.66035294473363,	45.0439676024503
1.6604643569187,	44.9893979866283
1.66057564840484,	44.9547034423183
1.66068709048042,	44.9349290948053
1.66079854751488,	44.9241993170149
1.66090988380482,	44.9159128100337
1.66102123279825,	44.9030305979813
1.66113287043347,	44.878806269699
1.66124425155398,	44.8383553771278
1.66135578339124,	44.7779855808917
1.66146733020545,	44.697043563215
1.6615787561839,	44.5976425738252
1.66169033294282,	44.4839415857589
1.66180192246065,	44.3619311484754
1.66191352919428,	44.2378154347523
1.66202515091996,	44.1170586442884
1.66213665173375,	44.0038260016154
1.66224830343431,	43.9004578318493
1.66236010607944,	43.8084818367843
1.66247178780348,	43.7293034324814
1.66258334632551,	43.6642882657955
1.66269519404659,	43.6146656715589
1.66280692080087,	43.5819336843326
1.66291866257138,	43.5656233666425
1.66303041936115,	43.5627247744214
1.66314219117321,	43.5669684788147
1.66325397801058,	43.5692409134545
1.66336591598431,	43.5590940037714
1.66347786902604,	43.5276687486517
1.66358956261762,	43.470471449589
1.66370140960456,	43.3889723065738
1.66381340781324,	43.292329310982
1.66392542110209,	43.1959616664462
1.6640373132562,	43.1182754721997
1.6641492204599,	43.0759597749629
1.66426127897081,	43.0795558553105
1.66437335257406,	43.1301576175997
1.66448530274713,	43.2178887509519
1.66459727021593,	43.3231333220906
1.66470938907748,	43.4207824443333
1.66482152304358,	43.4860639321828
1.66493353575255,	43.5001056422873
1.6650456999185,	43.4540513318927
1.66515787919815,	43.3516973129342
1.66527007359454,	43.2080124780187
1.66538228087405,	43.0455596637742
1.66549450551281,	42.8891556342894
1.6656066088025,	42.7604521679746
1.66571886367776,	42.6731398581749
1.66583113368505,	42.6315126098616
1.66594341882743,	42.6304664779746
1.66605571910796,	42.6582608847928
1.66616803452971,	42.700429566519
1.66628036509573,	42.7437667418437
1.6663927108091,	42.7793056836206
1.66650520605542,	42.8034984908968
1.66661758209078,	42.8181420787428
1.66672983662357,	42.8278995725655
1.66684237963419,	42.8376109107767
1.66695480114836,	42.8509471668931
1.66706723782828,	42.8677863738165
1.6671798264099,	42.8843830034064
1.66729229344896,	42.894571278076
1.66740491243278,	42.8906085891447
1.66751740984327,	42.8659688886801
1.66762992243486,	42.8161862679569
1.66774244796759,	42.7403620893279
1.66785512777399,	42.6412749244723
1.66796768594549,	42.525545739142
1.66808039619105,	42.4020557482868
1.66819312167007,	42.2816515945165
1.66830572546797,	42.1755200751568
1.66841848140466,	42.0934293513474
1.66853111562942,	42.0430252074839
1.66864390203613,	42.0274577721657
1.66875670369175,	42.0449667921857
1.66886952059936,	42.0877938810256
1.66898221573333,	42.1426949973886
1.66909506088901,	42.1919310594974
1.66920792355232,	42.2165477076503
1.66932080148001,	42.1993864792444
1.66943369467517,	42.1288719644172
1.66954660314089,	42.0021045957769
1.66965952688027,	41.8265504088581
1.66977232873792,	41.6198681819708
1.66988542019242,	41.4069291152239
1.66999838977139,	41.2167817886609
1.67011137463643,	41.0764055793059
1.67022423755789,	41.0064426430688
1.67033739023711,	41.0168165718305
1.67045042097897,	41.1062298686411
1.6705634670193,	41.2617511817334
1.67067652836123,	41.4622068015472
1.67078974233351,	41.6821099089509
1.67090283205498,	41.8965679411435
1.67101593933861,	42.084303373827
1.67112906193626,	42.2303468118948
1.67124233725112,	42.3262662088471
1.67135549050475,	42.3695612404631
1.67146879651907,	42.3609122971702
1.67158198044115,	42.30306793101
1.67169517969283,	42.1986903223881
1.67180853177041,	42.0504367508629
1.67192189922108,	41.8620224883559
1.67203514451749,	41.6395070243566
1.67214854270508,	41.3924610115462
1.67226195627515,	41.1354301241727
1.67237524764438,	40.8871184604723
1.67248869197013,	40.6681704380392
1.67260215168774,	40.4988718798979
1.67271562680036,	40.3952663029406
1.67282897964999,	40.3663623758848
1.67294248554332,	40.4118595780758
1.67305600684105,	40.5227312257568
1.67316954354631,	40.6824606715597
1.67328295566845,	40.8703742208211
1.67339652317919,	41.064942367012
1.67351010610687,	41.2479973388711
1.67362370445464,	41.4067241965931
1.67373731822563,	41.5346529462183
1.67385108525235,	41.6307695887424
1.67396459204985,	41.6980438146943
1.67407838997617,	41.7395775905509
1.6741920654902,	41.7579066363862
1.67430575644318,	41.7524683349402
1.67441946283824,	41.720322432094
1.67453332262028,	41.6574494196711
1.6746470599277,	41.5616306078025
1.67476081268665,	41.4342964414016
1.67487471889828,	41.2826559096097
1.6749885025885,	41.1203920448552
1.6751023017397,	40.9655888472762
1.67521611635504,	40.8382446512983
1.67533008451072,	40.7561769886224
1.67544393008256,	40.7316239847778
1.6755579292386,	40.7675778095161
1.67567180577957,	40.8575940052986
1.67578583594864,	40.9858685870804
1.67589988163836,	41.130951203297
1.67601380466612,	41.2695702221608
1.67612788138785,	41.3807471582688
1.67624197363974,	41.4502125574218
1.67635594318277,	41.4722542948071
1.67647006648568,	41.4496366244091
1.67658420532827,	41.3927265328061
1.67669835971371,	41.3161953050314
1.67681239132768,	41.2359416294489
1.67692657678952,	41.1656993552713
1.67704077780372,	41.1157975008384
1.67715499437348,	41.0920466779585
1.67726922650198,	41.0963354760975
1.67738347419238,	41.1277927188614
1.67749773744787,	41.1840340052741
1.67761201627164,	41.261968886445
1.67772631066685,	41.3578955135538
1.67784062063671,	41.4669464648316
1.67795494618439,	41.5822547832222
1.67806928731307,	41.6943766879383
1.67818364402594,	41.7914762978849
1.67829815488889,	41.8604376019334
1.67841254279859,	41.8895223266031
1.67852694630205,	41.8704140951404
1.67864136540245,	41.8012492773153
1.67875593874129,	41.6880315627973
1.67887038906405,	41.5452035997141
1.67898499366948,	41.3931655873096
1.67909947522739,	41.2559217539144
1.6792141111122,	41.1559055021169
1.67932862391804,	41.1105586869942
1.67944315234319,	41.1280577002426
1.67955783516161,	41.2058443331191
1.67967253364362,	41.3311147200636
1.67978724779243,	41.4827642912298
1.67990183878357,	41.6354583913001
1.68001658425662,	41.7637663733183
1.68013120654051,	41.8473946400191
1.68024598335064,	41.8736836715007
1.6803606369401,	41.8403449035975
1.68047544510015,	41.7545072893329
1.68059026894946,	41.631760277772
1.68070511076929,	41.4926171629932
1.6808199660071,	41.3588674036971
1.68093483694382,	41.2497805226353
1.68104972358269,	41.1789460414816
1.68116462592691,	41.1522114708885
1.68127954397972,	41.1670217309618
1.68139447774432,	41.2132262282678
1.68150942722395,	41.2751981799954
1.68162425330933,	41.3350247871626
1.68173937334116,	41.3754458437923
1.6818543699852,	41.3843556819775
1.68196938235716,	41.356218715043
1.68208441046027,	41.2939226285716
1.68219945429775,	41.2083373190631
1.68231465309956,	41.1162496025384
1.68242972843453,	41.0375538683563
1.68254481951357,	40.9905666583645
1.6826600656238,	40.9884555502363
1.68277518821973,	41.0365803409227
1.68289032656943,	41.1303977699145
1.68300562001723,	41.2563848354762
1.68312078990325,	41.3948947718077
1.68323611721691,	41.5233034860912
1.68335131865251,	41.6215149458308
1.68346667527552,	41.6752164571553
1.68358204770992,	41.6795679474731
1.68369729650327,	41.6397560409812
1.68381270055109,	41.5693730516248
1.68392798092615,	41.4880691248193
1.68404341660038,	41.4163144805884
1.68415872857012,	41.3718476636577
1.68427433543503,	41.3650102860866
1.68438967903156,	41.3981661258947
1.68450517801677,	41.4641648509332
1.68462069284265,	41.5496579717944
1.68473622351246,	41.6379700473842
1.68485163038248,	41.7133182373523
1.68496719273077,	41.7639081778752
1.68508291290798,	41.784810988546
1.68519836728197,	41.7786316258046
1.68531397720149,	41.7531925685237
1.68542974272729,	41.719905939678
1.68554538439624,	41.6902892336705
1.68566090215408,	41.6723205489602
1.68577671534752,	41.6681301767801
1.68589240463637,	41.6743778911646
1.68600810980506,	41.6821001719861
1.6861239707148,	41.6795798434025
1.68623970767218,	41.6558850224394
1.68635546051921,	41.6033497370493
1.68647137146844,	41.5202964282717
1.68658715612413,	41.4123879098963
1.68670295667929,	41.2912956095709
1.68681891311045,	41.1729594475298
1.68693474549362,	41.0748581809251
1.6870505937861,	41.0119610454583
1.68716645799116,	40.9943059698851
1.68728247816229,	41.0249502374422
1.68739851429106,	41.099900620427
1.68751442629205,	41.2088601485432
1.68763049432673,	41.3369484568532
1.68774658062611,	41.4680425067772
1.68786254045293,	41.5870806919274
1.68797865638111,	41.6818473650856
1.68809464810162,	41.7451224636898
1.68821079596863,	41.774173080752
1.68832695981964,	41.7711981618716
1.68844313965795,	41.7419421270449
1.68855933548687,	41.6946059984084
1.68867540702814,	41.6386895205144
1.68879177512972,	41.5831837085516
1.68890802125059,	41.5365841628352
1.68902428107526,	41.5046583729723
1.68914041654824,	41.4901514600797
1.68925670837113,	41.4914374903653
1.68937315660523,	41.502734655428
1.68948948047822,	41.5143994159112
1.68960567993542,	41.513614876445
1.68972203583309,	41.4864487279047
1.68983854823256,	41.4210838223421
1.68995493851,	41.3108286305417
1.69007148303174,	41.1560290553312
1.69018776256326,	40.9665904644917
1.69030433920085,	40.7603841928024
1.69042079134906,	40.5627402712491
1.69053725954413,	40.4012938412814
1.6906538843998,	40.3014981440949
1.69077038471792,	40.2819338631598
1.69088704174207,	40.3494788676092
1.69100357650257,	40.4982130380959
1.69112026570882,	40.7090126086009
1.69123683031323,	40.9535309647647
1.69135341098775,	41.1983980562445
1.69147014848194,	41.4114815932614
1.69158676132606,	41.5678068133238
1.69170353103534,	41.6528152503991
1.69182031917517,	41.6649843422333
1.69193712113264,	41.6146702358517
1.69205379837565,	41.5214707154371
1.69217063257491,	41.4095380528754
1.69228748290979,	41.3036942761207
1.69240434938364,	41.2249870490311
1.6925212319998,	41.1881153763411
1.69263798982094,	41.2004065147655
1.69275504798326,	41.2614911757128
1.69287183806712,	41.3658139808722
1.69298878526683,	41.5026076071249
1.69310574862557,	41.6587522321786
1.69322272814671,	41.8194648001365
1.69333972383358,	41.9694269207616
1.69345673568955,	42.0937454598322
1.69357390712757,	42.1789996947223
1.69369081023554,	42.2153398843871
1.69380787061922,	42.1970480597245
1.6939249471854,	42.125331786272
1.69404218111204,	42.0085768664656
1.69415929007282,	41.8627005855854
1.69427641754116,	41.7087062496632
1.69439370012398,	41.5698442811438
1.69451085769243,	41.4677864185392
1.69462803146354,	41.4176493268969
1.6947453627325,	41.4249655912931
1.69486256893857,	41.4844737551928
1.69497979135739,	41.58021030329
1.69509717366004,	41.6889914107624
1.69521456990441,	41.7855082022936
1.69533184102113,	41.8475677294318
1.69544926977328,	41.8605766737615
1.69556657336538,	41.8213639556614
1.69568403463883,	41.7376955130874
1.69580151450693,	41.6269042339052
1.6959190083351,	41.5111729682542
1.69603637693836,	41.4125256178115
1.69615390331486,	41.3474725502188
1.69627130443402,	41.3244670730726
1.69638886337237,	41.341888373461
1.69650644092762,	41.3901982459274
1.69662403246132,	41.4547253346345
1.69674164029761,	41.5199436354012
1.69685926443989,	41.5734096368212
1.69697676322739,	41.6085359922611
1.69709456397865,	41.6247803488375
1.69721223705955,	41.6276846303258
1.6973297847369,	41.6252490219233
1.69744763218341,	41.6248480244217
1.69756535423317,	41.6316383794972
1.69768309261266,	41.6459630122454
1.69780084964992,	41.6641095243695
1.69791862069942,	41.6798263050896
1.69803640808887,	41.6868056223473
1.69815435368246,	41.6811024004599
1.69827217378167,	41.6633420152989
1.69839001255727,	41.6383994337259
1.6985078653605,	41.6147731986332
1.6986258764603,	41.6020606659117
1.69874376200056,	41.6086531754945
1.69886180588363,	41.6384343216078
1.69897972650241,	41.6902661699187
1.69909766116425,	41.7571536889509
1.6992157542383,	41.828000887549
1.69933372167129,	41.8904236240928
1.69945184756278,	41.932748759026
1.69956984778056,	41.9474264678877
1.69968800883296,	41.9316125084185
1.69980618398647,	41.8882905737146
1.69992423341728,	41.8250180277032
1.70004244142245,	41.7518694302478
1.70016066819956,	41.6801324417311
1.7002787668742,	41.6201777931888
1.70039716642854,	41.5797796500858
1.70051529796247,	41.564935106228
1.70063358818676,	41.5783176103516
1.70075175490664,	41.6211076100672
1.70087007803091,	41.6923487141439
1.7009885599548,	41.7898179424988
1.70110677367753,	41.9100320061625
1.70122514620675,	42.0468961404954
1.7013435375455,	42.1926803365498
1.70146194302887,	42.3375915844845
1.70158036499431,	42.4705685864644
1.70169880344527,	42.5805112293097
1.7018174031943,	42.6577156469321
1.70193587464678,	42.6958995668351
1.70205436259511,	42.692620145386
1.70217300957576,	42.6500468612858
1.70229153054598,	42.5748525484862
1.70241007035965,	42.4762475339553
1.70252862434603,	42.3646968686473
1.70264733745797,	42.2498114794869
1.7027657818615,	42.1394118090964
1.70288453038828,	42.0373352985655
1.70300315046793,	41.945002928745
1.70312192976647,	41.8606236207641
1.70324058292327,	41.7814081783197
1.70335939534566,	41.7039512239735
1.70347808393362,	41.6263769725233
1.70359692949405,	41.5482296727373
1.70371564884697,	41.471742718848
1.70383452755897,	41.4007338546458
1.70395342520342,	41.3408514316514
1.70407233710113,	41.2982487552874
1.70419112272551,	41.2788064524586
1.70431006780255,	41.2866448974162
1.70442888891615,	41.3240207461718
1.7045480101178,	41.3895433395853
1.70466686206915,	41.4791855201106
1.70478587356682,	41.5846836162391
1.70490476103647,	41.6955583709223
1.7050238057555,	41.7992387399711
1.70514301013112,	41.8834375543786
1.70526208812506,	41.9381019890761
1.7053810420263,	41.9567953839567
1.70550029636025,	41.9379559427205
1.70561942426305,	41.8864641360283
1.705738568809,	41.8118971712204
1.70585773234832,	41.7274860087782
1.70597691019136,	41.6475819390876
1.70609610468802,	41.5849267508872
1.70621531584178,	41.5482509941783
1.7063345460042,	41.5407311634094
1.70645379048298,	41.5596968636369
1.70657319490024,	41.5975040095523
1.70669247273773,	41.6440614197579
1.70681176959915,	41.6886655379672
1.70693122412063,	41.7227633546768
1.70705055201272,	41.7419340682077
1.70717003996101,	41.7455485958494
1.70728940359748,	41.7369825493611
1.70740892498694,	41.7209990615618
1.70752831968079,	41.7026128988214
1.70764787452512,	41.6843133544894
1.70776730499272,	41.6659813880908
1.70788689330631,	41.6440361717423
1.70800635485803,	41.6135674474724
1.70812597900758,	41.5693343308683
1.70824561756131,	41.5087206777228
1.70836512930342,	41.4330099124475
1.70848480136123,	41.3476815277379
1.70860449254072,	41.262516982807
1.70872405450486,	41.189488811083
1.708843920508,	41.1397703256985
1.70896351598427,	41.1224389238248
1.70908327425005,	41.1407462776842
1.70920304694555,	41.1924636638121
1.70932283642958,	41.2696361795483
1.70944264506229,	41.3603080902672
1.70956246813432,	41.450958508827
1.70968230800549,	41.5291397633441
1.70980216467931,	41.5857123097817
1.70992204051727,	41.6161387398161
1.71004193080735,	41.6206211634972
1.71016183791071,	41.6031323775001
1.71028190808407,	41.5696254898321
1.71040170493063,	41.5267776525784
1.71052180642999,	41.4791749897725
1.71064178084233,	41.4302701806389
1.71076177444588,	41.3812550569755
1.71088192651928,	41.3324866633404
1.71100195145568,	41.2851225058275
1.71112199559492,	41.2415235557364
1.71124219827431,	41.2060794274087
1.71136227376671,	41.1850878153721
1.71148236847358,	41.1846715748702
1.71160262179093,	41.2091998737415
1.71172274787127,	41.2596820297051
1.71184303497158,	41.3316062867586
1.71196319716505,	41.4156923543305
1.71208351806289,	41.4981074945627
1.7122038558748,	41.5636803085033
1.71232406873077,	41.598663941704
1.71244444036158,	41.5934894167738
1.71256482891717,	41.545783888457
1.71268523676666,	41.4607980908118
1.71280551486357,	41.3508597712564
1.71292595419493,	41.232543828522
1.71304641283191,	41.1240437938029
1.71316674166515,	41.0412388979887
1.71328723180442,	40.9943433395722
1.71340774126102,	40.9869038821037
1.71352826530375,	41.0151684344369
1.71364880630341,	41.0695161804197
1.71376936426357,	41.1368286476136
1.71388994155671,	41.2032432477379
1.71401053344897,	41.2566516210843
1.71413114231248,	41.2884155559755
1.7142517705207,	41.2941209585961
1.71437255792122,	41.2733115343685
1.71449307313689,	41.2293222262993
1.7146138969166,	41.1669904545631
1.71473459071115,	41.0934589041144
1.71485530149847,	41.0162050935519
1.71497603165403,	40.9432034975641
1.71509692114362,	40.8822621651073
1.71521782767753,	40.8407496563309
1.71533846413939,	40.8245625653581
1.71545940473227,	40.8361533075115
1.71558036238027,	40.8748697068274
1.71570119465326,	40.9354638413954
1.71582204157421,	41.0081141252219
1.71594305036872,	41.079777227372
1.71606393373881,	41.1365886162701
1.71618497665595,	41.1656072041787
1.71630589174013,	41.158315494155
1.71642697116989,	41.1115618744843
1.71654792035748,	41.0292798387804
1.71666903156285,	40.9209140581772
1.71679016223635,	40.8004576196158
1.71691130762813,	40.6834113661371
1.71703232508595,	40.5843168517731
1.71715350703574,	40.514067628616
1.71727470371364,	40.479327851345
1.71739591987947,	40.4817613910118
1.71751715077999,	40.5187548219799
1.71763825366228,	40.5846024771745
1.71775952115869,	40.6711843375242
1.71788080339965,	40.7696181438832
1.71800224796438,	40.8702498193559
1.71812342164817,	40.9637939052568
1.71824490052004,	41.0404943374476
1.71836625131343,	41.0925861979306
1.71848747635205,	41.1142708621424
1.71860900671173,	41.1031073570348
1.71873026362287,	41.0623980400565
1.71885183070833,	40.9998726529345
1.71897326724861,	40.9288463726346
1.71909486871338,	40.864804393339
1.71921633959847,	40.8234801044637
1.71933782765099,	40.8165310684487
1.71945933525888,	40.8489872468979
1.71958085765751,	40.9173986149265
1.71970254271834,	41.0098748818759
1.71982424738764,	41.1086622372307
1.71994582137373,	41.1937187764534
1.72006741254912,	41.246964709602
1.72018916886996,	41.2565814952297
1.72031079445579,	41.2199237954378
1.72043258523625,	41.1430390508397
1.72055424524712,	41.0398080745476
1.72067606811414,	40.9274862576574
1.72079791062161,	40.8234971035522
1.72091962230761,	40.7416748194867
1.72104135121211,	40.6903118079247
1.72116339119002,	40.6728239613321
1.72128515458407,	40.691219311308
1.7214070833697,	40.748360825334
1.72152902704037,	40.8530568560402
1.72165084217543,	41.0217358570019
1.72177296861039,	41.2773622522498
1.72189481827165,	41.6468100274544
1.72201683344779,	42.1521119781317
1.72213886352565,	42.8028386984918
1.72226091089996,	43.5864566966416
