1.450163,	120.46833955
1.450303,	101.79361745
1.450442,	102.7425993
1.450581,	100.9491605
1.450721,	101.6870394
1.45086,	102.84627665
1.450999,	102.8456745
1.451139,	103.05581835
1.451278,	102.8444702
1.451418,	102.31722585
1.451557,	101.7902046
1.451697,	101.0528386
1.451836,	102.3157547
1.451976,	102.4205036
1.452116,	103.0512932
1.452255,	102.735063
1.452395,	102.6293112
1.452535,	101.6824028
1.452674,	101.7871744
1.452814,	102.41742955
1.452954,	102.1016674
1.453094,	102.94171105
1.453234,	102.3108547
1.453374,	102.3103649
1.453514,	102.3098753
1.453654,	102.30938585
1.453794,	103.46334455
1.453933,	102.41333445
1.454074,	102.9373497
1.454214,	102.62207755
1.454354,	101.9923565
1.454494,	103.45967485
1.454634,	102.62040995
1.454774,	103.03903105
1.454915,	102.72407055
1.455055,	101.7807453
1.455195,	102.51345995
1.455335,	102.72233735
1.455476,	103.3498581
1.455616,	101.5699128
1.455757,	102.6159662
1.455897,	102.615411
1.456038,	102.61485595
1.456178,	103.24173315
1.456318,	103.136495
1.456459,	103.0313017
1.4566,	101.35857085
1.45674,	103.65691415
1.456881,	102.71598795
1.457022,	103.34204445
1.457162,	103.55016825
1.457303,	103.13183595
1.457444,	102.81805365
1.457585,	102.60875455
1.457725,	103.54715235
1.457866,	101.98181115
1.458007,	102.7113756
1.458148,	103.12784555
1.458289,	103.0229414
1.45843,	104.06447105
1.458571,	102.81326635
1.458712,	104.1669163
1.458853,	103.0203718
1.458994,	103.54037285
1.459135,	103.8519394
1.459276,	104.8919636
1.459418,	103.01780355
1.459559,	102.7050415
1.4597,	103.3285736
1.459841,	104.6798111
1.459983,	103.11921045
1.460124,	103.6383045
1.460265,	103.9493187
1.460407,	103.5328491
1.460548,	102.9087858
1.46069,	103.73907165
1.460831,	102.6998657
1.460973,	104.04893645
1.461114,	103.32149695
1.461256,	102.90569115
1.461397,	103.11257765
1.461539,	103.63056715
1.461681,	102.9038353
1.461822,	102.07372625
1.461964,	103.1099268
1.462106,	103.31654855
1.462248,	102.90136185
1.462389,	103.4187336
1.462531,	102.1750942
1.462673,	102.17463075
1.462815,	103.3130169
1.462957,	102.17370395
1.463099,	103.41509245
1.463241,	101.3450526
1.463383,	101.65509645
1.463525,	102.48211555
1.463667,	102.7917845
1.463809,	102.9979439
1.463952,	102.27381725
1.464094,	101.44666605
1.464236,	101.65298005
1.464378,	103.4085438
1.46452,	102.58167935
1.464663,	102.2713932
1.464805,	101.858016
1.464947,	102.6832283
1.46509,	101.9604023
1.465232,	102.99155425
1.465375,	102.88778075
1.465517,	102.06226025
1.46566,	102.5772751
1.465802,	103.0920698
1.465945,	102.7822685
1.466087,	102.88469945
1.46623,	102.36906855
1.466373,	103.39837225
1.466516,	103.29468765
1.466658,	101.44111795
1.466801,	101.85247
1.466944,	102.8810045
1.467087,	102.36603375
1.467229,	102.0569811
1.467372,	101.64523315
1.467515,	102.5701275
1.467658,	101.02783125
1.467801,	102.4662678
1.467944,	102.67121885
1.468087,	101.84890995
1.46823,	103.38894385
1.468373,	103.9015854
1.468516,	103.07954045
1.46866,	103.5920288
1.468803,	103.2834381
1.468946,	102.46205195
1.469089,	102.3589617
1.469233,	101.94829065
1.469376,	102.3579525
1.469519,	103.0749321
1.469663,	101.7420887
1.469806,	102.5613468
1.469949,	103.0729582
1.470093,	102.15061035
1.470236,	101.63820955
1.47038,	103.3780838
1.470523,	103.2750164
1.470667,	102.1487692
1.470811,	102.96671255
1.470954,	102.3524061
1.471098,	102.9654419
1.471242,	101.9424597
1.471385,	102.45310765
1.471529,	102.6569639
1.471673,	102.86073265
1.471817,	102.247237
1.471961,	102.45100595
1.472105,	102.45048065
1.472249,	102.3478739
1.472393,	103.0617878
1.472537,	102.95909385
1.472681,	102.3463644
1.472825,	102.7538372
1.472969,	102.6512747
1.473113,	102.9565569
1.473257,	103.0578512
1.473401,	102.6495693
1.473545,	102.13957765
1.47369,	102.03725605
1.473834,	102.4441828
1.473978,	103.6654873
1.474122,	103.2575119
1.474267,	103.1550375
1.474411,	102.84909975
1.474555,	103.25541535
1.4747,	102.94958685
1.474845,	102.64388945
1.474989,	102.8466543
1.475134,	102.54111005
1.475278,	101.93082885
1.475423,	103.75922775
1.475567,	103.04736805
1.475712,	103.04671365
1.475857,	102.74145315
1.476002,	103.45145875
1.476146,	103.65370065
1.476291,	101.724988
1.476436,	102.9419943
1.476581,	101.01426275
1.476726,	103.2449436
1.476871,	103.75115965
1.477015,	102.8381052
1.47716,	102.7361561
1.477306,	103.9513756
1.47745,	102.43109305
1.477596,	103.34203415
1.477741,	104.55633925
1.477886,	103.74551775
1.478031,	104.04833755
1.478176,	103.33916015
1.478321,	103.6419365
1.478467,	102.832008
1.478612,	103.943734
1.478757,	103.13408835
1.478903,	103.4366474
1.479048,	104.4464691
1.479193,	103.63723715
1.479339,	104.5455681
1.479484,	104.3426079
1.47963,	104.4426422
1.479776,	104.3407383
1.479921,	104.0370266
1.480067,	103.83434945
1.480212,	104.6405815
1.480358,	104.7404423
1.480504,	104.03355025
1.480649,	102.92369385
1.480795,	104.03181265
1.480941,	104.1317173
1.481087,	103.9293236
1.481233,	104.33139765
1.481378,	105.13613165
1.481524,	103.92678375
1.48167,	104.8319229
1.481816,	103.82444765
1.481962,	105.9366783
1.482108,	104.92939875
1.482255,	105.5318054
1.482401,	103.3183674
1.482547,	104.2224663
1.482693,	104.22155535
1.482839,	105.42654345
1.482985,	104.9230236
1.483132,	104.31927225
1.483278,	106.12601775
1.483424,	105.9238865
1.483571,	104.5172436
1.483717,	104.9177147
1.483863,	105.1173332
1.48401,	104.0127285
1.484156,	105.3157173
1.484303,	105.91621935
1.48445,	105.1129158
1.484596,	106.41482315
1.484743,	105.31112825
1.484889,	104.20790975
1.485036,	104.80800095
1.485183,	105.80841295
1.485329,	106.70826875
1.485476,	106.6067177
1.485623,	109.00721435
1.48577,	106.80398025
1.485917,	107.60280535
1.486064,	108.4012848
1.48621,	109.49939955
1.486357,	110.09717865
1.486504,	110.7946495
1.486652,	110.09281385
1.486799,	112.5883133
1.486946,	113.3846771
1.487093,	113.9809662
1.48724,	114.77668305
1.487387,	114.77348635
1.487534,	115.8680832
1.487682,	116.3635391
1.487829,	120.6495117
1.487976,	121.5426544
1.488124,	120.7402893
1.488271,	124.62376405
1.488418,	125.8144745
1.488566,	130.4923523
1.488713,	129.7883667
1.488861,	133.0688843
1.489008,	134.7546448
1.489156,	137.6344177
1.489303,	138.0244293
1.489451,	144.48492125
1.489599,	145.4702606
1.489746,	145.95779115
1.489894,	148.4341919
1.490042,	152.79873655
1.49019,	155.86904295
1.490338,	161.4227539
1.490485,	162.60186155
1.490633,	167.8536621
1.490781,	171.61330565
1.490929,	174.2789734
1.491077,	170.19231565
1.491225,	168.7874573
1.491373,	163.016687
1.491521,	158.73668215
1.491669,	144.5389374
1.491818,	139.37221375
1.491966,	133.1170471
1.492114,	129.83852845
1.492262,	123.29080965
1.49241,	120.01584165
1.492559,	116.3460266
1.492707,	115.35202635
1.492855,	112.2789566
1.493004,	111.2862686
1.493152,	109.5021637
1.493301,	109.00530395
1.493449,	107.12352905
1.493598,	106.1328186
1.493746,	106.4281723
1.493895,	105.24029465
1.494044,	105.3380089
1.494192,	104.1508831
1.494341,	104.05117265
1.49449,	103.45756685
1.494638,	104.8395424
1.494787,	103.7522991
1.494936,	104.3438236
1.495085,	104.14547615
1.495234,	104.83533785
1.495383,	103.65037995
1.495532,	104.53732415
1.495681,	103.6487934
1.49583,	104.4367573
1.495979,	103.8443535
1.496128,	103.44931105
1.496277,	104.8279854
1.496426,	102.95526655
1.496575,	104.92437325
1.496724,	104.92330245
1.496874,	105.1191208
1.497023,	102.9526964
1.497172,	103.93607215
1.497322,	104.5254982
1.497471,	104.81959075
1.49762,	104.8185417
1.49777,	105.6040226
1.497919,	105.11132925
1.498069,	105.20849
1.498218,	105.01085245
1.498368,	104.61683885
1.498518,	104.61583365
1.498667,	105.1057682
1.498817,	104.12299155
1.498967,	104.02394865
1.499116,	104.21931955
1.499266,	105.199424
1.499416,	104.41364365
1.499566,	105.0010399
1.499716,	105.4901413
1.499865,	103.52860755
1.500015,	105.3897537
1.500165,	106.56426925
1.500315,	104.99559325
1.500465,	104.60277865
1.500615,	105.58087655
1.500765,	105.4817711
1.500916,	105.7741783
1.501066,	104.59876595
1.501216,	105.96730995
1.501366,	105.9660084
1.501516,	105.57357905
1.501667,	105.27908095
1.501817,	105.76662635
1.501967,	106.54711305
1.502118,	106.2525944
1.502268,	105.2744755
1.502419,	106.4451744
1.502569,	106.7366661
1.50272,	106.44236145
1.50287,	106.24577485
1.503021,	106.1468422
1.503171,	105.5602146
1.503322,	107.6070534
1.503473,	109.067968
1.503623,	106.04399185
1.503774,	107.21222155
1.503925,	108.76970445
1.504076,	107.69617005
1.504227,	109.0580696
1.504377,	107.69280775
1.504528,	108.66468735
1.504679,	107.59211195
1.50483,	108.46627425
1.504981,	107.7833786
1.505132,	107.6844063
1.505283,	109.82221985
1.505435,	109.52838745
1.505586,	109.23468245
1.505737,	108.55236205
1.505888,	110.59095
1.506039,	108.354335
1.506191,	110.7805626
1.506342,	110.29269945
1.506493,	109.31965105
1.506645,	110.67643125
1.506796,	111.3533554
1.506948,	111.3508713
1.507099,	114.06424105
1.507251,	113.8672165
1.507402,	114.93065645
1.507554,	116.67214815
1.507705,	119.6727051
1.507857,	119.6683975
1.508008,	122.86071775
1.50816,	126.0516388
1.508312,	127.304657
1.508464,	129.8155792
1.508616,	127.8733948
1.508767,	129.0284271
1.508919,	130.473172
1.509071,	128.82227175
1.509223,	128.52586365
1.509375,	125.81266785
1.509527,	128.12674255
1.509679,	127.5407715
1.509831,	125.79570005
1.509983,	126.17641295
1.510136,	127.3295227
1.510288,	129.7372711
1.51044,	127.4140686
1.510592,	129.04868165
1.510744,	127.98096315
1.510897,	128.6500824
1.511049,	129.8975647
1.511201,	131.7230377
1.511354,	134.0297119
1.511506,	134.0222473
1.511659,	136.32740175
1.511811,	139.4022461
1.511964,	138.91201475
1.512116,	145.5478821
1.512269,	150.6404358
1.512422,	158.52210695
1.512574,	164.4756592
1.512727,	177.73865355
1.51288,	193.97770385
1.513032,	210.01728515
1.513185,	218.16568605
1.513338,	215.73657225
1.513491,	205.0434204
1.513644,	190.41550295
1.513797,	179.06016235
1.51395,	157.6253662
1.514103,	146.3782257
1.514256,	136.8640259
1.514409,	132.82480775
1.514562,	126.484375
1.514715,	122.54514465
1.514868,	121.77286225
1.515022,	120.04197235
1.515175,	116.5861191
1.515328,	115.3363907
1.515481,	111.8830887
1.515635,	113.7966812
1.515788,	112.06944045
1.515942,	110.6302635
1.516095,	110.4364311
1.516249,	110.5298607
1.516402,	110.52754365
1.516556,	111.6734337
1.516709,	110.61857375
1.516863,	111.95522155
1.517016,	111.18762435
1.51717,	112.61915665
1.517324,	112.6163788
1.517478,	113.56917725
1.517631,	112.70635985
1.517785,	111.5573761
1.517939,	112.4142807
1.518093,	112.8889145
1.518247,	113.6496948
1.518401,	111.45176545
1.518555,	113.2620392
1.518709,	113.068338
1.518863,	114.6867203
1.519017,	115.6369568
1.519171,	116.3961212
1.519325,	116.0112854
1.519479,	118.29457855
1.519634,	121.2437073
1.519788,	124.0010498
1.519942,	129.7090332
1.520097,	133.22489015
1.520251,	137.1199127
1.520405,	137.3020447
1.52056,	138.05491335
1.520714,	133.100473
1.520869,	129.2893585
1.521023,	124.9094757
1.521178,	123.097966
1.521332,	119.38660585
1.521487,	116.81701965
1.521642,	117.19326935
1.521796,	115.9548706
1.521951,	115.09681245
1.522106,	113.8594223
1.522261,	114.23598785
1.522416,	111.4811615
1.52257,	111.7632202
1.522725,	111.95030975
1.52288,	110.43050535
1.523035,	111.37621995
1.52319,	110.71024015
1.523345,	109.28647535
1.5235,	109.8528572
1.523656,	109.56652605
1.523811,	110.3219887
1.523966,	111.07711715
1.524121,	110.033461
1.524276,	110.78831785
1.524432,	108.32598345
1.524587,	109.2700676
1.524742,	110.87573545
1.524898,	110.11692505
1.525053,	109.9256279
1.525209,	111.8136101
1.525364,	112.09446105
1.52552,	111.3360489
1.525675,	112.65578765
1.525831,	111.7087349
1.525986,	112.36697465
1.526142,	114.91259155
1.526298,	114.5318405
1.526453,	115.94375
1.526609,	116.2231842
1.526765,	117.72839205
1.526921,	120.92995605
1.527077,	121.96216125
1.527233,	126.00950315
1.527389,	127.32277525
1.527545,	133.5336334
1.527701,	133.43203125
1.527857,	138.03816225
1.528013,	141.3243927
1.528169,	147.71486205
1.528325,	152.1265808
1.528481,	159.8288086
1.528637,	170.2550537
1.528794,	185.5661743
1.52895,	198.23827515
1.529106,	212.596521
1.529263,	217.0819336
1.529419,	221.8471924
1.529575,	232.4336548
1.529732,	239.72877195
1.529888,	253.4985718
1.530045,	273.08171385
1.530201,	288.6209717
1.530358,	299.36848145
1.530515,	307.6724121
1.530671,	315.3161865
1.530828,	314.33083495
1.530985,	308.00288085
1.531142,	316.29748535
1.531298,	303.3194702
1.531455,	304.3984375
1.531612,	299.95131835
1.531769,	312.2665039
1.531926,	314.6532959
1.532083,	322.7480957
1.53224,	336.07927245
1.532397,	357.63688965
1.532554,	373.85375975
1.532711,	392.86867675
1.532869,	420.10202635
1.533026,	459.9413086
1.533183,	502.8465576
1.53334,	547.97495115
1.533497,	587.9459961
1.533655,	653.95336915
1.533812,	734.7760742
1.533969,	833.95126955
1.534127,	961.73203125
1.534284,	1158.0321289
1.534442,	1404.14970705
1.534599,	1747.98691405
1.534757,	2088.1279297
1.534915,	2240.84277345
1.535072,	2098.14765625
1.53523,	1789.7548828
1.535388,	1392.9082031
1.535545,	1067.9519531
1.535703,	786.7176758
1.535861,	613.1315918
1.536019,	505.89055175
1.536177,	428.84611815
1.536335,	384.39694825
1.536493,	333.5498047
1.536651,	302.0671875
1.536809,	258.9774292
1.536967,	243.04781495
1.537125,	213.4649048
1.537283,	194.6723877
1.537441,	180.16101075
1.537599,	168.6277954
1.537758,	163.4131836
1.537916,	160.89279175
1.538074,	162.45689085
1.538233,	160.8656555
1.538391,	160.66656495
1.538549,	163.06432495
1.538708,	169.63345945
1.538866,	173.8821472
1.539025,	180.44592895
1.539183,	187.6553894
1.539342,	196.34384155
1.539501,	215.67944335
1.539659,	229.5431885
1.539818,	244.23393555
1.539977,	265.11933595
1.540136,	285.53273925
1.540294,	312.5980469
1.540453,	331.974292
1.540612,	362.71606445
1.540771,	397.5120117
1.54093,	454.0138672
1.541089,	530.72856445
1.541248,	630.32177735
1.541407,	781.13583985
1.541566,	974.3631836
1.541725,	1205.17421875
1.541884,	1377.54345705
1.542044,	1401.4375
1.542203,	1291.9951172
1.542362,	1072.7363281
1.542521,	850.9930664
1.542681,	674.7137207
1.54284,	542.9459961
1.543,	455.5678955
1.543159,	408.6796875
1.543318,	374.4332031
1.543478,	347.7543701
1.543638,	317.03586425
1.543797,	287.80406495
1.543957,	264.10773925
1.544116,	238.02946775
1.544276,	214.90683595
1.544436,	195.2897156
1.544596,	176.141156
1.544755,	162.149646
1.544915,	153.8632324
1.545075,	144.4777649
1.545235,	137.39338685
1.545395,	134.5375122
1.545555,	125.8973358
1.545715,	124.238887
1.545875,	120.46993105
1.546035,	116.7944336
1.546195,	114.12985685
1.546355,	113.57630155
1.546516,	112.10588225
1.546676,	111.73640825
1.546836,	107.88363265
1.546997,	108.79836275
1.547157,	108.613134
1.547317,	107.42029265
1.547478,	107.05227815
1.547638,	107.32540055
1.547799,	105.67591285
1.547959,	107.13906405
1.54812,	107.41198195
1.54828,	106.03803865
1.548441,	105.6708252
1.548602,	105.57810935
1.548762,	105.8511303
1.548923,	106.67244875
1.549084,	106.2140377
1.549245,	107.21763075
1.549405,	106.30259245
1.549566,	107.21439285
1.549727,	105.47805635
1.549888,	105.3855465
1.550049,	104.7455185
1.55021,	103.6495796
1.550371,	104.37851255
1.550532,	104.19513245
1.550694,	103.55594445
1.550855,	104.19324915
1.551016,	104.6479931
1.551177,	104.92029955
1.551338,	105.37467535
1.5515,	104.189484
1.551661,	105.554372
1.551823,	105.55312425
1.551984,	107.37216415
1.552145,	106.27858085
1.552307,	105.45840875
1.552469,	105.36622925
1.55263,	104.72849505
1.552792,	105.09108085
1.552953,	103.5447773
1.553115,	103.81659395
1.553277,	102.9072275
1.553438,	105.086504
1.5536,	103.3599701
1.553762,	103.5407936
1.553924,	103.81230505
1.554086,	104.0836937
1.554248,	104.1735035
1.55441,	103.5376091
1.554572,	103.80887565
1.554734,	103.8080185
1.554896,	102.5381077
1.555058,	104.1688099
1.55522,	104.43968965
1.555382,	104.6198612
1.555544,	104.52825585
1.555707,	102.89743135
1.555869,	103.80202255
1.556031,	104.4346939
1.556194,	103.8907936
1.556356,	102.98528555
1.556519,	103.6177128
1.556681,	103.9785877
1.556844,	104.61050605
1.557006,	104.0671768
1.557169,	105.1505966
1.557332,	104.697731
1.557494,	105.1482754
1.557657,	106.14041785
1.55782,	104.60427515
1.557982,	103.3396034
1.558145,	103.88028565
1.558308,	103.6989731
1.558471,	103.78833735
1.558634,	103.6973049
1.558797,	103.33583985
1.55896,	102.3435749
1.559123,	104.0552723
1.559286,	102.7029049
1.559449,	103.4229069
1.559612,	103.4221348
1.559775,	104.23168525
1.559939,	101.7102951
1.560102,	103.5998085
1.560265,	103.509021
1.560429,	103.4182743
1.560592,	101.97855415
1.560755,	101.52853745
1.560919,	103.32606585
1.561082,	102.78607425
1.561246,	103.5042694
1.561409,	103.41364515
1.561573,	103.32306175
1.561736,	102.1550125
1.5619,	102.8727007
1.562064,	101.88478375
1.562227,	102.87140255
1.562391,	102.5119093
1.562555,	103.58763085
1.562719,	103.31780815
1.562883,	102.86880705
1.563047,	102.2407488
1.563211,	103.136339
1.563375,	101.9709673
1.563539,	102.4183674
1.563703,	102.686467
1.563867,	102.8649166
1.564031,	103.1327936
1.564195,	102.9531086
1.564359,	102.505101
1.564524,	102.9517723
1.564688,	102.59339465
1.564852,	102.5034006
1.565017,	102.77099475
1.565181,	102.323534
1.565346,	103.48451195
1.56551,	103.1264179
1.565674,	102.67917995
1.565839,	102.85714495
1.566004,	103.6598877
1.566168,	103.12358685
1.566333,	101.6060522
1.566498,	102.4085325
1.566662,	102.31880205
1.566827,	101.87245425
1.566992,	103.03090555
1.567157,	102.58459815
1.567322,	102.22759685
1.567487,	102.227092
1.567652,	100.5343809
1.567817,	101.42469265
1.567982,	101.78046205
1.568147,	101.2460408
1.568312,	102.4025337
1.568477,	102.04613855
1.568642,	102.57932875
1.568807,	102.48982145
1.568973,	102.57815855
1.569138,	102.4886917
1.569303,	102.221542
1.569469,	103.0206114
1.569634,	102.0428911
1.5698,	100.7992107
1.569965,	102.663431
1.570131,	102.219022
1.570296,	102.6622217
1.570462,	102.6616173
1.570627,	101.68530805
1.570793,	101.5962451
1.570959,	102.30516355
1.571124,	102.216
1.57129,	103.27893485
1.571456,	103.18959025
1.571622,	101.94875125
1.571788,	102.4796652
1.571954,	101.85932615
1.57212,	102.47853815
1.572286,	101.5929838
1.572452,	103.0082855
1.572618,	101.85763625
1.572784,	101.8572138
1.57295,	102.03362885
1.573116,	102.2099634
1.573283,	101.32567655
1.573449,	102.03224165
1.573615,	102.12011755
1.573782,	101.76636275
1.573948,	101.94255695
1.574115,	102.03039285
1.574281,	102.29470445
1.574448,	101.94123095
1.574614,	101.6761362
1.574781,	101.9403475
1.574947,	102.1162607
1.575114,	101.939464
1.575281,	101.49833555
1.575447,	101.76234625
1.575614,	101.05716695
1.575781,	101.1450033
1.575948,	101.9372566
1.576115,	102.1128895
1.576282,	102.28844205
1.576449,	101.3199542
1.576616,	102.2873993
1.576782,	102.286878
1.57695,	102.3742935
1.577117,	101.84625185
1.577284,	102.54900475
1.577451,	101.58178015
1.577618,	102.37212925
1.577786,	102.1959152
1.577953,	102.1075979
1.57812,	101.8437275
1.578288,	102.1066366
1.578455,	102.4571821
1.578623,	102.36888505
1.57879,	102.19291155
1.578958,	101.31544675
1.579125,	102.9809988
1.579293,	101.5778157
1.57946,	101.84036485
1.579628,	103.154191
1.579796,	102.89068165
1.579963,	102.0142576
1.580131,	102.27646695
1.580299,	102.3634836
1.580467,	102.18791085
1.580635,	102.1874111
1.580803,	102.2743881
1.580971,	101.9240425
1.581139,	103.3225868
1.581307,	101.22383125
1.581475,	102.4471033
1.581643,	101.6601549
1.581812,	101.92184525
1.58198,	102.4454258
1.582148,	101.8336502
1.582316,	101.7459343
1.582485,	102.5310259
1.582653,	101.48336555
1.582821,	102.44263155
1.58299,	101.4826872
1.583158,	102.5287113
1.583327,	101.5691859
1.583495,	101.6559839
1.583664,	103.39834745
1.583833,	102.3521637
1.584001,	102.35162545
1.58417,	102.52524185
1.584339,	101.7411476
1.584508,	102.08889885
1.584677,	102.95859585
1.584845,	103.13191375
1.585014,	102.5223528
1.585183,	101.47828205
1.585352,	102.86894915
1.585521,	102.6944561
1.58569,	101.4772665
1.58586,	101.73756255
1.586029,	102.4320303
1.586198,	102.34463465
1.586367,	101.82318685
1.586536,	102.51715715
1.586706,	102.69013765
1.586875,	102.342486
1.587044,	101.82151605
1.587214,	102.08125535
1.587383,	102.42757435
1.587553,	101.90694255
1.587722,	101.9065052
1.587892,	102.51254425
1.588061,	101.5591525
1.588231,	101.5587949
1.588401,	102.42423575
1.588571,	101.1252798
1.58874,	101.2981018
1.58891,	102.2495268
1.58908,	102.50851175
1.58925,	101.729611
1.58942,	101.46983195
1.58959,	101.81525785
1.58976,	101.4691571
1.58993,	102.9376396
1.5901,	102.0731518
1.59027,	101.7272297
1.59044,	102.59024965
1.590611,	102.2443672
1.590781,	103.0205696
1.590951,	101.9844898
1.591121,	102.9329195
1.591292,	102.24230535
1.591462,	101.8968994
1.591632,	101.63785475
1.591803,	102.24075965
1.591973,	101.20628555
1.592144,	102.0674427
1.592315,	102.2392147
1.592485,	102.2386997
1.592656,	101.4634286
1.592827,	103.1843767
1.592997,	102.15111105
1.593168,	102.15061625
1.593339,	102.32213115
1.59351,	101.8056864
1.593681,	101.11754865
1.593852,	101.375128
1.594023,	102.148143
1.594194,	101.88993075
1.594365,	101.71772345
1.594536,	102.575992
1.594707,	102.4037056
1.594878,	102.3173252
1.59505,	102.31679175
1.595221,	102.23047065
1.595392,	101.97265435
1.595563,	102.14369545
1.595735,	101.9717455
1.595906,	101.45704135
1.596078,	102.91341135
1.596249,	102.05605185
1.596421,	102.05557785
1.596592,	102.65450955
1.596764,	101.5409728
1.596936,	102.567696
1.597107,	102.39596365
1.597279,	101.71100805
1.597451,	101.71061345
1.597623,	101.710219
1.597794,	101.9662983
1.597966,	102.05131625
1.598138,	101.87993945
1.59831,	102.9901228
1.598482,	102.30613385
1.598654,	102.0494238
1.598826,	101.28059425
1.598999,	101.2802987
1.599171,	102.3040058
1.599343,	101.9622185
1.599515,	102.1323538
1.599688,	101.87603815
1.59986,	102.04611455
1.600032,	102.3865822
