-80.1999996795368,	1.0268882955073
-79.7999996811352,	1.0359705809883
-79.3999996827335,	1.0753809925258
-78.9999996843318,	1.11009660163942
-78.5999996859301,	0.969095692081571
-78.1999996875284,	1.01685945601492
-77.7999996891268,	1.00868859884994
-77.3999996907251,	1.02153554790423
-76.9999996923234,	0.947799153960253
-76.5999996939217,	1.04510848619754
-76.1999996955201,	1.03780307931574
-75.7999996971184,	1.00210053704062
-75.3999996987167,	1.06517213652628
-74.999999700315,	1.01346786065449
-74.5999997019133,	0.966794893998806
-74.1999997035116,	0.869242939693517
-73.79999970511,	1.05955030703543
-73.3999997067083,	0.965069089454931
-72.9999997083066,	1.01463033569372
-72.5999997099049,	0.975009968070301
-72.1999997115032,	0.921108993977176
-71.7999997131016,	1.12304397548362
-71.3999997146999,	0.920198810955337
-70.9999997162982,	1.01895352104668
-70.5999997178965,	1.03328984019136
-70.1999997194948,	0.992793690838148
-69.7999997210932,	0.983184581160508
-69.3999997226915,	0.997547658506644
-68.9999997242898,	0.971310162471988
-68.5999997258881,	1.13194547959626
-68.1999997274864,	0.962983850715695
-67.7999997290848,	1.02606513141198
-67.3999997306831,	1.03084676031868
-66.9999997322814,	1.05091976679673
-66.5999997338797,	1.16235934790157
-66.199999735478,	1.09443198705702
-65.7999997370764,	0.962393061109523
-65.3999997386747,	1.046175687057
-64.999999740273,	1.03625506104722
-64.5999997418713,	1.05344422518545
-64.1999997434696,	1.02529888090958
-63.799999745068,	0.974839595528309
-63.3999997466663,	0.900151373865113
-62.9999997482646,	0.986224028442426
-62.5999997498629,	0.965868559710916
-62.1999997514612,	0.968814692630564
-61.7999997530596,	1.06665053542139
-61.3999997546579,	1.16441764943276
-60.9999997562562,	0.984311512479632
-60.5999997578545,	1.06989290982471
-60.1999997594528,	1.08649009696516
-59.7999997610512,	1.04105018723668
-59.3999997626495,	1.08772273648256
-58.9999997642478,	1.00909247579541
-58.5999997658461,	1.06869053834462
-58.1999997674444,	1.01534212416405
-57.7999997690428,	0.941288425933995
-57.3999997706411,	0.99701038858649
-56.9999997722394,	1.1001563834505
-56.5999997738377,	1.00803648846376
-56.199999775436,	1.00896218932785
-55.7999997770344,	1.14575200200003
-55.3999997786327,	1.03145068829028
-54.999999780231,	1.01850742651026
-54.5999997818293,	1.02311708287433
-54.1999997834276,	0.978932715456329
-53.799999785026,	1.02742202842061
-53.3999997866243,	0.978848824167016
-52.9999997882226,	1.01709043154772
-52.5999997898209,	0.979494080168337
-52.1999997914192,	0.975011851701234
-51.7999997930176,	0.938386774513897
-51.3999997946159,	1.01504614845102
-50.9999997962142,	1.02734175622391
-50.5999997978125,	1.00145725078541
-50.1999997994108,	1.0257121297584
-49.7999998010092,	0.968655620425984
-49.3999998026075,	1.02788247187352
-48.9999998042058,	1.14233189751147
-48.5999998058041,	0.982652797303193
-48.1999998074024,	0.986880921952171
-47.7999998090008,	0.994757854986459
-47.3999998105991,	0.941112578667763
-46.9999998121974,	1.02369948916667
-46.5999998137957,	1.04822519715542
-46.199999815394,	1.03132850450287
-45.7999998169924,	1.03253449660322
-45.3999998185907,	1.03167032114622
-44.999999820189,	1.02503712736458
-44.5999998217873,	1.02677468935453
-44.1999998233856,	1.05543964338014
-43.799999824984,	0.950401329046446
-43.3999998265823,	1.04729855170117
-42.9999998281806,	1.06793786826055
-42.5999998297789,	0.958249279850957
-42.1999998313772,	1.01205524412181
-41.7999998329756,	1.04444212265213
-41.3999998345739,	1.06764376074924
-40.9999998361722,	1.0619614048559
-40.5999998377705,	0.974894728069928
-40.1999998393688,	1.10253950227889
-39.7999998409672,	0.885942424970812
-39.3999998425655,	1.01828146059489
-38.9999998441638,	1
-38.5999998457621,	1.0570490342197
-38.1999998473604,	1.03519830034421
-37.7999998489588,	1.09075801704663
-37.3999998505571,	0.828711165519365
-36.9999998521554,	0.957687770203296
-36.5999998537537,	1.0603302738327
-36.199999855352,	1.03920086369528
-35.7999998569504,	0.977480282750974
-35.3999998585487,	0.862065490840099
-34.999999860147,	1.12494499059263
-34.5999998617453,	0.935932698656235
-34.1999998633436,	1.11833122351343
-33.799999864942,	1.07045846385099
-33.3999998665403,	0.97690450934688
-32.9999998681386,	1.00912198160688
-32.5999998697369,	1.16319939324007
-32.1999998713352,	0.903159816177359
-31.7999998729336,	1.10567900948343
-31.3999998745319,	1.01618343658918
-30.9999998761302,	0.973513580402046
-30.5999998777285,	1.03345597912672
-30.1999998793268,	0.86709047728152
-29.7999998809252,	1.05726257976497
-29.3999998825235,	1.0633053295747
-28.9999998841218,	1.04367602349005
-28.5999998857201,	1.08104879890148
-28.1999998873184,	1.06977849522524
-27.7999998889168,	0.989322263379152
-27.3999998905151,	1.08019481518404
-26.9999998921134,	0.979533890225729
-26.5999998937117,	0.997466688952733
-26.19999989531,	0.997851122908169
-25.7999998969084,	1.06399996173548
-25.3999998985067,	0.988567933076642
-24.999999900105,	1.03400062306368
-24.5999999017033,	1.16908151734949
-24.1999999033016,	0.951799359593825
-23.7999999049,	0.945372754496988
-23.3999999064983,	1.02080777105538
-22.9999999080966,	1.14653133594825
-22.5999999096949,	0.903344609155952
-22.1999999112932,	0.904138581295742
-21.7999999128916,	0.974416892220994
-21.3999999144899,	1.04461014677834
-20.9999999160882,	0.944320626111199
-20.5999999176865,	1.23787995726977
-20.1999999192848,	1.03419442842989
-19.7999999208832,	1.1117171403951
-19.3999999224815,	1.19927557312673
-18.9999999240798,	1.02518249037857
-18.5999999256781,	0.935807849618749
-18.1999999272764,	0.982904768286818
-17.7999999288748,	1.07487023997517
-17.3999999304731,	1.12797164044577
-16.9999999320714,	1.04681102679319
-16.5999999336697,	1.09805595842935
-16.199999935268,	1.01825882648897
-15.7999999368664,	1.00398611677256
-15.3999999384647,	0.925046499786135
-14.999999940063,	0.971033232940998
-14.5999999416613,	0.999166460268905
-14.1999999432596,	0.973661485370817
-13.799999944858,	0.906493804318351
-13.3999999464563,	1.11902559223135
-12.9999999480546,	0.970017661436171
-12.5999999496529,	1.02111370034623
-12.1999999512512,	1.04810818953252
-11.7999999528496,	1.0113171994785
-11.3999999544479,	0.960264751549046
-10.9999999560462,	1.13340322018738
-10.5999999576445,	1.01780759625233
-10.1999999592428,	0.965264766169936
-9.79999996084116,	1.12593016810822
-9.39999996243948,	1.05428090199644
-8.9999999640378,	1.00780220450048
-8.59999996563612,	1.11445289182823
-8.19999996723444,	1.02925616975218
-7.79999996883276,	0.985751974901454
-7.39999997043108,	1.01117138498182
-6.9999999720294,	1.10595395917499
-6.59999997362772,	0.985802036274338
-6.19999997522604,	1.18413313526659
-5.79999997682436,	1.03476941383388
-5.39999997842268,	0.896548685993671
-4.999999980021,	1
-4.59999998161932,	0.88
-4.19999998321764,	0.9
-3.79999998481596,	0.85
-3.39999998641428,	0.87
-2.9999999880126,	0.93
-2.59999998961092,	0.97234838838187
-2.19999999120924,	0.981003936566392
-1.79999999280756,	0.999120239130351
-1.39999999440588,	0.879307740039024
-0.9999999960042,	0.74075567840015
-0.59999999760252,	0.686256306719089
-0.19999999920084,	0.548967457526294
0.19999999920084,	0.548967457526294
0.59999999760252,	0.686256306719089
0.9999999960042,	0.74075567840015
1.39999999440588,	0.879307740039024
1.79999999280756,	0.999120239130351
2.19999999120924,	0.981003936566392
2.59999998961092,	0.97234838838187
2.9999999880126,	0.93
3.39999998641428,	0.85
3.79999998481596,	0.9
4.19999998321764,	1
4.59999998161932,	1
4.999999980021,	1.1415462050426
5.39999997842268,	0.896548685993671
5.79999997682436,	1.03476941383388
6.19999997522604,	1.18413313526659
6.59999997362772,	0.985802036274338
6.9999999720294,	1.10595395917499
7.39999997043108,	1.01117138498182
7.79999996883276,	0.985751974901454
8.19999996723444,	1.02925616975218
8.59999996563612,	1.11445289182823
8.9999999640378,	1.00780220450048
9.39999996243948,	1.05428090199644
9.79999996084116,	1.12593016810822
10.1999999592428,	0.965264766169936
10.5999999576445,	1.01780759625233
10.9999999560462,	1.13340322018738
11.3999999544479,	0.960264751549046
11.7999999528496,	1.0113171994785
12.1999999512512,	1.04810818953252
12.5999999496529,	1.02111370034623
12.9999999480546,	0.970017661436171
13.3999999464563,	1.11902559223135
13.799999944858,	0.906493804318351
14.1999999432596,	0.973661485370817
14.5999999416613,	0.999166460268905
14.999999940063,	0.971033232940998
15.3999999384647,	0.925046499786135
15.7999999368664,	1.00398611677256
16.199999935268,	1.01825882648897
16.5999999336697,	1.09805595842935
16.9999999320714,	1.04681102679319
17.3999999304731,	1.12797164044577
17.7999999288748,	1.07487023997517
18.1999999272764,	0.982904768286818
18.5999999256781,	0.935807849618749
18.9999999240798,	1.02518249037857
19.3999999224815,	1.19927557312673
19.7999999208832,	1.1117171403951
20.1999999192848,	1.03419442842989
20.5999999176865,	1.23787995726977
20.9999999160882,	0.944320626111199
21.3999999144899,	1.04461014677834
21.7999999128916,	0.974416892220994
22.1999999112932,	0.904138581295742
22.5999999096949,	0.903344609155952
22.9999999080966,	1.14653133594825
23.3999999064983,	1.02080777105538
23.7999999049,	0.945372754496988
24.1999999033016,	0.951799359593825
24.5999999017033,	1.16908151734949
24.999999900105,	1.03400062306368
25.3999998985067,	0.988567933076642
25.7999998969084,	1.06399996173548
26.19999989531,	0.997851122908169
26.5999998937117,	0.997466688952733
26.9999998921134,	0.979533890225729
27.3999998905151,	1.08019481518404
27.7999998889168,	0.989322263379152
28.1999998873184,	1.06977849522524
28.5999998857201,	1.08104879890148
28.9999998841218,	1.04367602349005
29.3999998825235,	1.0633053295747
29.7999998809252,	1.05726257976497
30.1999998793268,	0.86709047728152
30.5999998777285,	1.03345597912672
30.9999998761302,	0.973513580402046
31.3999998745319,	1.01618343658918
31.7999998729336,	1.10567900948343
32.1999998713352,	0.903159816177359
32.5999998697369,	1.16319939324007
32.9999998681386,	1.00912198160688
33.3999998665403,	0.97690450934688
33.799999864942,	1.07045846385099
34.1999998633436,	1.11833122351343
34.5999998617453,	0.935932698656235
34.999999860147,	1.12494499059263
35.3999998585487,	0.862065490840099
35.7999998569504,	0.977480282750974
36.199999855352,	1.03920086369528
36.5999998537537,	1.0603302738327
36.9999998521554,	0.957687770203296
37.3999998505571,	0.828711165519365
37.7999998489588,	1.09075801704663
38.1999998473604,	1.03519830034421
38.5999998457621,	1.0570490342197
38.9999998441638,	1.02551826663668
39.3999998425655,	1.01828146059489
39.7999998409672,	0.885942424970812
40.1999998393688,	1.10253950227889
40.5999998377705,	0.974894728069928
40.9999998361722,	1.0619614048559
41.3999998345739,	1.06764376074924
41.7999998329756,	1.04444212265213
42.1999998313772,	1.01205524412181
42.5999998297789,	0.958249279850957
42.9999998281806,	1.06793786826055
43.3999998265823,	1.04729855170117
43.799999824984,	0.950401329046446
44.1999998233856,	1.05543964338014
44.5999998217873,	1.02677468935453
44.999999820189,	1.02503712736458
45.3999998185907,	1.03167032114622
45.7999998169924,	1.03253449660322
46.199999815394,	1.03132850450287
46.5999998137957,	1.04822519715542
46.9999998121974,	1.02369948916667
47.3999998105991,	0.941112578667763
47.7999998090008,	0.994757854986459
48.1999998074024,	0.986880921952171
48.5999998058041,	0.982652797303193
48.9999998042058,	1.14233189751147
49.3999998026075,	1.02788247187352
49.7999998010092,	0.968655620425984
50.1999997994108,	1.0257121297584
50.5999997978125,	1.00145725078541
50.9999997962142,	1.02734175622391
51.3999997946159,	1.01504614845102
51.7999997930176,	0.938386774513897
52.1999997914192,	0.975011851701234
52.5999997898209,	0.979494080168337
52.9999997882226,	1.01709043154772
53.3999997866243,	0.978848824167016
53.799999785026,	1.02742202842061
54.1999997834276,	0.978932715456329
54.5999997818293,	1.02311708287433
54.999999780231,	1.01850742651026
55.3999997786327,	1.03145068829028
55.7999997770344,	1.14575200200003
56.199999775436,	1.00896218932785
56.5999997738377,	1.00803648846376
56.9999997722394,	1.1001563834505
57.3999997706411,	0.99701038858649
57.7999997690428,	0.941288425933995
58.1999997674444,	1.01534212416405
58.5999997658461,	1.06869053834462
58.9999997642478,	1.00909247579541
59.3999997626495,	1.08772273648256
59.7999997610512,	1.04105018723668
60.1999997594528,	1.08649009696516
60.5999997578545,	1.06989290982471
60.9999997562562,	0.984311512479632
61.3999997546579,	1.16441764943276
61.7999997530596,	1.06665053542139
62.1999997514612,	0.968814692630564
62.5999997498629,	0.965868559710916
62.9999997482646,	0.986224028442426
63.3999997466663,	0.900151373865113
63.799999745068,	0.974839595528309
64.1999997434696,	1.02529888090958
64.5999997418713,	1.05344422518545
64.999999740273,	1.03625506104722
65.3999997386747,	1.046175687057
65.7999997370764,	0.962393061109523
66.199999735478,	1.09443198705702
66.5999997338797,	1.16235934790157
66.9999997322814,	1.05091976679673
67.3999997306831,	1.03084676031868
67.7999997290848,	1.02606513141198
68.1999997274864,	0.962983850715695
68.5999997258881,	1.13194547959626
68.9999997242898,	0.971310162471988
69.3999997226915,	0.997547658506644
69.7999997210932,	0.983184581160508
70.1999997194948,	0.992793690838148
70.5999997178965,	1.03328984019136
70.9999997162982,	1.01895352104668
71.3999997146999,	0.920198810955337
71.7999997131016,	1.12304397548362
72.1999997115032,	0.921108993977176
72.5999997099049,	0.975009968070301
72.9999997083066,	1.01463033569372
73.3999997067083,	0.965069089454931
73.79999970511,	1.05955030703543
74.1999997035116,	0.869242939693517
74.5999997019133,	0.966794893998806
74.999999700315,	1.01346786065449
75.3999996987167,	1.06517213652628
75.7999996971184,	1.00210053704062
76.1999996955201,	1.03780307931574
76.5999996939217,	1.04510848619754
76.9999996923234,	0.947799153960253
77.3999996907251,	1.02153554790423
77.7999996891268,	1.00868859884994
78.1999996875284,	1.01685945601492
78.5999996859301,	0.969095692081571
78.9999996843318,	1.11009660163942
79.3999996827335,	1.0753809925258
79.7999996811352,	1.0359705809883
80.1999996795368,	1.0268882955073
