-40.249999839169,	0.936411344465082
-39.749999841167,	0.813671046932289
-39.2499998431649,	1.10961173626443
-38.7499998451628,	1.25456067956926
-38.2499998471607,	1.14886627091504
-37.7499998491585,	0.69092159363972
-37.2499998511565,	1.06732976451188
-36.7499998531543,	0.915830637135624
-36.2499998551523,	0.841378813673439
-35.7499998571502,	0.693204870290847
-35.249999859148,	1.08322838588718
-34.749999861146,	1.07170066822015
-34.2499998631438,	0.907232589866632
-33.7499998651418,	0.963549790989306
-33.2499998671396,	0.981691186365591
-32.7499998691376,	1.08210120073882
-32.2499998711354,	1.15370357391339
-31.7499998731334,	0.880225634263077
-31.2499998751313,	1.08479788092701
-30.7499998771292,	0.973991839279663
-30.249999879127,	1.1766594420832
-29.7499998811249,	0.931177758685924
-29.2499998831228,	0.833875424464587
-28.7499998851208,	0.778630415553459
-28.2499998871187,	0.867263494222366
-27.7499998891166,	0.862404396840856
-27.2499998911145,	0.783258402457537
-26.7499998931123,	0.902362359557538
-26.2499998951102,	1.10825268248141
-25.7499998971082,	0.617092094026146
-25.2499998991061,	0.922727940167306
-24.749999901104,	0.919564979956194
-24.2499999031019,	0.763365905803712
-23.7499999050998,	0.70787078255953
-23.2499999070976,	0.941311826079468
-22.7499999090955,	0.586759512809474
-22.2499999110934,	0.78570196432995
-21.7499999130914,	1.08482754973587
-21.2499999150893,	0.795458876858273
-20.7499999170872,	0.798101623747105
-20.2499999190851,	1.16867562647142
-19.749999921083,	0.903260040689296
-19.2499999230809,	0.826594301317672
-18.7499999250787,	0.884121482106955
-18.2499999270766,	0.92499480099588
-17.7499999290746,	0.708956065907723
-17.2499999310725,	1.04225578301141
-16.7499999330703,	0.569289258308599
-16.2499999350682,	0.795489369727422
-15.7499999370662,	0.862067372164158
-15.2499999390641,	0.734123477591841
-14.749999941062,	0.803980040599607
-14.2499999430598,	0.732894440244479
-13.7499999450578,	0.776962664544225
-13.2499999470557,	0.667349578853024
-12.7499999490536,	0.507649001112876
-12.2499999510515,	0.713469405277472
-11.7499999530494,	0.731443908861769
-11.2499999550473,	0.885935715447041
-10.7499999570451,	1.03647261259634
-10.249999959043,	0.70387802184597
-9.74999996104095,	0.614728702883879
-9.24999996303885,	0.731032083013131
-8.74999996503675,	0.765416135804861
-8.24999996703465,	0.639881420731885
-7.74999996903255,	0.902077665763895
-7.24999997103045,	0.781621196674037
-6.74999997302835,	0.954236409702896
-6.24999997502625,	0.95
-5.74999997702415,	1.01016474879829
-5.24999997902205,	0.932094348320181
-4.74999998101995,	1
-4.24999998301785,	1.02
-3.74999998501575,	1.03
-3.24999998701365,	0.99
-2.74999998901155,	0.903936513905876
-2.24999999100945,	0.559461473755412
-1.74999999300735,	0.271675467200083
-0.24999999900105,	0.2
0.24999999900105,	0.21
1.74999999300735,	0.27
2.24999999100945,	0.559461473755412
2.74999998901155,	0.903936513905876
3.24999998701365,	0.99
3.74999998501575,	1.02
4.24999998301785,	1.03
4.74999998101995,	0.95
5.24999997902205,	0.932094348320181
5.74999997702415,	1.01016474879829
6.24999997502625,	1.29767294652191
6.74999997302835,	0.954236409702896
7.24999997103045,	0.781621196674037
7.74999996903255,	0.902077665763895
8.24999996703465,	0.639881420731885
8.74999996503675,	0.765416135804861
9.24999996303885,	0.731032083013131
9.74999996104095,	0.614728702883879
10.249999959043,	0.70387802184597
10.7499999570451,	1.03647261259634
11.2499999550473,	0.885935715447041
11.7499999530494,	0.731443908861769
12.2499999510515,	0.713469405277472
12.7499999490536,	0.507649001112876
13.2499999470557,	0.667349578853024
13.7499999450578,	0.776962664544225
14.2499999430598,	0.732894440244479
14.749999941062,	0.803980040599607
15.2499999390641,	0.734123477591841
15.7499999370662,	0.862067372164158
16.2499999350682,	0.795489369727422
16.7499999330703,	0.569289258308599
17.2499999310725,	1.04225578301141
17.7499999290746,	0.708956065907723
18.2499999270766,	0.92499480099588
18.7499999250787,	0.884121482106955
19.2499999230809,	0.826594301317672
19.749999921083,	0.903260040689296
20.2499999190851,	1.16867562647142
20.7499999170872,	0.798101623747105
21.2499999150893,	0.795458876858273
21.7499999130914,	1.08482754973587
22.2499999110934,	0.78570196432995
22.7499999090955,	0.586759512809474
23.2499999070976,	0.941311826079468
23.7499999050998,	0.70787078255953
24.2499999031019,	0.763365905803712
24.749999901104,	0.919564979956194
25.2499998991061,	0.922727940167306
25.7499998971082,	0.617092094026146
26.2499998951102,	1.10825268248141
26.7499998931123,	0.902362359557538
27.2499998911145,	0.783258402457537
27.7499998891166,	0.862404396840856
28.2499998871187,	0.867263494222366
28.7499998851208,	0.778630415553459
29.2499998831228,	0.833875424464587
29.7499998811249,	0.931177758685924
30.249999879127,	1.1766594420832
30.7499998771292,	0.973991839279663
31.2499998751313,	1.08479788092701
31.7499998731334,	0.880225634263077
32.2499998711354,	1.15370357391339
32.7499998691376,	1.08210120073882
33.2499998671396,	0.981691186365591
33.7499998651418,	0.963549790989306
34.2499998631438,	0.907232589866632
34.749999861146,	1.07170066822015
35.249999859148,	1.08322838588718
35.7499998571502,	0.693204870290847
36.2499998551523,	0.841378813673439
36.7499998531543,	0.915830637135624
37.2499998511565,	1.06732976451188
37.7499998491585,	0.69092159363972
38.2499998471607,	1.14886627091504
38.7499998451628,	1.25456067956926
39.2499998431649,	1.10961173626443
39.749999841167,	0.813671046932289
40.249999839169,	0.936411344465082
