-85.2124996595079,	1.23404819323466
-84.7874996612061,	1.32613719912529
-84.3624996629043,	1.39348222658219
-83.9374996646025,	1.05462928871709
-83.5124996663007,	1.52701040924603
-83.087499667999,	1.17597063617815
-82.6624996696972,	1.08876414454174
-82.2374996713954,	1.2472191614625
-81.8124996730936,	1.18646483598696
-81.3874996747918,	0.853481145845746
-80.96249967649,	1.36499498827891
-80.5374996781882,	1.14334857623274
-80.1124996798865,	1.14488619103158
-79.6874996815847,	0.86661263539553
-79.2624996832829,	1.37915679493073
-78.8374996849811,	1.25639191470729
-78.4124996866793,	0.839327198893527
-77.9874996883775,	1.39400412567357
-77.5624996900758,	1.22820292432345
-77.137499691774,	0.990930611568628
-76.7124996934722,	1.2992317379963
-76.2874996951704,	1.13358735465654
-75.8624996968686,	1.34578658464435
-75.4374996985668,	1.21951975296781
-75.012499700265,	0.896354303800481
-74.5874997019633,	1.40128578460041
-74.1624997036615,	1.01468975049897
-73.7374997053597,	1.1930145004051
-73.3124997070579,	1.08928510601674
-72.8874997087561,	1.47644535170677
-72.4624997104543,	1.3176277592466
-72.0374997121526,	1.18021468352487
-71.6124997138508,	1.184756865347
-71.187499715549,	1.4125730729612
-70.7624997172472,	1.55283398874582
-70.3374997189454,	1.08580840041157
-69.9124997206436,	1.13487948181046
-69.4874997223418,	1.12004143868302
-69.0624997240401,	1.29084172350033
-68.6374997257383,	1.18116173234998
-68.2124997274365,	1.51053207823124
-67.7874997291347,	1.38804592936684
-67.3624997308329,	1.32938432787069
-66.9374997325311,	1.23044761824568
-66.5124997342294,	1.02543821765383
-66.0874997359276,	1.18257440730474
-65.6624997376258,	1.1606601199163
-65.237499739324,	1.23430507995778
-64.8124997410222,	1.31996160284493
-64.3874997427204,	1.07266094679479
-63.9624997444186,	1.10915736920562
-63.5374997461169,	1.31760182533414
-63.1124997478151,	1.02789494532881
-62.6874997495133,	1.25726205701626
-62.2624997512115,	1.20689003190926
-61.8374997529097,	1.01849863990996
-61.4124997546079,	1.15928876025431
-60.9874997563062,	1.29457891346489
-60.5624997580044,	1.26564313349495
-60.1374997597026,	1.16145910594479
-59.7124997614008,	1.25397655301876
-59.287499763099,	0.993309104158919
-58.8624997647972,	1.18332571564628
-58.4374997664954,	1.13734574910832
-58.0124997681937,	1.04095845288963
-57.5874997698919,	1.08511112474143
-57.1624997715901,	1.22444729632974
-56.7374997732883,	1.22722840514201
-56.3124997749865,	1.17338830204545
-55.8874997766847,	1.03673306155319
-55.4624997783829,	1.20559523513219
-55.0374997800812,	1.27143718664104
-54.6124997817794,	1.17558588984781
-54.1874997834776,	1.23742283782206
-53.7624997851758,	1.11160813374807
-53.337499786874,	1.2056485362815
-52.9124997885722,	1.29506480111476
-52.4874997902704,	1.02897141594639
-52.0624997919687,	1.00729016030578
-51.6374997936669,	1.3284895381092
-51.2124997953651,	1.21260159141118
-50.7874997970633,	0.906921622174921
-50.3624997987615,	1.0914831552575
-49.9374998004597,	1.08967914717034
-49.512499802158,	1.00637059086162
-49.0874998038562,	1.43276621001809
-48.6624998055544,	1.07210980530893
-48.2374998072526,	1.19315614363805
-47.8124998089508,	1.06097158019295
-47.387499810649,	1.2486916341975
-46.9624998123472,	1.16213253100767
-46.5374998140455,	0.939396745689652
-46.1124998157437,	1.08176079185548
-45.6874998174419,	1.20951580329782
-45.2624998191401,	1.02935318365227
-44.8374998208383,	1.13197040500274
-44.4124998225365,	1.28646318255507
-43.9874998242347,	1.28329093279911
-43.562499825933,	1.245960826137
-43.1374998276312,	1.13428429635549
-42.7124998293294,	1.33122626676088
-42.2874998310276,	1.36578773660707
-41.8624998327258,	1.40780958781956
-41.437499834424,	1.20145856993095
-41.0124998361223,	1.21000667313262
-40.5874998378205,	1.24420057889541
-40.1624998395187,	1.16315589336039
-39.7374998412169,	1.09456911272453
-39.3124998429151,	1.22035608354638
-38.8874998446133,	1.23111175789992
-38.4624998463115,	1.27957225532639
-38.0374998480098,	1.1597731586438
-37.612499849708,	1.1501559908285
-37.1874998514062,	1.22583817652899
-36.7624998531044,	1.19568954512551
-36.3374998548026,	1.54653696008715
-35.9124998565008,	1.34991430676749
-35.4874998581991,	1.08247804847552
-35.0624998598973,	1.0669149221646
-34.6374998615955,	1.21896292531217
-34.2124998632937,	1.18219193540028
-33.7874998649919,	1.27309246929446
-33.3624998666901,	0.996051426345043
-32.9374998683883,	1.04767831659223
-32.5124998700866,	1.268777327067
-32.0874998717848,	1.22426886438629
-31.662499873483,	1.15145684226688
-31.2374998751812,	1.33486771698593
-30.8124998768794,	1.10828862172207
-30.3874998785776,	1.28467140673733
-29.9624998802758,	1.26714044822984
-29.5374998819741,	1.28136452830517
-29.1124998836723,	0.928869054513269
-28.6874998853705,	1.22061873211791
-28.2624998870687,	1.42614970937621
-27.8374998887669,	1.17424637297846
-27.4124998904651,	1.39994590286383
-26.9874998921634,	1.21770640385195
-26.5624998938616,	1.19532787709028
-26.1374998955598,	1.0613318451056
-25.712499897258,	1.31303038727157
-25.2874998989562,	1.0157987452106
-24.8624999006544,	1.05912206052766
-24.4374999023526,	1.15713905477162
-24.0124999040509,	1.20135920688028
-23.5874999057491,	1.16572904046619
-23.1624999074473,	1.32298027614202
-22.7374999091455,	0.934448073725356
-22.3124999108437,	1.13197191621175
-21.8874999125419,	1.22911589508311
-21.4624999142401,	1.38799446910985
-21.0374999159384,	1.06271004524652
-20.6124999176366,	1.11076239989972
-20.1874999193348,	1.24764669832696
-19.762499921033,	0.975057599169184
-19.3374999227312,	1.38532916131974
-18.9124999244294,	1.04729206231765
-18.4874999261276,	1.03582400709667
-18.0624999278259,	1.12255653007306
-17.6374999295241,	1.29413149709446
-17.2124999312223,	1.26418847585916
-16.7874999329205,	1.07401187020123
-16.3624999346187,	0.941251226624272
-15.9374999363169,	1.05237671561029
-15.5124999380152,	1.14681948917996
-15.0874999397134,	1.14671376581591
-14.6624999414116,	1.07749802829484
-14.2374999431098,	0.915771353429094
-13.812499944808,	0.974551708793157
-13.3874999465062,	1.26151453149306
-12.9624999482044,	1.17279750998175
-12.5374999499027,	1.0383727142101
-12.1124999516009,	1.20686598221621
-11.6874999532991,	1.07027169221864
-11.2624999549973,	1.09935742289009
-10.8374999566955,	1.00590000094945
-10.4124999583937,	1.07955918730784
-9.98749996009195,	1.19777720765222
-9.56249996179016,	0.908435930558107
-9.13749996348838,	1.16460895536511
-8.71249996518659,	1.12000957790437
-8.28749996688481,	1.0008664066501
-7.86249996858302,	1.04739567716565
-7.43749997028124,	1.03662930191192
-7.01249997197945,	1.17181179443881
-6.58749997367767,	1.15673028103491
-6.16249997537588,	1.23914022448452
-5.7374999770741,	1.15
-5.31249997877231,	1.10160265274813
-4.88749998047053,	1.14002109617816
-4.46249998216874,	1
-4.03749998386696,	1.02
-3.61249998556517,	0.99
-3.18749998726339,	1.03
-2.7624999889616,	1
-2.33749999065982,	0.8
-1.91249999235803,	0.569341241623519
-1.48749999405625,	0.55
-1.06249999575446,	0.560587039626907
-0.637499997452678,	0.524335394502532
-0.212499999150893,	0.407805683763855
0.212499999150893,	0.407805683763855
0.637499997452678,	0.524335394502532
1.06249999575446,	0.560587039626907
1.48749999405625,	0.55
1.91249999235803,	0.569341241623519
2.33749999065982,	0.8
2.7624999889616,	1
3.18749998726339,	1.02
3.61249998556517,	1.03
4.03749998386696,	0.99
4.46249998216874,	1.1
4.88749998047053,	1.14002109617816
5.31249997877231,	1.10160265274813
5.7374999770741,	1.33823836846978
6.16249997537588,	1.23914022448452
6.58749997367767,	1.15673028103491
7.01249997197945,	1.17181179443881
7.43749997028124,	1.03662930191192
7.86249996858302,	1.04739567716565
8.28749996688481,	1.0008664066501
8.71249996518659,	1.12000957790437
9.13749996348838,	1.16460895536511
9.56249996179016,	0.908435930558107
9.98749996009195,	1.19777720765222
10.4124999583937,	1.07955918730784
10.8374999566955,	1.00590000094945
11.2624999549973,	1.09935742289009
11.6874999532991,	1.07027169221864
12.1124999516009,	1.20686598221621
12.5374999499027,	1.0383727142101
12.9624999482044,	1.17279750998175
13.3874999465062,	1.26151453149306
13.812499944808,	0.974551708793157
14.2374999431098,	0.915771353429094
14.6624999414116,	1.07749802829484
15.0874999397134,	1.14671376581591
15.5124999380152,	1.14681948917996
15.9374999363169,	1.05237671561029
16.3624999346187,	0.941251226624272
16.7874999329205,	1.07401187020123
17.2124999312223,	1.26418847585916
17.6374999295241,	1.29413149709446
18.0624999278259,	1.12255653007306
18.4874999261276,	1.03582400709667
18.9124999244294,	1.04729206231765
19.3374999227312,	1.38532916131974
19.762499921033,	0.975057599169184
20.1874999193348,	1.24764669832696
20.6124999176366,	1.11076239989972
21.0374999159384,	1.06271004524652
21.4624999142401,	1.38799446910985
21.8874999125419,	1.22911589508311
22.3124999108437,	1.13197191621175
22.7374999091455,	0.934448073725356
23.1624999074473,	1.32298027614202
23.5874999057491,	1.16572904046619
24.0124999040509,	1.20135920688028
24.4374999023526,	1.15713905477162
24.8624999006544,	1.05912206052766
25.2874998989562,	1.0157987452106
25.712499897258,	1.31303038727157
26.1374998955598,	1.0613318451056
26.5624998938616,	1.19532787709028
26.9874998921634,	1.21770640385195
27.4124998904651,	1.39994590286383
27.8374998887669,	1.17424637297846
28.2624998870687,	1.42614970937621
28.6874998853705,	1.22061873211791
29.1124998836723,	0.928869054513269
29.5374998819741,	1.28136452830517
29.9624998802758,	1.26714044822984
30.3874998785776,	1.28467140673733
30.8124998768794,	1.10828862172207
31.2374998751812,	1.33486771698593
31.662499873483,	1.15145684226688
32.0874998717848,	1.22426886438629
32.5124998700866,	1.268777327067
32.9374998683883,	1.04767831659223
33.3624998666901,	0.996051426345043
33.7874998649919,	1.27309246929446
34.2124998632937,	1.18219193540028
34.6374998615955,	1.21896292531217
35.0624998598973,	1.0669149221646
35.4874998581991,	1.08247804847552
35.9124998565008,	1.34991430676749
36.3374998548026,	1.54653696008715
36.7624998531044,	1.19568954512551
37.1874998514062,	1.22583817652899
37.612499849708,	1.1501559908285
38.0374998480098,	1.1597731586438
38.4624998463115,	1.27957225532639
38.8874998446133,	1.23111175789992
39.3124998429151,	1.22035608354638
39.7374998412169,	1.09456911272453
40.1624998395187,	1.16315589336039
40.5874998378205,	1.24420057889541
41.0124998361223,	1.21000667313262
41.437499834424,	1.20145856993095
41.8624998327258,	1.40780958781956
42.2874998310276,	1.36578773660707
42.7124998293294,	1.33122626676088
43.1374998276312,	1.13428429635549
43.562499825933,	1.245960826137
43.9874998242347,	1.28329093279911
44.4124998225365,	1.28646318255507
44.8374998208383,	1.13197040500274
45.2624998191401,	1.02935318365227
45.6874998174419,	1.20951580329782
46.1124998157437,	1.08176079185548
46.5374998140455,	0.939396745689652
46.9624998123472,	1.16213253100767
47.387499810649,	1.2486916341975
47.8124998089508,	1.06097158019295
48.2374998072526,	1.19315614363805
48.6624998055544,	1.07210980530893
49.0874998038562,	1.43276621001809
49.512499802158,	1.00637059086162
49.9374998004597,	1.08967914717034
50.3624997987615,	1.0914831552575
50.7874997970633,	0.906921622174921
51.2124997953651,	1.21260159141118
51.6374997936669,	1.3284895381092
52.0624997919687,	1.00729016030578
52.4874997902704,	1.02897141594639
52.9124997885722,	1.29506480111476
53.337499786874,	1.2056485362815
53.7624997851758,	1.11160813374807
54.1874997834776,	1.23742283782206
54.6124997817794,	1.17558588984781
55.0374997800812,	1.27143718664104
55.4624997783829,	1.20559523513219
55.8874997766847,	1.03673306155319
56.3124997749865,	1.17338830204545
56.7374997732883,	1.22722840514201
57.1624997715901,	1.22444729632974
57.5874997698919,	1.08511112474143
58.0124997681937,	1.04095845288963
58.4374997664954,	1.13734574910832
58.8624997647972,	1.18332571564628
59.287499763099,	0.993309104158919
59.7124997614008,	1.25397655301876
60.1374997597026,	1.16145910594479
60.5624997580044,	1.26564313349495
60.9874997563062,	1.29457891346489
61.4124997546079,	1.15928876025431
61.8374997529097,	1.01849863990996
62.2624997512115,	1.20689003190926
62.6874997495133,	1.25726205701626
63.1124997478151,	1.02789494532881
63.5374997461169,	1.31760182533414
63.9624997444186,	1.10915736920562
64.3874997427204,	1.07266094679479
64.8124997410222,	1.31996160284493
65.237499739324,	1.23430507995778
65.6624997376258,	1.1606601199163
66.0874997359276,	1.18257440730474
66.5124997342294,	1.02543821765383
66.9374997325311,	1.23044761824568
67.3624997308329,	1.32938432787069
67.7874997291347,	1.38804592936684
68.2124997274365,	1.51053207823124
68.6374997257383,	1.18116173234998
69.0624997240401,	1.29084172350033
69.4874997223418,	1.12004143868302
69.9124997206436,	1.13487948181046
70.3374997189454,	1.08580840041157
70.7624997172472,	1.55283398874582
71.187499715549,	1.4125730729612
71.6124997138508,	1.184756865347
72.0374997121526,	1.18021468352487
72.4624997104543,	1.3176277592466
72.8874997087561,	1.47644535170677
73.3124997070579,	1.08928510601674
73.7374997053597,	1.1930145004051
74.1624997036615,	1.01468975049897
74.5874997019633,	1.40128578460041
75.012499700265,	0.896354303800481
75.4374996985668,	1.21951975296781
75.8624996968686,	1.34578658464435
76.2874996951704,	1.13358735465654
76.7124996934722,	1.2992317379963
77.137499691774,	0.990930611568628
77.5624996900758,	1.22820292432345
77.9874996883775,	1.39400412567357
78.4124996866793,	0.839327198893527
78.8374996849811,	1.25639191470729
79.2624996832829,	1.37915679493073
79.6874996815847,	0.86661263539553
80.1124996798865,	1.14488619103158
80.5374996781882,	1.14334857623274
80.96249967649,	1.36499498827891
81.3874996747918,	0.853481145845746
81.8124996730936,	1.18646483598696
82.2374996713954,	1.2472191614625
82.6624996696972,	1.08876414454174
83.087499667999,	1.17597063617815
83.5124996663007,	1.52701040924603
83.9374996646025,	1.05462928871709
84.3624996629043,	1.39348222658219
84.7874996612061,	1.32613719912529
85.2124996595079,	1.23404819323466
