1.51228618555486,	52.2966869220608
1.51237287187259,	62.7560264200793
1.51245956628407,	73.2024376926464
1.51254627063536,	20.9112884191986
1.51263298492817,	78.403475121092
1.51271970916422,	57.4857243505064
1.51280655592875,	20.9002060766182
1.51289318747285,	67.9136644649934
1.51298005415822,	26.116022897402
1.51306681819722,	62.667369440775
1.51315359218801,	41.770858652576
1.5132403761323,	15.6613016292382
1.51332728269287,	62.6341171290181
1.51341408656223,	46.9672778511669
1.51350101492449,	46.958964332893
1.51358783872599,	93.901298106561
1.51367478520238,	57.3739674152356
1.51376162894268,	20.8595667107001
1.51384859538718,	52.1396759136944
1.51393545907315,	52.1304359313078
1.51402244549264,	83.3939180977543
1.5141094419087,	62.5343549097314
1.51419644832304,	72.943811536768
1.5142833519339,	41.6747864376927
1.51437037833701,	52.0842430647292
1.51445741659323,	78.112501981506
1.51454446300517,	52.065763099956
1.51463151942402,	72.8791351827389
1.5147185858515,	83.2756583003083
1.51480566228933,	46.8342386613827
1.51489274873924,	41.6230435931308
1.51497984520295,	62.4234768824307
1.5150669516822,	62.4123839718186
1.51515406817872,	41.6008648172611
1.5152411965458,	77.9877586966094
1.51532844604145,	15.5947793923382
1.51541547964111,	67.5653597534126
1.51550263622417,	31.1784693967415
1.51559002882955,	41.5638960810216
1.51567720549215,	57.1401937472479
1.51576439218413,	57.1300290620872
1.51585170194444,	93.4688577719067
1.51593890871336,	0
1.51602612737033,	46.7177930427125
1.51611346728661,	51.8994187582563
1.51620081726697,	51.8901734918538
1.51628806421079,	41.5047432848965
1.51637543431148,	62.2460220167327
1.51646270135306,	57.0486886833994
1.51655020472248,	62.2238361955086
1.51663749188179,	62.2127432848965
1.51672490411225,	46.6512408630559
1.51681232456399,	51.8254689564069
1.51689975509372,	41.4529793042713
1.5169871957032,	46.6262809335095
1.51707464639416,	41.4381875825628
1.51716199393558,	67.325035667107
1.51724946478169,	15.5337736679877
1.51733706083008,	31.0619991193307
1.5174244385927,	51.7607556142669
1.5175120529894,	41.4012100396301
1.51759956420611,	56.9164931748129
1.51768708551652,	31.0398132981066
1.51777461692238,	36.2066437692647
1.51786215842543,	46.5430752972259
1.51794971188562,	67.2168665785997
1.51803738695196,	36.187226772347
1.51812495877036,	41.3494337296345
1.51821265408258,	51.6775482166447
1.51830035952691,	56.8351334214003
1.51838796168929,	36.1613386173492
1.51847568924953,	82.6396935270806
1.51856331164584,	41.3124526640247
1.51865105761021,	67.1207115808014
1.51873870024725,	51.6220730955526
1.51882646648207,	15.4838485248789
1.51891412936686,	72.2450110083664
1.51900191773992,	67.072630559225
1.51908971440035,	41.2680704535447
1.51917752121048,	56.7334266842801
1.51926533817205,	82.5065504183179
1.51935316528683,	46.4016151475121
1.51944100255658,	72.1673394980185
1.51952885184514,	67.0005090268604
1.51961670943034,	87.6003311316601
1.51970457717579,	36.0642518714223
1.51979245508326,	51.5111158080141
1.51988034315451,	66.952428005284
1.51996824139131,	51.4926217525319
1.52005615165879,	25.7416873623954
1.52014407023219,	56.6215429326288
1.5202321126679,	92.636787318362
1.5203200515979,	15.436690444738
1.52040811442007,	36.0124720387495
1.52049596184721,	61.724570673712
1.52058404504995,	92.5702087186262
1.5206720247014,	66.8442465874064
1.52076012830477,	46.2684614707178
1.52084824211769,	61.6801849405548
1.52093625421062,	77.0863601937473
1.521024274625,	51.3816609423162
1.52111253287428,	71.9213791281374
1.52120045985743,	51.363166886834
1.5212886247054,	30.8123522677235
1.52137680164017,	82.1514786437693
1.52146498693055,	30.8012558344342
1.52155318244468,	41.0609440774989
1.52164138818436,	61.5803205636284
1.52172960415135,	30.7846129458388
1.52181783221512,	71.8178194627917
1.52190595470031,	15.3867582562748
1.52199431530214,	76.9199260237781
1.52208257219641,	56.3977736679877
1.52217083932689,	51.2614583883752
1.52225911856414,	92.2539797446059
1.52234740617262,	15.3728894760018
1.52243570402266,	56.3570902686042
1.52252412615059,	51.2244738000881
1.52261233045454,	71.7013192426244
1.52270077497082,	56.3265768383972
1.52278911381838,	25.5983672391017
1.52287757700392,	66.5437340378688
1.52296593636745,	25.5891219726993
1.52305430785575,	61.402798767063
1.52314268772938,	56.2757269925143
1.52323130614165,	51.1505046235139
1.5233197065588,	76.7118925583444
1.52340823327577,	76.6980237780713
1.52349665423057,	61.3473271686482
1.5235851996437,	56.2248753852928
1.52367375534992,	51.1042782915016
1.52376220713092,	45.9855288419199
1.52385078528811,	35.7600510788199
1.52393925762467,	66.3995033025099
1.5240279687548,	61.2807608982827
1.52411646166712,	76.5870805812418
1.5242050810168,	66.3634504623514
1.5242937087988,	61.2474751210921
1.52438234688827,	81.648510788199
1.52447099528699,	35.7147547335975
1.52455965587118,	66.3153817701453
1.52464832489403,	56.1028480845443
1.52473700423153,	40.7946754733598
1.52482569388549,	40.7872813738441
1.52491451012591,	50.9748568912374
1.5250032204317,	86.6415411712902
1.52509194105935,	56.0520052840159
1.52518078644353,	20.3788498458829
1.52526952960979,	61.1254583883752
1.52535828122737,	81.4858247468076
1.52544715764686,	76.3790946719507
1.52553592993771,	20.3640616468516
1.52562482893778,	20.3603645970938
1.52571373642219,	55.9808348745046
1.52580242521718,	25.4412135623074
1.52589135340264,	40.6985468956407
1.5259802938326,	35.6047591369441
1.52606924275327,	45.7692311756935
1.52615808746457,	55.9300061646852
1.52624705899269,	66.0870858652576
1.52633592441002,	45.7442765301629
1.52642502941557,	40.6541875825628
1.5265140301923,	55.8893421400264
1.52660304322777,	45.7193271686482
1.52669195010535,	50.790011448701
1.52678098201223,	45.7026930867459
1.52687002618395,	66.0029907529723
1.52695907886233,	40.6098317921621
1.52704814192908,	60.9036600616469
1.52713721538601,	50.7438080140907
1.52722641585595,	60.8814865697931
1.52731551011231,	30.4351968295905
1.52740461476432,	50.7160898282695
1.52749373169542,	60.8482201673272
1.52758285714439,	40.5580889476002
1.52767199299445,	55.7572118009688
1.52776125406785,	20.271654777631
1.52785052745534,	40.535917217085
1.52793957969943,	55.7267230295024
1.52802887204639,	70.9119876706297
1.5281180618395,	45.5779621312197
1.52820737504918,	55.696239542052
1.52829669869956,	75.9355614266843
1.52838603467631,	50.6144676354029
1.52847526428604,	106.270988991634
1.5285646192563,	55.6555931307794
1.5286539846746,	50.5867600176134
1.52874336242748,	60.6930268604139
1.52883251878452,	65.7387741083223
1.52892203052618,	70.7826666666667
1.52901143962708,	50.5498141787759
1.52910074227816,	75.8108639365918
1.52919028543197,	60.6376081021577
1.52927961086208,	55.5743179216204
1.52936917496659,	65.6667335975341
1.52945863448687,	50.5036389255835
1.52954799127108,	60.5932822545135
1.52963758681532,	85.8247890797006
1.52972707774045,	55.5235279612506
1.52981657913747,	45.4200299427565
1.5299060928958,	65.5947054161163
1.52999573039885,	70.627526199912
1.53008526323625,	50.4390030823426
1.53017480844115,	75.6446499339498
1.5302643622391,	45.3784834874505
1.53035404173043,	60.4935658300308
1.53044361839847,	65.5226913254073
1.53053331890189,	70.5499762219287
1.53062291466977,	55.4219674152356
1.53071252281754,	60.4492487890797
1.53080225484604,	100.730287978864
1.53089199739554,	65.4626842800529
1.53098175235813,	80.5546948480846
1.5310715159554,	50.3374513430207
1.53116117474716,	55.3610427124615
1.53125096127675,	75.478490532805
1.53134064108682,	65.4026913254073
1.53143056403851,	60.3606393659181
1.53152026488779,	55.3204332892999
1.5316100916455,	70.3949079700573
1.53169993083288,	55.3001321003963
1.53178977866798,	60.3163399383532
1.53187963704444,	55.2798309114928
1.53196950785682,	30.1470964332893
1.53205938732182,	45.2123434610304
1.53214927733375,	75.340059885513
1.53223917978782,	65.2827230295024
1.53232920640747,	95.3956847203875
1.53241912808513,	60.2388375165126
1.53250906221117,	30.113882870982
1.5325991205484,	70.2528084544254
1.53268907580299,	65.2227564949362
1.53277903972328,	55.1783372963452
1.53286912979484,	40.1223214442977
1.53295911674931,	75.2155156318803
1.53304922799103,	90.2420096873624
1.53313923419708,	55.1377525319243
1.53322925286818,	35.0812029942757
1.53331928021482,	80.1708463232057
1.5334095494764,	35.0682923822105
1.5334995998945,	70.1236706296786
1.53358977469124,	65.1028428005284
1.53367996199066,	90.1257983267283
1.53377004227564,	65.0788692206077
1.53386024888191,	55.0565900484368
1.53395046799715,	60.0506719506825
1.53404069582829,	50.0330057243505
1.53413093427456,	105.049942756495
1.5342210694426,	60.0174742404227
1.53431144491844,	125.013357992074
1.53440171712025,	114.991080581242
1.53449199804622,	69.9816644649934
1.53458217374869,	69.9687573756055
1.53467259367289,	44.9716195508587
1.5347629064782,	84.9307230295024
1.53485323181345,	59.940036988111
1.53494368178368,	69.9171360634082
1.53503402649887,	44.9384341699692
1.53512438375031,	49.9223778071334
1.53521486568265,	94.8349995596654
1.53530524422557,	104.798284456187
1.53539563150919,	54.8841972699252
1.53548602943609,	89.7939216204315
1.5355765559079,	69.8268128577719
1.53566709115271,	74.8006199911933
1.53575752295034,	109.687304271246
1.53584796349694,	69.7881109643329
1.53593864680193,	79.7430964332893
1.53602922665242,	74.7453368560106
1.53611958312376,	74.7315156318802
1.53621018431706,	54.7929740202554
1.53630079429502,	89.6446464112726
1.53639141496246,	129.462768824307
1.53648204822514,	114.503564949362
1.53657269027746,	99.5498916776751
1.53666334492926,	84.6017472479084
1.53675389219793,	114.440003522677
1.5368445682327,	89.5451660061647
1.53693536926733,	109.423827388816
1.53702606481487,	79.5662263320123
1.53711677297249,	69.6075579040071
1.53720737368674,	69.5946649053281
1.53729821950467,	79.5220220167327
1.53738895788259,	54.6612628797887
1.53747970887906,	59.6194152355791
1.53757058498315,	84.4451889035667
1.53766135551738,	69.5302034346103
1.53775225500362,	79.4483628357552
1.53784304698955,	119.150448260678
1.53793385160464,	59.5641708498459
1.53802466503612,	74.4414108322325
1.53811560748309,	79.3894372523118
1.53820644238147,	89.2965495376486
1.53829740441876,	84.3199806252752
1.53838826270001,	109.099723469837
1.53847924624314,	104.121321003963
1.53857024245785,	123.930944958168
1.53866113106357,	54.519489211801
1.53875226527446,	89.1971431087627
1.5388431753875,	84.2261030383091
1.53893421465912,	84.2104623513871
1.53902526279313,	99.0527221488332
1.5391162051676,	94.0826032584765
1.53920727674838,	59.4095535006605
1.53929835719661,	69.2982650814619
1.53938956691061,	84.1322465874065
1.53948055234556,	89.064644649934
1.53957166705055,	93.9952021136064
1.53966279062974,	79.1391351827389
1.53975404353847,	74.1791422280934
1.53984518870844,	108.775836195509
1.53993634658209,	84.038416556583
1.5400275133367,	59.3101946279172
1.54011869279927,	133.423107001321
1.54020988114619,	64.2287978863937
1.54030119700508,	118.55417877587
1.54039240887913,	88.8990752972259
1.54048374638332,	113.57211448701
1.54057497987931,	88.8659709379128
1.54066633903652,	93.7855024218406
1.54075759416214,	113.50867459269
1.54084897498004,	88.8163240863056
1.54094025174299,	98.6664147952444
1.5410316542293,	93.7156265962131
1.54112295263727,	93.6981558784676
1.5412143767997,	93.6806939674153
1.54130581372573,	83.8039365918098
1.54139725958586,	103.503209158961
1.5414887182139,	88.7004896521356
1.5415800688725,	88.6839471598415
1.54167154919641,	83.7414372523118
1.54176303846124,	88.6508639365918
1.54185454050262,	118.179099955967
1.54194605148832,	123.0802553941
1.5420375752549,	118.134981946279
1.54212910796922,	123.034310876266
1.54222065346874,	118.090879788639
1.54231220791942,	83.6320863055923
1.54240377515962,	98.3723170409512
1.54249546840021,	103.271638925583
1.54258705740274,	118.002686041391
1.54267865536326,	78.6537560546015
1.54277038320952,	63.8942333773668
1.5428618858421,	54.054250990753
1.54295351836474,	68.7834557463673
1.54304539411079,	98.2437093791282
1.54313704843296,	108.047881990313
1.54322871172339,	78.565583443417
1.54332050499608,	98.188607661823
1.54341230726832,	93.2617313958609
1.54350388798609,	117.782249229414
1.54359571207684,	93.2268410391898
1.54368754901535,	88.3036336415676
1.54377927771953,	63.7629114927345
1.54387125375734,	93.1745063848525
1.54396300429561,	122.57508234258
1.54405488494506,	93.1396213121973
1.54414665731126,	78.4186737120212
1.5442385598209,	122.506226332012
1.54433047134731,	83.2886323205637
1.54442239573891,	132.257164244826
1.54451432915073,	122.437396741524
1.5446063927985,	122.414444738001
1.54469823073715,	117.49584676354
1.54479019891613,	97.8948533685601
1.54488217612223,	78.3011977102598
1.54497428362894,	83.179429326288
1.54506628468309,	73.3798450022017
1.54515829476954,	97.8214495816821
1.54525031774085,	107.583406428886
1.54534234974793,	97.784750330251
1.54543451213652,	78.2131202113606
1.54552656608606,	102.635459269045
1.54561875044951,	117.275653016292
1.54571082634935,	117.253641567591
1.54580303269551,	97.6930162923822
1.54589513055351,	126.977084984588
1.54598735889025,	131.836045794804
1.54607948064198,	146.456988110964
1.54617161144505,	126.90554117129
1.54626387277551,	156.162103038309
1.54635614318885,	136.61616556583
1.5464483088971,	102.442867459269
1.54654060132417,	156.074069572875
1.54663290669706,	170.673930427125
1.54672510347117,	156.01540114487
1.54681754857274,	121.864107441656
1.5469097673623,	146.209433729635
1.54700223453993,	112.07281549978
1.54709447728307,	126.667179216204
1.54718684685554,	116.901553500661
1.54727922938926,	165.579362395421
1.54737162102503,	150.941016292382
1.54746402562645,	165.517049757816
1.54755643933342,	126.54803874945
1.5476489838397,	145.989468956407
1.5477413037284,	155.692782034346
1.54783386841451,	121.612079260238
1.5479264461055,	165.361276970498
1.54801891505337,	170.192783795685
1.54811139698237,	179.8841778952
1.54820388802915,	136.102915015412
1.54829650998933,	165.236681638045
1.54838914303248,	189.500480845443
1.54848154931473,	189.464748568912
1.5485742045013,	189.429030383091
1.54866686884263,	150.54340114487
1.54875954620881,	150.51500660502
1.54885211472074,	160.195434610304
1.54894481426036,	198.993153676794
1.54903740685612,	194.10303126376
1.54913000858718,	160.104782034346
1.54922285946395,	174.626795244386
1.54931560145293,	145.494870981946
1.54940823838503,	193.956530162924
1.54950100450714,	189.071917217085
1.5495937798016,	150.259550858653
1.54968656814316,	198.692856010568
1.54977936566061,	169.583816820784
1.54987217622961,	164.707441655658
1.54996499791544,	150.146053720828
1.55005782878245,	154.960184940555
1.5501506727077,	169.455672391017
1.55024352581767,	145.22026772347
1.55033639199033,	150.032570673712
1.55042926928983,	111.293447820344
1.55052227404648,	135.462060766182
1.55061517361956,	135.4364332893
1.55070820068171,	149.919114046676
1.55080100422669,	154.725948040511
1.5508940555279,	135.359582562748
1.55098699771827,	145.000690444738
1.55108007134148,	164.303011889036
1.55117303582902,	159.440383971819
1.55126613178227,	130.426525759577
1.5513591205159,	154.550314398943
1.55145223686632,	207.637664464993
1.55154524791364,	222.081953324527
1.55163838855131,	149.635573756055
1.55173153843045,	110.998907970057
1.55182458297058,	183.354756494936
1.55191787368758,	173.671586085425
1.55201105907008,	115.759114046676
1.55210413713533,	183.250531043593
1.55219734294533,	173.572843681198
1.55229056189349,	163.898825187142
1.55238367348776,	178.326666666667
1.55247703144036,	139.743040070454
1.55257016540678,	144.534354909731
1.55266354579207,	173.408309995597
1.55275682074699,	158.927457507706
1.55285010690941,	173.342518714223
1.55294340233649,	158.867147512109
1.5530368295708,	149.210504623514
1.55313014938187,	149.182177014531
1.55322347846297,	153.965266402466
1.55331682070701,	177.988540730956
1.55341029287881,	187.573909291061
1.55350365563214,	177.920921180097
1.55359703155518,	177.887124614707
1.55369041870393,	206.694400704536
1.55378393389868,	168.207663584324
1.55387746229851,	158.565653896962
1.55397088121741,	163.339619550859
1.55406443212546,	144.095793923382
1.55415787547551,	153.672951122853
1.55425144695201,	158.445088507266
1.55434491279387,	148.814044914135
1.55443862760835,	167.983908410392
1.55453223289551,	139.160183179216
1.55462561361794,	139.133696169089
1.55471924337632,	172.684838397182
1.55481300138644,	153.468412153236
1.55490665371831,	182.209049757816
1.55500019838166,	162.998106560986
1.55509387131649,	196.519119330691
1.55518755748817,	124.598138265082
1.55528125494872,	172.487649493615
1.55537496174922,	143.712327608983
1.5554686817934,	215.527418758256
1.55556241313258,	158.02332540731
1.55565627286878,	181.931570233377
1.55575002681818,	210.617447820344
1.55584391114908,	172.290515191546
1.55593756667004,	186.612477322765
1.5560314736378,	172.224829590489
1.55612527281809,	119.577761338617
1.55621908135461,	143.465942756495
1.55631302230752,	167.345000440335
1.55640685543599,	152.97196125055
1.55650081906086,	176.840066930867
1.55659467288262,	181.584870101277
1.55668865918743,	186.327848524879
1.55678253761849,	205.399170409511
1.55687654465695,	214.911584324086
1.55697056500438,	210.095638925584
1.55706447744104,	195.733551739322
1.55715839925207,	181.376931748129
1.55725257294231,	233.836084544254
1.55734651940306,	224.248901805372
1.55744059456852,	262.368769704976
1.55753468305672,	209.854911492735
1.55762878291379,	219.351832672831
1.55772289414181,	209.774673712021
1.55781701478573,	176.367709379128
1.55791114876158,	171.568199031264
1.55800529411455,	133.416401585205
1.55809944888892,	157.210678996037
1.5581936170021,	147.654511668868
1.55828779649859,	161.912671070013
1.55838198542196,	195.210250990753
1.55847618769104,	176.131631880229
1.55857052084775,	195.135535006605
1.55866474591237,	180.822696609423
1.5587590999382,	152.242575077059
1.55885322826492,	166.483427564949
1.55894760707238,	218.764889476002
1.55904199730862,	152.15510876266
1.55913627743042,	137.864146191105
1.55923057091637,	171.108901805372
1.55932499542222,	190.084574196389
1.55941942940403,	156.789708498459
1.55951375714308,	180.511112285337
1.55960821595169,	175.72712109203
1.55970268620361,	137.705646851607
1.55979704625259,	147.174360193747
1.55989153938265,	170.879369440775
1.55998604396227,	132.880683399384
1.56008043830098,	161.324154997798
1.56017484602694,	213.476278291502
1.56026950469724,	180.234263320123
1.56036405508115,	132.778689564069
1.5604586149613,	180.165058564509
1.56055318826699,	165.909639806253
1.56064777303681,	165.877778952004
1.56074236927285,	199.015098194628
1.5608369750125,	175.289139586085
1.56093159418699,	217.885160722149
1.56102622483396,	227.314730074857
1.56112086695548,	217.801416116248
1.56121563849208,	236.695168648173
1.56131030358329,	208.251697049758
1.56140498015533,	222.407903126376
1.56149966821028,	227.096308234258
1.56159436578365,	203.401310435931
1.56168919678728,	236.467665345663
1.56178403930922,	179.680834874505
1.56187865333966,	179.646259797446
1.56197351690782,	170.158435931308
1.5620682739328,	212.657113166006
1.56216316250499,	203.166562747688
1.56225806260598,	236.194712461471
1.56235285219054,	245.595175693527
1.56244777534061,	203.04921003963
1.5625425899178,	278.548730955526
1.56263753612558,	264.334312637605
1.56273249190321,	273.722062527521
1.56282746119148,	306.698381329811
1.56292244202326,	301.921727873184
1.56301731421968,	297.146902686041
1.56311243832579,	358.393814178776
1.56320733161989,	259.313948040511
1.56330235863193,	329.972260678115
1.56339739719802,	287.491792162043
1.56349256757432,	353.405326287979
1.56358750702913,	339.203645970938
1.56368258026975,	301.456156759137
1.56377766507285,	343.782062527521
1.5638728817531,	381.383186261559
1.56396798772953,	376.602018494056
1.56406310724711,	301.22343989432
1.5641582383356,	404.690821664465
1.56425350136827,	404.612667547336
1.56434865561958,	385.718939674152
1.56444381947437,	357.426523998239
1.56453911729717,	418.484391017173
1.56463430630101,	451.31163011889
1.56472962733288,	427.723140466755
1.56482495997979,	408.843066490533
1.56492018179511,	357.081195948921
1.56501553766357,	361.7096556583
1.56511078465032,	399.212655217966
1.56520616374905,	399.135413474241
1.56530155447346,	300.467339498019
1.56539683430227,	328.572563628358
1.56549224826945,	342.587940114487
1.56558767386866,	361.289933949802
1.56568311110204,	342.455307793923
1.56577855997172,	309.557169528842
1.56587389788176,	342.32267547336
1.56596937001546,	281.306601497138
1.56606485379184,	365.627756935271
1.56616034921304,	384.303413474241
1.56625585628117,	426.400417437252
1.56635137301978,	360.730405988551
1.56644690338795,	323.189268163805
1.56654244540944,	346.541572875385
1.56663799908641,	337.11020343461
1.56673356442098,	351.08838221048
1.56682926020336,	336.97945222369
1.56692496965666,	322.876003522677
1.56702044920868,	332.170252752092
1.56711606120948,	308.718078379569
1.56721180570542,	341.394622633201
1.56730744105966,	308.598238661383
1.56740320696157,	378.660658740643
1.56749886567755,	289.782747688243
1.56759465695626,	275.707438132981
1.5676903390428,	317.702797005724
1.56778615372588,	359.681787758697
1.56788185720906,	326.919911933069
1.56797769530485,	331.525768383972
1.56807342415794,	401.488371642448
1.56816940664982,	350.067124614707
1.56826515891395,	373.332350506385
1.56836104387617,	359.262497578159
1.56845693858016,	415.170700132101
1.56855272596191,	471.05713430207
1.56864864609259,	377.705005724351
1.56874457795539,	331.010316160282
1.56884064263063,	288.995015411713
1.56893647688601,	321.560885953325
1.5690325650659,	326.157683839718
1.56912842078537,	326.094177014531
1.56922453247831,	321.373102597975
1.56932053479371,	321.31050990753
1.56941654885633,	293.313298106561
1.56951257466831,	325.840172611185
1.56960861223182,	288.545058564509
1.56970478276059,	335.019284896521
1.56980072063474,	302.38899339498
1.56989691470679,	320.934973139586
1.56999312056869,	306.921424922942
1.57008921695166,	283.614487010128
1.57018532509911,	274.262132981066
1.57028156631387,	311.389461911052
1.57037781932716,	255.568336415676
1.57047396082172,	250.872686922061
1.57057023742346,	227.599291941876
1.57066628310996,	218.266906208719
1.57076258329418,	273.941127256715
1.57085889528778,	250.67681549978
1.57095509768816,	236.704091589608
1.5710515547118,	194.8947001321
1.57114777872128,	269.087716424483
1.57124425940841,	278.312223690004
1.5713405090169,	222.606261558785
1.57143689189725,	241.109641567591
1.57153328660219,	222.519237340379
1.57162969313389,	236.380452664025
1.5717259899706,	259.504257155438
1.57182254168631,	245.554189343901
1.57191898171869,	259.402719506825
1.57201543557899,	314.927404667547
1.57211177969334,	300.974622633201
1.57220837881474,	310.174670189344
1.57230486819455,	282.342559225011
1.57240136941856,	259.148958168208
1.57249800413227,	291.485497137825
1.57259452906614,	245.169918097754
1.57269106585076,	203.497419638926
1.57278761249341,	263.570014971378
1.57288429468892,	171.055781594011
1.57298098877164,	231.111165125495
1.57307757301071,	235.687161602818
1.57317416911144,	263.363420519595
1.57327077707603,	277.17029326288
1.57336764046247,	300.208928225451
1.57346427219124,	295.532361074417
1.57356091579042,	300.091158080141
1.57365769108794,	304.64815323646
1.57375448028705,	309.203348304712
1.5738512813931,	322.984850726552
1.5739479725405,	327.534617349185
1.57404479745203,	336.694809335095
1.57414163427709,	262.847054161163
1.57423848301789,	267.405877586966
1.57433522174886,	262.743797446059
1.57443209431271,	248.866266842801
1.57452897879889,	276.463725231176
1.5746258752096,	331.691270805813
1.57472290353505,	299.384644649934
1.57481970181338,	271.695700572435
1.57491675602848,	257.829942756495
1.57501357814125,	276.192036988111
1.57511065625529,	239.319330691325
1.57520762427421,	276.083351827389
1.57530460423309,	280.62951651255
1.57540159613414,	344.968364597094
1.57549872208758,	285.117710259798
1.5755957378946,	280.463799207398
1.5756927656504,	262.021130779392
1.57578992751037,	326.312892998679
1.57588710135365,	317.058527520916
1.57598416299615,	321.590180537208
1.57608123859903,	376.645690885073
1.57617844837516,	326.05577102598
1.57627554791497,	353.540082782915
1.57637278166259,	353.470365477763
1.57647002740683,	330.45256010568
1.57656716287618,	321.209939233818
1.57666431031643,	348.673421400264
1.57676171433753,	330.257011008366
1.57685900807534,	288.917854689564
1.57695619148679,	334.71177102598
1.57705350922716,	352.982434169969
1.5771508389797,	430.828542492294
1.57724818074662,	348.26066226332
1.57734553453015,	352.773340378688
1.57744290033252,	430.573275209159
1.57754027815595,	430.488213121973
1.57763754355565,	471.611959489212
1.57773506786744,	476.096579480405
1.57783248176718,	416.502132981066
1.57792990769688,	485.060389255835
1.57802734565878,	443.788234258036
1.57812491817056,	402.532364597094
1.57822238021869,	461.905999119331
1.5783198543057,	388.655830911493
1.57841734043384,	406.864974020256
1.57851496118135,	393.072588287098
1.57861234882241,	388.425074416557
1.57870999369361,	347.228922941436
1.57880765064519,	356.295963011889
1.57890519704273,	401.89529898723
1.57900275549479,	360.72089123734
1.57910044867058,	401.736031704095
1.5791981539357,	419.91351651255
1.57929574859507,	406.140158520476
1.57939347803041,	383.24729898723
1.57949121956182,	337.555670629679
1.57958885044866,	369.413308674593
1.57968661616375,	346.541250550418
1.57978439398164,	341.913650374285
1.57988218390458,	319.056079260238
1.57997986313116,	287.093463672391
1.5800778000746,	337.153956847204
1.58017550349212,	314.310844561867
1.58027334184254,	305.139767503303
1.58037119230925,	214.010758256275
1.58046917777422,	291.361007485689
1.58056692960056,	268.545039189784
1.58066481441474,	232.086034346103
1.58076283830945,	213.840688683399
1.58086074940663,	254.738247468076
1.58095854766212,	236.495616028182
1.58105660597677,	268.278187582563
1.5811545534699,	263.678620871863
1.58125263610117,	236.354490532805
1.58135060788495,	263.573697930427
1.58144859180981,	249.890830471158
1.58154658787803,	231.67082870982
1.58164471915442,	263.416311756935
1.58174273953136,	267.90458652576
1.58184089515152,	267.851237340379
1.58193893984622,	290.492593571114
1.58203699669557,	204.211901365037
1.58213531197966,	272.228273007486
1.58223339317561,	294.855168648173
1.582331486533,	267.584413914575
1.58242971523885,	281.134298546896
1.58252795614123,	276.544702774108
1.58262621126233,	335.413555261999
1.58272435131401,	308.156345222369
1.58282275407069,	321.687254953765
1.58292092052091,	335.21276442096
1.58301922242497,	312.500833113166
1.5831175365392,	362.247441655658
1.58321586286587,	371.229472479084
1.58331420140726,	443.575860854249
1.58341255216564,	425.385717305152
1.58351091514329,	339.335661822986
1.58360929034249,	357.362103038309
1.58370767776552,	348.245342140026
1.58380607741466,	420.523894319683
1.58390461270667,	388.79378423602
1.58400303683018,	384.196044033466
1.58410147318665,	338.928679876706
1.58419992177834,	352.41529898723
1.58429850608342,	370.413708498459
1.58439697916777,	270.980156759137
1.58449546449418,	261.895029502422
1.58459408558692,	248.298997798327
1.58469259541969,	270.817368560106
1.5847912410541,	284.30127344782
1.58488977540238,	288.756088066931
1.58498844558762,	266.143677675033
1.58508700446056,	284.130342580361
1.5851856992058,	252.50964332893
1.58528428261256,	261.475415235579
1.58538300192696,	184.798985468956
1.58548173353709,	243.344937032144
1.58558047744524,	256.812554821665
1.58567923365371,	234.238120651695
1.58577787845819,	216.176391017173
1.58587665925879,	198.121904007045
1.58597545439508,	166.569053280493
1.58607413605982,	135.028847203875
1.58617295377379,	184.50235667107
1.58627190758556,	143.972903566711
1.58637074994549,	116.954472919419
1.58646960462414,	161.904392778512
1.58656847162382,	152.878957287539
1.58666735094682,	157.343741083223
1.58676624259545,	148.322833993835
1.58686514657203,	134.811811536768
1.58696406287884,	125.799033025099
1.58706299151821,	152.725213562307
1.58716205641507,	121.257370321444
1.5872610097419,	121.232952884192
1.58736009936178,	179.568197269925
1.58745920135437,	157.090516952884
1.58755819377,	112.184901805372
1.58765719649976,	134.594747688243
1.5877563355937,	139.053202994276
1.58785536303866,	112.117074416557
1.58795452688339,	165.899802730075
1.58805357905283,	192.763589608102
1.58815276765763,	179.278784676354
1.58825196865369,	156.837292822545
1.58835105793493,	170.246118890357
1.58845028370497,	174.691003082343
1.58854952187324,	228.395947159842
1.58864864828715,	201.485139586085
1.58874791124333,	219.350608542492
1.58884718864055,	210.35501893439
1.5889464764097,	214.787242624395
1.58904565237174,	165.531697049758
1.58914496494739,	196.808708058124
1.58924441418557,	196.768905328049
1.58934375160809,	129.662363716425
1.58944297717067,	183.278670189344
1.58954246371293,	151.956442095993
1.58964183839992,	169.799293703214
1.58974122551305,	187.63491677675
1.58984074939595,	214.396480845443
1.58994016342256,	218.818761778952
1.59003958784394,	300
1.5901390247008,	400
1.59023847399546,	500
1.59033806014937,	700
1.59043753434223,	900
1.59053714543015,	990
1.59063664453055,	1400
1.59073615608045,	1600
1.59083580457915,	1666
1.59093534309181,	1677
1.59103501654821,	1700
1.59113470249465,	1800
1.59123440093347,	1870
1.59133398729204,	2000
1.59143371070706,	1700
1.59153332201531,	1400
1.59163307041592,	700
1.59173283132065,	307.008931748129
1.59183260677536,	289.152507265522
1.59193239269566,	200.141789520035
1.59203206644283,	186.76099339498
1.59213187737222,	142.265141347424
1.59223182553307,	102.232260678115
1.592331536781,	106.655422280934
1.59243151001197,	111.076774988992
1.59253124627216,	93.2854900924703
1.59263112185007,	75.5014425363276
1.59273113270417,	79.9264112725672
1.59283115611962,	57.7128648172611
1.59293094244847,	84.3323769264641
1.59303086612156,	102.065750770586
1.59313092718821,	84.2979903126376
1.59323087595352,	53.2299762219287
1.59333083930799,	102.003304271246
1.59343093806306,	93.1144447380009
1.59353092447685,	93.0954381329811
1.59363104837443,	101.940852487891
1.59373105990408,	101.920036988111
1.59383120895363,	97.4688172611185
1.59393124560862,	79.7309220607662
1.59403142186877,	75.2860396301189
1.5941314836588,	79.6983355350066
1.59423168304101,	79.6820413914575
1.59433176997532,	53.1104958168208
1.59443211959846,	84.0744218405989
1.59453223170222,	106.17754117129
1.5946324814705,	79.6168612945839
1.59473274589612,	66.3338053720828
1.59483289575642,	35.3707864376927
1.59493318333553,	88.4088595332453
1.59503360868304,	83.9712126816381
1.5951337963367,	75.1167468075738
1.59523412176352,	66.2658969616909
1.5953344618635,	44.1682113606341
1.59543481253429,	92.7342316160282
1.59553530106413,	48.5651114046676
1.59563567700392,	66.2115684720388
1.5957360655739,	75.02438221048
1.59583646677647,	79.4212840158521
1.59593688266805,	70.5822069572876
1.59603730914319,	26.4628938793483
1.59613774825807,	74.9628022897402
1.59623832535908,	110.216773227653
1.59633878977638,	79.3397763099956
1.59643939221616,	44.0685953324527
1.59653988400103,	74.9012170849846
1.59664038638224,	66.0757164244826
1.59674102684049,	52.8497067371202
1.59684155454802,	79.2582492294144
1.59694209491441,	48.4256345222369
1.59704277341243,	70.4227917217085
1.59714334117665,	57.20673888155
1.59724417055405,	70.3938000880669
1.59734476162746,	52.7844790841039
1.59744549090536,	61.5692065169529
1.59754610733863,	65.953417877587
1.59764686407129,	57.1478467635403
1.59774763145542,	61.5311510347865
1.59784841155164,	92.2776979304272
1.5979490787495,	61.5057807133422
1.59805000988993,	43.9236371642448
1.59815070249227,	48.3060343461031
1.59825166116542,	70.2488172611185
1.59835237918213,	61.4550312637605
1.59845323558575,	52.6648630559225
1.59855410471831,	70.2053192426244
1.59865511230605,	30.7084808454425
1.59875600898087,	43.8601937472479
1.59885679057521,	39.4660184940555
1.59895783641931,	61.3788921180097
1.5990587692488,	92.0492998678996
1.59915971482169,	78.8830823425804
1.59926067520301,	70.1037886393659
1.59936177210523,	43.8058036107442
1.59946275593895,	43.7967362395421
1.59956375252574,	65.681500660502
1.59966488775073,	26.2671598414795
1.59976603782934,	61.2773491853809
1.59986707272188,	35.0083716424483
1.59996812037714,	52.5016767943637
1.60006930674395,	52.4907917217085
1.60017050797512,	52.4799101717305
1.6002715939652,	65.5862791721709
1.60037281872186,	74.3157040951123
1.60047405628522,	65.5590752972259
1.60057518063165,	56.8060730955526
1.60067644586602,	34.9503267283135
1.60077759579045,	56.7824834874505
1.60087901064717,	43.6697648612946
1.60098018617497,	52.3928295904888
1.60108162877104,	48.0167785116689
1.6011828299122,	30.5497824746808
1.60128416998531,	52.36016556583
1.60138552288701,	56.7117181858212
1.60148688861974,	26.1691941875826
1.60158826925455,	43.6062492294144
1.60168966065691,	52.3166094231616
1.60179106489761,	34.8704782034346
1.60189260821267,	30.5053157199472
1.60199404022301,	13.0709837076178
1.60209548300962,	26.1365213562307
1.60219693864432,	34.8414319682959
1.60229840712957,	52.2512567151035
1.60239989053851,	8.70672655217966
1.602501511062,	17.409822985469
1.60260301812979,	34.81238221048
1.6027045380579,	39.1557586966094
1.60280619929814,	39.1475896081022
1.60290774497049,	60.8835367679437
1.60300942992015,	39.1312426243946
1.60311112777198,	17.3880317040951
1.60321271415948,	52.1531941875826
1.60331443780721,	21.7259568472039
1.60341604789063,	47.7871140466755
1.60351779734381,	43.4337472479084
1.60361943527939,	39.0821963892558
1.60372121054811,	34.732464993395
1.60382299873618,	82.4723434610304
1.60392479984606,	56.4166340819023
1.60402661595514,	26.0329951563188
1.6041284429163,	13.0137719066491
1.60423015620437,	30.359107001321
1.60433200901031,	30.3527485689124
1.60443400346078,	39.0167802730075
1.60453575550324,	17.3371571994716
1.6046376471192,	47.6671845002202
1.60473955167666,	25.9948287098195
1.60484159795393,	21.6578124174373
1.60494352841818,	30.3145750770586
1.60504547183135,	30.3082113606341
1.60514743027372,	21.6441778952004
1.60524939959239,	25.9675579040071
1.60535138186737,	25.9621030383091
1.60545337710115,	25.9566464112726
1.60555551418661,	4.3251977102598
1.60565753536176,	38.9186032584765
1.60575969634691,	25.9402782915015
1.60586174347306,	34.5797622192867
1.60596380565031,	51.8587283135183
1.60606587872151,	38.8858617349185
1.60616809167713,	43.1974161162484
1.60627031972435,	0
1.60637243176382,	30.2254531043593
1.60647455678682,	34.5360986349626
1.60657694874169,	25.8966164685161
1.60667910185327,	30.2063478643769
1.60678139287955,	51.771392338177
1.60688369693161,	17.2534918538089
1.60698601609452,	-21.5623126376046
1.60708821915207,	38.8039700572435
1.60719056228047,	38.7957798326728
1.60729279135846,	47.4070523998239
1.60739528973058,	30.1617507705857
1.60749767197391,	43.0791122853369
1.60760006726043,	12.9210022016733
1.60770235052618,	47.3669960369881
1.60780477189066,	12.9155402906209
1.60790733348913,	30.1298863936592