1.450163,	451.56955
1.450303,	168.81105
1.450442,	196.20134
1.450581,	149.756424
1.450721,	179.24794
1.45086,	170.776596
1.450999,	183.387909
1.451139,	172.811798
1.451278,	166.454178
1.451418,	214.870041
1.451557,	181.126587
1.451697,	202.14502
1.451836,	191.576065
1.451976,	199.954651
1.452116,	210.434021
1.452255,	180.934937
1.452395,	187.206955
1.452535,	191.373322
1.452674,	182.922562
1.452814,	189.19014
1.452954,	180.743393
1.453094,	191.211212
1.453234,	199.573807
1.453374,	189.029861
1.453514,	174.290588
1.453654,	170.054779
1.453794,	209.899673
1.453933,	222.446487
1.454074,	188.82962
1.454214,	211.863876
1.454354,	199.235641
1.454494,	211.774033
1.454634,	184.476868
1.454774,	205.396576
1.454915,	199.066696
1.455055,	205.309448
1.455195,	167.563995
1.455335,	207.316452
1.455476,	217.740784
1.455616,	215.601364
1.455757,	213.462845
1.455897,	200.863571
1.456038,	219.647888
1.456178,	267.704407
1.456318,	244.646622
1.456459,	252.956894
1.4566,	200.650467
1.45674,	221.504517
1.456881,	229.814362
1.457022,	233.943115
1.457162,	277.748444
1.457303,	254.722656
1.457444,	267.193237
1.457585,	279.658478
1.457725,	233.694748
1.457866,	258.678497
1.458007,	300.337006
1.458148,	231.460571
1.458289,	262.683197
1.45843,	281.386444
1.458571,	297.997864
1.458712,	287.517212
1.458853,	281.207031
1.458994,	285.312408
1.459135,	264.43042
1.459276,	326.824799
1.459418,	274.724182
1.459559,	324.60498
1.4597,	287.089478
1.459841,	293.268158
1.459983,	282.808411
1.460124,	305.617584
1.460265,	318.024078
1.460407,	330.425293
1.460548,	326.199554
1.46069,	315.743805
1.460831,	348.905731
1.460973,	311.456665
1.461114,	315.542206
1.461256,	323.777008
1.461397,	298.807465
1.461539,	275.923126
1.461681,	327.718567
1.461822,	323.501312
1.461964,	290.259857
1.462106,	275.68811
1.462248,	317.077393
1.462389,	321.153778
1.462531,	350.086609
1.462673,	321.016907
1.462815,	318.877869
1.462957,	339.511841
1.463099,	333.230225
1.463241,	314.5354
1.463383,	293.779633
1.463525,	306.127563
1.463667,	291.586395
1.463809,	287.389099
1.463952,	266.656769
1.464094,	309.999878
1.464236,	328.529785
1.464378,	342.920166
1.46452,	278.821381
1.464663,	326.254669
1.464805,	330.313965
1.464947,	346.755646
1.46509,	338.427338
1.465232,	330.102539
1.465375,	348.596405
1.465517,	336.148438
1.46566,	342.262115
1.465802,	336.004913
1.465945,	350.359741
1.466087,	333.800934
1.46623,	379.050964
1.466373,	321.300659
1.466516,	399.480865
1.466658,	364.396973
1.466801,	399.310211
1.466944,	395.109192
1.467087,	376.507996
1.467229,	405.225281
1.467372,	382.516724
1.467515,	421.500916
1.467658,	402.909851
1.467801,	376.105835
1.467944,	365.751526
1.468087,	353.34726
1.46823,	349.163879
1.468373,	314.180298
1.468516,	373.650909
1.46866,	348.939941
1.468803,	359.126068
1.468946,	387.773193
1.469089,	371.28006
1.469233,	389.658112
1.469376,	367.020416
1.469519,	405.891022
1.469663,	375.061432
1.469806,	381.128387
1.469949,	360.560425
1.470093,	303.133636
1.470236,	387.027008
1.47038,	366.470917
1.470523,	438.033417
1.470667,	401.103577
1.470811,	386.695648
1.470954,	394.795105
1.471098,	378.349487
1.471242,	417.117645
1.471385,	406.807007
1.471529,	410.807495
1.471673,	427.066528
1.471817,	426.975006
1.471961,	473.861145
1.472105,	404.329315
1.472249,	402.201019
1.472393,	406.197205
1.472537,	440.802948
1.472681,	475.393829
1.472825,	403.896118
1.472969,	497.623871
1.473113,	452.659058
1.473257,	503.526154
1.473401,	523.799438
1.473545,	537.950989
1.47369,	566.357178
1.473834,	531.609741
1.473978,	527.422913
1.474122,	543.59729
1.474267,	521.090088
1.474411,	474.1716
1.474555,	551.385925
1.4747,	524.823059
1.474845,	530.811646
1.474989,	487.997894
1.475134,	540.74823
1.475278,	544.697021
1.475423,	518.163818
1.475567,	540.399963
1.475712,	576.844421
1.475857,	590.935486
1.476002,	562.384766
1.476146,	578.502625
1.476291,	513.437622
1.476436,	592.456787
1.476581,	610.586182
1.476726,	612.483093
1.476871,	583.964294
1.477015,	593.974854
1.47716,	593.847168
1.477306,	622.088379
1.47745,	656.395142
1.477596,	714.992798
1.477741,	674.338257
1.477886,	714.685303
1.478031,	682.144897
1.478176,	736.638977
1.478321,	702.084473
1.478467,	695.864807
1.478612,	715.939392
1.478757,	770.37915
1.478903,	766.170288
1.479048,	778.132141
1.479193,	773.923279
1.479339,	814.161743
1.479484,	836.204468
1.47963,	817.850037
1.479776,	856.033936
1.479921,	837.683044
1.480067,	894.00885
1.480212,	956.363281
1.480358,	901.692688
1.480504,	907.548767
1.480649,	887.18988
1.480795,	895.062378
1.480941,	818.281616
1.481087,	880.571472
1.481233,	821.958191
1.481378,	854.007812
1.481524,	859.864929
1.48167,	863.706238
1.481816,	883.648682
1.481962,	905.594971
1.482108,	933.567749
1.482255,	897.158264
1.482401,	951.265381
1.482547,	979.210022
1.482693,	898.588257
1.482839,	898.394409
1.482985,	862.031494
1.483132,	845.773804
1.483278,	859.651062
1.483424,	901.63562
1.483571,	929.54834
1.483717,	885.18866
1.483863,	981.323914
1.48401,	947.003906
1.484156,	1015.00116
1.484303,	1026.815063
1.48445,	1038.623657
1.484596,	982.269775
1.484743,	1030.158447
1.484889,	999.879456
1.485036,	969.613525
1.485183,	1011.465027
1.485329,	941.160156
1.485476,	956.973083
1.485623,	1070.857788
1.48577,	1016.594727
1.485917,	1046.386108
1.486064,	1066.163086
1.48621,	1129.928589
1.486357,	1183.669312
1.486504,	1135.437256
1.486652,	1193.150513
1.486799,	1272.818359
1.486946,	1254.563721
1.487093,	1366.140137
1.48724,	1295.954956
1.487387,	1223.803711
1.487534,	1303.378418
1.487682,	1370.945312
1.487829,	1430.502319
1.487976,	1426.203491
1.488124,	1543.556152
1.488271,	1557.178955
1.488418,	1678.439087
1.488566,	1733.878784
1.488713,	1841.100342
1.488861,	1938.314697
1.489008,	1983.703491
1.489156,	1979.291626
1.489303,	1994.789429
1.489451,	2073.972656
1.489599,	2119.292236
1.489746,	2208.361328
1.489894,	2388.889648
1.490042,	2597.180664
1.49019,	2660.241211
1.490338,	2838.566162
1.490485,	2943.28125
1.490633,	3107.558594
1.490781,	3194.291016
1.490929,	3189.626709
1.491077,	3073.768311
1.491225,	2934.137451
1.491373,	2756.856201
1.491521,	2504.246338
1.491669,	2303.327637
1.491818,	2066.793213
1.491966,	1933.480225
1.492114,	1728.850342
1.492262,	1667.027222
1.49241,	1541.814331
1.492559,	1563.274536
1.492707,	1529.26001
1.492855,	1463.572388
1.493004,	1498.89563
1.493152,	1441.161499
1.493301,	1343.86853
1.493449,	1307.959106
1.493598,	1307.675171
1.493746,	1309.369263
1.493895,	1299.197632
1.494044,	1247.512451
1.494192,	1265.031006
1.494341,	1282.541992
1.49449,	1294.11792
1.494638,	1418.282227
1.494787,	1445.622559
1.494936,	1569.699829
1.495085,	1525.929932
1.495234,	1523.624756
1.495383,	1582.489014
1.495532,	1651.191406
1.495681,	1672.528076
1.49583,	1624.839111
1.495979,	1583.085083
1.496128,	1618.219604
1.496277,	1602.102905
1.496426,	1619.486084
1.496575,	1664.438232
1.496724,	1658.168213
1.496874,	1825.163452
1.497023,	1848.388062
1.497172,	1920.803223
1.497322,	2028.60376
1.497471,	2000.621948
1.49762,	2169.327148
1.49777,	2052.842041
1.497919,	2072.054199
1.498069,	2046.052124
1.498218,	2010.236084
1.498368,	2131.604492
1.498518,	2188.101562
1.498667,	2246.537842
1.498817,	2291.205322
1.498967,	2384.925537
1.499116,	2411.880859
1.499266,	2533.002441
1.499416,	2654.071045
1.499566,	2792.737549
1.499716,	2911.73584
1.499865,	2936.585693
1.500015,	3106.458008
1.500165,	3017.604248
1.500315,	3036.537109
1.500465,	2904.647217
1.500615,	2761.065186
1.500765,	2740.885498
1.500916,	2802.923096
1.501066,	2861.019531
1.501216,	2897.569092
1.501366,	2977.135986
1.501516,	3119.248535
1.501667,	3057.956543
1.501817,	3090.520752
1.501967,	3154.340576
1.502118,	3083.310547
1.502268,	3065.056396
1.502419,	2904.234619
1.502569,	2733.719727
1.50272,	2713.600586
1.50287,	2738.381836
1.503021,	2794.374023
1.503171,	2916.674072
1.503322,	3011.613037
1.503473,	3016.805664
1.503623,	3252.057617
1.503774,	3418.982666
1.503925,	3441.621826
1.504076,	3261.617432
1.504227,	3251.165039
1.504377,	3131.654541
1.504528,	3218.59082
1.504679,	3165.32666
1.50483,	3160.742432
1.504981,	3072.488525
1.505132,	2846.148438
1.505283,	2977.785889
1.505435,	2862.405273
1.505586,	2848.17041
1.505737,	2884.478516
1.505888,	3006.275146
1.506039,	2912.360107
1.506191,	3055.463867
1.506342,	2920.796387
1.506493,	2772.596191
1.506645,	2647.754883
1.506796,	2522.968018
1.506948,	2504.953125
1.507099,	2516.044189
1.507251,	2587.25415
1.507402,	2648.737305
1.507554,	2805.185791
1.507705,	2870.470459
1.507857,	3067.494873
1.508008,	3148.192139
1.50816,	3285.024414
1.508312,	3530.240479
1.508464,	3432.663574
1.508616,	3515.144775
1.508767,	3117.653076
1.508919,	3105.361328
1.509071,	3147.237305
1.509223,	3192.962646
1.509375,	3176.794922
1.509527,	3324.947998
1.509679,	3372.536621
1.509831,	3723.468994
1.509983,	3761.289551
1.510136,	3996.097656
1.510288,	4087.90918
1.51044,	4227.944336
1.510592,	4279.131348
1.510744,	4170.128418
1.510897,	4030.304443
1.511049,	4120.077637
1.511201,	4009.251953
1.511354,	3964.027832
1.511506,	4074.959229
1.511659,	4162.715332
1.511811,	4288.968262
1.511964,	4426.723145
1.512116,	4502.788574
1.512269,	4771.368652
1.512422,	4993.629395
1.512574,	5183.073242
1.512727,	5449.402344
1.51288,	5846.432617
1.513032,	6277.90918
1.513185,	6261.146973
1.513338,	6296.299805
1.513491,	6417.932129
1.513644,	6335.811035
1.513797,	6455.458984
1.51395,	6736.405273
1.514103,	6859.752441
1.514256,	7345.925293
1.514409,	8306.020508
1.514562,	8795.499023
1.514715,	8323.475586
1.514868,	6740.955078
1.515022,	5561.887207
1.515175,	4948.991211
1.515328,	4512.73291
1.515481,	4350.743652
1.515635,	4344.038574
1.515788,	4270.283203
1.515942,	4257.851562
1.516095,	4436.919434
1.516249,	4656.112793
1.516402,	4836.927734
1.516556,	5054.022949
1.516709,	5403.036621
1.516863,	5640.95166
1.517016,	5915.097656
1.51717,	6009.395508
1.517324,	6174.379395
1.517478,	5918.836914
1.517631,	5785.692871
1.517785,	5541.80957
1.517939,	5464.193359
1.518093,	5088.734375
1.518247,	4782.165527
1.518401,	4615.061523
1.518555,	4293.46582
1.518709,	4361.200195
1.518863,	4098.930176
1.519017,	4000.772705
1.519171,	4038.021484
1.519325,	3842.70874
1.519479,	3843.767334
1.519634,	3804.814697
1.519788,	3916.361572
1.519942,	3984.057373
1.520097,	4263.067871
1.520251,	4385.86084
1.520405,	4596.144531
1.52056,	4560.881348
1.520714,	4464.759277
1.520869,	4298.308105
1.521023,	4050.166748
1.521178,	3952.318604
1.521332,	3797.493896
1.521487,	3701.644531
1.521642,	3674.230225
1.521796,	3587.946533
1.521951,	3723.880371
1.522106,	3635.725098
1.522261,	3684.273682
1.522416,	3717.618896
1.52257,	3785.100586
1.522725,	4017.580322
1.52288,	4005.314209
1.523035,	4199.721191
1.52319,	4439.536621
1.523345,	4398.756836
1.5235,	4515.26123
1.523656,	4662.023926
1.523811,	4714.023926
1.523966,	4783.04248
1.524121,	4821.740234
1.524276,	4680.615723
1.524432,	4687.149902
1.524587,	4828.002441
1.524742,	4843.958008
1.524898,	5151.12207
1.525053,	5359.838867
1.525209,	5320.850098
1.525364,	5529.436523
1.52552,	5628.348145
1.525675,	5543.990723
1.525831,	5410.568359
1.525986,	5258.324219
1.526142,	5215.631836
1.526298,	5188.056152
1.526453,	5268.041504
1.526609,	5366.855469
1.526765,	5390.185547
1.526921,	5355.051758
1.527077,	5536.727051
1.527233,	5789.941895
1.527389,	6152.334961
1.527545,	6324.29248
1.527701,	6754.211914
1.527857,	7063.42334
1.528013,	7508.048828
1.528169,	7737.901367
1.528325,	8323.316406
1.528481,	9025.119141
1.528637,	9809.374023
1.528794,	10924.261719
1.52895,	12228.549805
1.529106,	13372.481445
1.529263,	14284.748047
1.529419,	14969.260742
1.529575,	16134.363281
1.529732,	17340.265625
1.529888,	18817.892578
1.530045,	19949.451172
1.530201,	20812.119141
1.530358,	21670.650391
1.530515,	22701.390625
1.530671,	22718.859375
1.530828,	23550.140625
1.530985,	25125.322266
1.531142,	26068.15625
1.531298,	25565.783203
1.531455,	23793.402344
1.531612,	21060.914062
1.531769,	18985.072266
1.531926,	16812.792969
1.532083,	15730.882812
1.53224,	14958.237305
1.532397,	14019.414062
1.532554,	13821.758789
1.532711,	13927.158203
1.532869,	14245.662109
1.533026,	14898.634766
1.533183,	15960.611328
1.53334,	17375.261719
1.533497,	18703.351562
1.533655,	20327.808594
1.533812,	22321.261719
1.533969,	24476.242188
1.534127,	27014.748047
1.534284,	30613.888672
1.534442,	35452.050781
1.534599,	42227.855469
1.534757,	50981.03125
1.534915,	58947.28125
1.535072,	61799.050781
1.53523,	58028.425781
1.535388,	49838.308594
1.535545,	42281.421875
1.535703,	35958.867188
1.535861,	31394.865234
1.536019,	29075.947266
1.536177,	26640.816406
1.536335,	23229.9375
1.536493,	19753.607422
1.536651,	16509.4375
1.536809,	13973.279297
1.536967,	12150.234375
1.537125,	10679.268555
1.537283,	9621.464844
1.537441,	8774.054688
1.537599,	8140.612793
1.537758,	7433.17627
1.537916,	7032.375
1.538074,	6754.25293
1.538233,	6611.717773
1.538391,	6513.770996
1.538549,	6345.384277
1.538708,	6355.096191
1.538866,	6374.073242
1.539025,	6311.483398
1.539183,	6475.009277
1.539342,	6692.191406
1.539501,	7024.122559
1.539659,	7413.314941
1.539818,	7943.049805
1.539977,	8657.658203
1.540136,	9127.655273
1.540294,	9826.87793
1.540453,	10646.029297
1.540612,	11448.168945
1.540771,	12715.911133
1.54093,	14373.148438
1.541089,	16360.476562
1.541248,	19183.974609
1.541407,	23033.365234
1.541566,	28218.251953
1.541725,	33980.644531
1.541884,	39253.078125
1.542044,	41701
1.542203,	41614.183594
1.542362,	38062.632812
1.542521,	32644.173828
1.542681,	26366.939453
1.54284,	20750.705078
1.543,	16677.958984
1.543159,	13712.749023
1.543318,	11740.102539
1.543478,	10549.362305
1.543638,	9451.235352
1.543797,	8850.726562
1.543957,	8070.087402
1.544116,	7433.347168
1.544276,	6962.489746
1.544436,	6425.617188
1.544596,	5958.873047
1.544755,	5376.496094
1.544915,	5136.30957
1.545075,	4499.238281
1.545235,	4112.354004
1.545395,	3699.922607
1.545555,	3614.606934
1.545715,	3266.740967
1.545875,	3163.200928
1.546035,	2896.351562
1.546195,	2969.10498
1.546355,	2911.566406
1.546516,	2958.604248
1.546676,	2871.752197
1.546836,	2839.941162
1.546997,	2635.843018
1.547157,	2472.152588
1.547317,	2279.220703
1.547478,	2148.655029
1.547638,	2124.365967
1.547799,	2136.706543
1.547959,	2158.194092
1.54812,	2069.864502
1.54828,	2215.777344
1.548441,	2037.838501
1.548602,	2094.077148
1.548762,	2311.196533
1.548923,	2451.439453
1.549084,	2586.13623
1.549245,	2506.984619
1.549405,	2307.296875
1.549566,	1999.939209
1.549727,	1842.452881
1.549888,	1562.721313
1.550049,	1544.118652
1.55021,	1461.656616
1.550371,	1506.937988
1.550532,	1429.993042
1.550694,	1467.966797
1.550855,	1500.453979
1.551016,	1478.244141
1.551177,	1576.318115
1.551338,	1685.279663
1.5515,	1663.042969
1.551661,	1613.499512
1.551823,	1689.606323
1.551984,	1711.07019
1.552145,	1703.40625
1.552307,	1653.897827
1.552469,	1657.164307
1.55263,	1684.071655
1.552792,	1750.96814
1.552953,	1837.830566
1.553115,	1793.799194
1.553277,	1940.574341
1.553438,	1782.093018
1.5536,	1812.567749
1.553762,	1928.370728
1.553924,	2053.198486
1.554086,	2065.441406
1.554248,	2001.467041
1.55441,	1884.910645
1.554572,	1851.839111
1.554734,	1874.99585
1.554896,	1983.349976
1.555058,	2035.466797
1.55522,	2147.360107
1.555382,	2250.144043
1.555544,	2218.845459
1.555707,	2428.409668
1.555869,	2369.927246
1.556031,	2537.730957
1.556194,	2625.833496
1.556356,	2845.972168
1.556519,	3120.277344
1.556681,	3468.60498
1.556844,	4205.504395
1.557006,	4759.500488
1.557169,	5394.572266
1.557332,	5975.152344
1.557494,	5970.192871
1.557657,	5694.334473
1.55782,	4837.197266
1.557982,	4054.459229
1.558145,	3411.041992
1.558308,	2755.283936
1.558471,	2374.024902
1.558634,	1964.080566
1.558797,	1631.856689
1.55896,	1411.553223
1.559123,	1330.129272
1.559286,	1344.244751
1.559449,	1277.28479
1.559612,	1206.752808
1.559775,	1163.263184
1.559939,	1137.796387
1.560102,	1090.741943
1.560265,	1067.102295
1.560429,	1014.687744
1.560592,	987.478394
1.560755,	1008.834778
1.560919,	1037.372925
1.561082,	956.252625
1.561246,	923.689514
1.561409,	939.650757
1.561573,	896.328491
1.561736,	894.330139
1.5619,	892.332642
1.562064,	971.112427
1.562227,	927.82196
1.562391,	956.319763
1.562555,	945.340698
1.562719,	936.159973
1.562883,	909.053284
1.563047,	928.566284
1.563211,	948.070496
1.563375,	931.72998
1.563539,	863.446716
1.563703,	947.427368
1.563867,	1002.720825
1.564031,	1036.507202
1.564195,	1147.237915
1.564359,	1139.820923
1.564524,	1153.874634
1.564688,	1099.957031
1.564852,	1088.979248
1.565017,	1135.213989
1.565181,	1084.911621
1.565346,	1116.830688
1.56551,	1011.172913
1.565674,	985.938232
1.565839,	1023.215027
1.566004,	989.062378
1.566168,	1012.042114
1.566333,	1029.657837
1.566498,	1022.288208
1.566662,	906.116516
1.566827,	839.929443
1.566992,	736.331787
1.567157,	668.430603
1.567322,	522.148743
1.567487,	427.601654
1.567652,	352.691406
1.567817,	254.663818
1.567982,	167.363434
1.568147,	129.94426
1.568312,	85.423424
1.568477,	64.053032
1.568642,	76.49044
1.568807,	49.796429
1.568973,	46.22905
1.569138,	62.217293
1.569303,	58.648708
1.569469,	53.304909
1.569634,	55.069237
1.5698,	51.504692
1.569965,	58.595482
1.570131,	51.481308
1.570296,	46.145176
1.570462,	65.653229
1.570627,	46.124222
1.570793,	49.660957
1.570959,	51.422882
1.571124,	46.0928
1.57129,	60.261509
1.571456,	76.19577
1.571622,	63.777313
1.571788,	47.822113
1.571954,	58.435966
1.57212,	44.259609
1.572286,	44.24955
1.572452,	58.39613
1.572618,	37.152725
1.572784,	53.063251
1.57295,	51.282814
1.573116,	38.895355
1.573283,	56.562199
1.573449,	38.877666
1.573615,	42.402351
1.573782,	51.224518
1.573948,	38.851139
1.574115,	49.43565
1.574281,	44.128929
1.574448,	40.589375
1.574614,	65.28109
1.574781,	56.446468
1.574947,	38.798115
1.575114,	29.973536
1.575281,	54.645176
1.575447,	56.395081
1.575614,	70.477798
1.575781,	51.084766
1.575948,	29.939421
1.576115,	58.104458
1.576282,	49.28952
1.576449,	38.718658
1.576616,	42.228909
1.576782,	51.014969
1.57695,	54.520817
1.577117,	47.475048
1.577284,	45.706291
1.577451,	47.453403
1.577618,	38.656921
1.577786,	33.377911
1.577953,	68.496933
1.57812,	43.898273
1.578288,	47.399323
1.578455,	40.367989
1.578623,	50.887157
1.57879,	45.61256
1.578958,	59.633587
1.579125,	47.345276
1.579293,	91.162682
1.57946,	159.498291
1.579628,	189.251465
1.579796,	157.673553
1.579963,	77.067245
1.580131,	64.791748
1.580299,	31.513113
1.580467,	52.509861
1.580635,	69.997162
1.580803,	64.732582
1.580971,	45.477371
1.581139,	55.959358
1.581307,	54.198242
1.581475,	33.21069
1.581643,	47.18335
1.581812,	31.448378
1.58198,	55.895447
1.582148,	59.37534
1.582316,	33.172752
1.582485,	61.093727
1.582653,	38.39299
1.582821,	33.150002
1.58299,	57.563148
1.583158,	40.110592
1.583327,	55.793278
1.583495,	34.86282
1.583664,	60.995979
1.583833,	34.84687
1.584001,	62.710014
1.58417,	55.729477
1.584339,	29.599508
1.584508,	59.185467
1.584677,	43.508762
1.584845,	57.418419
1.585014,	29.572412
1.585183,	34.783108
1.585352,	39.991413
1.585521,	38.243893
1.58569,	52.138821
1.58586,	33.013687
1.586029,	66.012245
1.586198,	52.102993
1.586367,	64.245636
1.586536,	69.43882
1.586706,	48.596035
1.586875,	39.909023
1.587044,	46.838982
1.587214,	60.703278
1.587383,	39.88158
1.587553,	53.741108
1.587722,	39.863293
1.587892,	39.854149
1.588061,	46.774574
1.588231,	50.227833
1.588401,	48.484715
1.588571,	41.548794
1.58874,	39.808456
1.58891,	46.720943
1.58908,	53.630253
1.58925,	43.240276
1.58942,	48.417992
1.58959,	44.949245
1.58976,	38.025242
1.58993,	32.832443
1.5901,	50.10117
1.59027,	51.816891
1.59044,	56.985489
1.590611,	43.160912
1.590781,	51.781193
1.590951,	48.318012
1.591121,	34.504936
1.591292,	46.570957
1.591462,	39.662441
1.591632,	37.929268
1.591803,	63.775467
1.591973,	41.35836
1.592144,	44.79459
1.592315,	39.616875
1.592485,	53.384377
1.592656,	39.598656
1.592827,	61.966251
1.592997,	46.463997
1.593168,	51.614788
1.593339,	29.241652
1.59351,	34.394028
1.593681,	41.263336
1.593852,	41.253841
1.594023,	60.148006
1.594194,	51.543568
1.594365,	44.660809
1.594536,	54.954494
1.594707,	51.507977
1.594878,	27.464596
1.59505,	29.174414
1.595221,	41.177921
1.595392,	20.584219
1.595563,	27.439302
1.595735,	37.720348
1.595906,	58.281654
1.596078,	51.413139
1.596249,	35.980907
1.596421,	61.667336
1.596592,	34.251736
1.596764,	54.790146
1.596936,	47.930325
1.597107,	42.785069
1.597279,	65.018311
1.597451,	44.475952
1.597623,	54.727009
1.597794,	54.714386
1.597966,	32.479176
1.598138,	37.598789
1.59831,	44.424683
1.598482,	37.58144
1.598654,	40.988476
1.598826,	35.85664
1.598999,	46.090755
1.599171,	59.733482
1.599343,	52.894585
1.599515,	46.058842
1.599688,	47.753696
1.59986,	46.037575
1.600032,	17.047016
