1.51228618555486,	102.179932089843
1.51237287187259,	81.7439465895795
1.51245956628407,	74.918721178333
1.51254627063536,	54.4767201229725
1.51263298492817,	47.6587078716131
1.51271970916422,	47.6502879298874
1.51280655592875,	74.8657902585634
1.51289318747285,	27.2191134971436
1.51298005415822,	40.8214536444353
1.51306681819722,	68.0237226696033
1.51315359218801,	47.6081813384725
1.5132403761323,	88.3995595016863
1.51332728269287,	54.3901025535137
1.51341408656223,	61.1780393236516
1.51350101492449,	108.741705095556
1.51358783872599,	88.3369926813041
1.51367478520238,	95.1153073164017
1.51376162894268,	95.098458255902
1.51384859538718,	47.5408057448322
1.51393545907315,	88.2744235666598
1.51402244549264,	47.5239589785945
1.5141094419087,	95.0310688966894
1.51419644832304,	81.4407621538532
1.5142833519339,	88.2118475692294
1.51437037833701,	54.2745864592654
1.51445741659323,	61.0480785555326
1.51454446300517,	40.6914951705784
1.51463151942402,	40.6842751279051
1.5147185858515,	88.1336155275656
1.51480566228933,	54.2264413701333
1.51489274873924,	142.319136439764
1.51497984520295,	60.9830821116388
1.5150669516822,	60.9722486062358
1.51515406817872,	54.1879252988277
1.5152411965458,	60.9505815954298
1.51532844604145,	40.6264987266846
1.51541547964111,	60.9289122903618
1.51550263622417,	87.9927799573267
1.51559002882955,	40.6048294216165
1.51567720549215,	54.1301397205589
1.51576439218413,	60.8855782687499
1.51585170194444,	20.2915800582743
1.51593890871336,	47.3385917819533
1.51602612737033,	81.1374217083075
1.51611346728661,	114.924215935944
1.51620081726697,	67.5904421042972
1.51628806421079,	60.8205634707596
1.51637543431148,	74.3229953885333
1.51646270135306,	54.0434579117627
1.51655020472248,	60.7880537775025
1.51663749188179,	40.5181430242962
1.51672490411225,	87.7736572831349
1.51681232456399,	87.7580081216877
1.51689975509372,	94.4917681877624
1.5169871957032,	121.46773349852
1.51707464639416,	94.4580471241426
1.51716199393558,	94.4411911808567
1.51724946478169,	87.6797416660931
1.51733706083008,	74.1773028655333
1.5174244385927,	53.9374928304311
1.5175120529894,	67.4098240301007
1.51759956420611,	40.4386697868631
1.51768708551652,	74.1243100006883
1.51777461692238,	87.5858054006929
1.51786215842543,	33.680826852043
1.51794971188562,	94.2894578658775
1.51803738695196,	60.6038130635281
1.51812495877036,	53.8604193911029
1.51821265408258,	87.5075297680501
1.51830035952691,	67.3014407965678
1.51838796168929,	67.2893982150641
1.51847568924953,	67.2773556335605
1.51856331164584,	13.4530616927065
1.51865105761021,	33.6266317938835
1.51873870024725,	80.6894624544016
1.51882646648207,	87.3979282813683
1.51891412936686,	73.938848739303
1.51900191773992,	40.3230527450846
1.51908971440035,	47.0351343290431
1.51917752121048,	40.3086034826898
1.51926533817205,	47.0182737972331
1.51935316528683,	26.8627641269186
1.51944100255658,	47.0014086768991
1.51952885184514,	73.8461123729553
1.51961670943034,	40.2724665611306
1.51970457717579,	53.6869915341731
1.51979245508326,	107.354711267121
1.51988034315451,	53.6677197329479
1.51996824139131,	53.6580838323353
1.52005615165879,	33.530279670544
1.52014407023219,	46.9339619611352
1.5202321126679,	46.9255282538372
1.5203200515979,	60.321983618969
1.52040811442007,	40.2074311147819
1.52049596184721,	73.7003670819281
1.52058404504995,	40.1929772638631
1.5206720247014,	73.6738752380297
1.52076012830477,	60.2677839722853
1.52084824211769,	73.6473742170831
1.52093625421062,	33.4700575859775
1.521024274625,	100.392107738546
1.52111253287428,	20.0748090026843
1.52120045985743,	20.0711932456925
1.5212886247054,	53.5135499116709
1.52137680164017,	26.7519581526602
1.52146498693055,	100.301771170303
1.52155318244468,	80.2269690504049
1.52164138818436,	53.4750063092207
1.52172960415135,	60.1485442907289
1.52181783221512,	33.409837795673
1.52190595470031,	60.1268658086127
1.52199431530214,	93.5138206345929
1.52208257219641,	46.7484777571294
1.52217083932689,	26.7085988941657
1.52225911856414,	40.0556725629201
1.52234740617262,	73.4221533943607
1.52243570402266,	53.3882923807557
1.52252412615059,	20.016998187533
1.52261233045454,	26.6845114368963
1.52270077497082,	106.718771652098
1.52278911381838,	46.6810356298897
1.52287757700392,	60.0076330098424
1.52296593636745,	86.6620322573245
1.52305430785575,	46.6557413907817
1.52314268772938,	26.6556083235827
1.52323130614165,	119.92855209122
1.5233197065588,	73.2764241631679
1.52340823327577,	113.224908803084
1.52349665423057,	86.5680982861863
1.5235851996437,	53.2630440268888
1.52367375534992,	19.9700277605708
1.52376220713092,	46.588303852066
1.52385078528811,	66.5426755684034
1.52393925762467,	66.5306375754239
1.5240279687548,	33.2592974969601
1.52411646166712,	59.8558974006011
1.5242050810168,	26.5978020969555
1.5242937087988,	86.4272099479203
1.52438234688827,	73.1174685112534
1.52447099528699,	73.1042214421731
1.52455965587118,	79.7356092412875
1.52464832489403,	59.7908757198247
1.52473700423153,	106.275616582926
1.52482569388549,	26.5640879161218
1.52491451012591,	66.3981806501939
1.5250032204317,	59.7475256383784
1.52509194105935,	73.0115080184459
1.52518078644353,	86.2706816252552
1.52526952960979,	13.2700048179503
1.52535828122737,	53.0703833711887
1.52544715764686,	99.4889095372474
1.52553592993771,	72.9452910271411
1.52562482893778,	86.1924220524469
1.52571373642219,	66.2898226535435
1.52580242521718,	39.7666712551908
1.52589135340264,	46.3860210613256
1.5259802938326,	46.3775942368137
1.52606924275327,	92.7383394131278
1.52615808746457,	66.2296326886457
1.52624705899269,	79.4611145525042
1.52633592441002,	39.7233326450547
1.52642502941557,	72.8128708101039
1.5265140301923,	79.4177759423682
1.52660304322777,	72.7863881432537
1.52669195010535,	72.7731456626976
1.52678098201223,	33.0726845160254
1.52687002618395,	13.2266662078143
1.52695907886233,	92.5698212769863
1.52704814192908,	26.4437033978021
1.52713721538601,	59.4875031546103
1.52722641585595,	85.9107509119692
1.52731551011231,	99.1097322596187
1.52740461476432,	46.2427833987198
1.52749373169542,	19.8147245738408
1.52758285714439,	59.4333448046436
1.52767199299445,	66.0250166333999
1.52776125406785,	66.0129832289444
1.52785052745534,	59.4008534654828
1.52793957969943,	26.3955651914562
1.52802887204639,	13.195377061968
1.5281180618395,	46.1753940395072
1.52820737504918,	52.7622548007434
1.52829669869956,	52.752628077179
1.52838603467631,	85.7073737582307
1.52847526428604,	65.9167205818249
1.5285646192563,	32.9523435886847
1.5286539846746,	59.3033932135729
1.52874336242748,	85.6448161148967
1.52883251878452,	65.8685938467892
1.52892203052618,	52.6852524835387
1.52901143962708,	59.2600798403194
1.52910074227816,	32.9162525523665
1.52919028543197,	46.0743295019157
1.52927961086208,	78.9701332966252
1.52936917496659,	65.796416362677
1.52945863448687,	32.8921926262418
1.52954799127108,	85.5040677266158
1.52963758681532,	85.4884277422167
1.52972707774045,	39.4489824947806
1.52981657913747,	78.8835317870007
1.5299060928958,	65.7242434670888
1.52999573039885,	91.9971046412922
1.53008526323625,	39.4201137953977
1.53017480844115,	59.1193498061349
1.5302643622391,	78.8113634799367
1.53035404173043,	98.4961708766376
1.53044361839847,	45.9564594948035
1.53053331890189,	91.8960905774658
1.53062291466977,	85.3164521531649
1.53071252281754,	65.6160139491133
1.53080225484604,	98.405983435428
1.53089199739554,	65.5919632000367
1.53098175235813,	45.9059604928075
1.5310715159554,	39.340750682543
1.53116117474716,	78.6670704567876
1.53125096127675,	13.1087755523436
1.53134064108682,	32.7659256200243
1.53143056403851,	91.7277628650745
1.53152026488779,	111.363271158832
1.5316100916455,	52.3966320233097
1.53169993083288,	78.5805148324042
1.53178977866798,	58.9245715465621
1.53187963704444,	78.5516690756418
1.53196950785682,	45.8133916075894
1.53205938732182,	91.6099639800858
1.53214927733375,	78.5083992933673
1.53223917978782,	98.1174753940395
1.53232920640747,	78.4795512423429
1.53241912808513,	78.465138688141
1.53250906221117,	98.0633881661964
1.5325991205484,	98.0453690320509
1.53268907580299,	65.3515612453255
1.53277903972328,	130.679090095671
1.53286912979484,	71.8602817353798
1.53295911674931,	78.3786174776883
1.53304922799103,	65.3034964553651
1.53313923419708,	58.7623328056531
1.53322925286818,	58.7515199486086
1.53331928021482,	78.320942023998
1.5334095494764,	71.7809851561246
1.5334995998945,	91.340798862046
1.53358977469124,	78.277697478606
1.53367996199066,	84.78522036387
1.53377004227564,	91.290343451029
1.53386024888191,	97.7930690343451
1.53395046799715,	84.7383715327965
1.53404069582829,	71.6884896872921
1.53413093427456,	58.6434120265217
1.5342210694426,	58.6325968752151
1.53431144491844,	58.6217886066947
1.53440171712025,	117.221960676348
1.53449199804622,	84.6446991075321
1.53458217374869,	91.1390139261707
1.53467259367289,	65.0872874939776
1.5347629064782,	71.5828068001927
1.53485323181345,	149.645531924656
1.53494368178368,	39.0307591713126
1.53503402649887,	84.5510358593159
1.53512438375031,	91.0381558721637
1.53521486568265,	39.0091495170578
1.53530524422557,	52.0025925161172
1.53539563150919,	110.485105650767
1.53548602943609,	64.9792323399179
1.5355765559079,	77.9606786427146
1.53566709115271,	64.9552274760823
1.53575752295034,	71.4375478927203
1.53584796349694,	110.383075228853
1.53593864680193,	71.4111432307798
1.53602922665242,	77.8886571684218
1.53611958312376,	77.8742606740542
1.53621018431706,	103.813143827288
1.53630079429502,	90.8197008282286
1.53639141496246,	6.4859201137954
1.53648204822514,	97.2708238695024
1.53657269027746,	51.8681717025719
1.53666334492926,	77.7878633537523
1.53675389219793,	90.7357078945557
1.5368445682327,	97.1988322206163
1.53693536926733,	90.7021176038727
1.53702606481487,	136.027980819969
1.53711677297249,	116.573820175741
1.53720737368674,	84.1766122926561
1.53729821950467,	90.6349393167688
1.53738895788259,	64.7272489503751
1.53747970887906,	58.2437286346847
1.53757058498315,	58.2329341317365
1.53766135551738,	90.567767912451
1.53775225500362,	84.0830545804942
1.53784304698955,	77.6007364581183
1.53793385160464,	168.103741941405
1.53802466503612,	96.9649459701287
1.53811560748309,	71.0944318260032
1.53820644238147,	103.390898662445
1.53829740441876,	90.4502558102187
1.53838826270001,	103.352529423911
1.53847924624314,	122.708353408126
1.53857024245785,	83.9427604560993
1.53866113106357,	83.9271732397275
1.53875226527446,	77.4568564021383
1.5388431753875,	83.896007984032
1.53893421465912,	83.8804299447083
1.53902526279313,	83.8648427283365
1.5391162051676,	83.8492646890128
1.53920727674838,	148.321120976438
1.53929835719661,	128.950928028999
1.53938956691061,	77.3561750063092
1.53948055234556,	96.67724321472
1.53957166705055,	96.6592676715535
1.53966279062974,	148.183313832106
1.53975404353847,	45.0908826026109
1.53984518870844,	90.1649872668456
1.53993634658209,	90.1482185055177
1.5400275133367,	96.569401427031
1.54011869279927,	141.60877096382
1.54020988114619,	70.791203799298
1.54030119700508,	102.949863491408
1.54039240887913,	102.930697226237
1.54048374638332,	96.479555830867
1.54057497987931,	51.4461812008168
1.54066633903652,	96.4436276871545
1.54075759416214,	115.710794502948
1.54084897498004,	122.116417739234
1.54094025174299,	96.3897331773235
1.5410316542293,	147.770048408929
1.54112295263727,	77.0830431091839
1.5412143767997,	70.6462867368711
1.54130581372573,	38.527154885631
1.54139725958586,	102.719923371648
1.5414887182139,	128.375953839448
1.5415800688725,	77.0112074701173
1.54167154919641,	70.5804368274945
1.54176303846124,	128.304127377429
1.54185454050262,	89.7961295799206
1.54194605148832,	76.9537430885356
1.5420375752549,	57.7045357560741
1.54212910796922,	83.3354394658958
1.54222065346874,	57.6829926354188
1.54231220791942,	76.8962947667883
1.54240377515962,	128.136561360039
1.54249546840021,	83.2732030192489
1.54258705740274,	102.470959230963
1.54267865536326,	102.451809025627
1.54277038320952,	89.6285819166265
1.5428618858421,	102.413520086264
1.54295351836474,	115.193679308051
1.54304539411079,	102.375238029688
1.54313704843296,	83.1643311078992
1.54322871172339,	127.921194392824
1.54332050499608,	115.107543533622
1.54341230726832,	115.086011884277
1.54350388798609,	95.8870672448207
1.54359571207684,	95.8691261155849
1.54368754901535,	108.631344208135
1.54377927771953,	127.777663064675
1.54387125375734,	102.203000894762
1.54396300429561,	114.956851813614
1.54405488494506,	70.2382545254319
1.54414665731126,	51.072799229128
1.5442385598209,	108.509376649001
1.54433047134731,	153.161018193498
1.54442239573891,	108.468724619726
1.54451432915073,	63.7931768646615
1.5446063927985,	108.4280817675
1.54469823073715,	108.407759194255
1.54479019891613,	108.387436621011
1.54488217612223,	70.119898134765
1.54497428362894,	133.840158762934
1.54506628468309,	133.815068713148
1.54515829476954,	95.5642622800377
1.54525031774085,	108.285844403148
1.54534234974793,	121.002649872668
1.54543451213652,	114.61258632161
1.54552656608606,	101.858735402758
1.54561875044951,	146.3944501801
1.54571082634935,	108.184279716429
1.54580303269551,	95.4387936770138
1.54589513055351,	108.143662101085
1.54598735889025,	101.763156445729
1.54607948064198,	89.0260398742745
1.54617161144505,	165.303005483286
1.54626387277551,	82.6359763232157
1.54635614318885,	139.819223621722
1.5464483088971,	120.730272787758
1.54654060132417,	133.413643976415
1.54663290669706,	114.333060316149
1.54672510347117,	209.571190951431
1.54681754857274,	101.591171679629
1.5469097673623,	107.920320278982
1.54700223453993,	120.594145043247
1.54709447728307,	95.1879918324271
1.54718684685554,	120.548773716934
1.54727922938926,	126.869564319637
1.54737162102503,	164.899401197605
1.54746402562645,	158.527271892996
1.54755643933342,	133.137843852525
1.5476489838397,	164.806300043591
1.5477413037284,	158.437758964829
1.54783386841451,	158.407915204075
1.5479264461055,	158.378087503155
1.54801891505337,	139.346451923739
1.54811139698237,	145.65294239108
1.54820388802915,	158.288572280726
1.54829650998933,	132.93734599766
1.54838914303248,	170.88723472595
1.54848154931473,	158.19909376649
1.5485742045013,	177.149581297176
1.54866686884263,	158.139440658912
1.54875954620881,	196.055922637484
1.54885211472074,	170.726182118522
1.54894481426036,	170.693975267855
1.54903740685612,	113.77451304288
1.54913000858718,	151.670725216234
1.54922285946395,	139.005260742882
1.54931560145293,	195.8340789685
1.54940823838503,	164.216927065409
1.54950100450714,	183.130463211508
1.5495937798016,	145.21397435015
1.54968656814316,	201.998683093583
1.54977936566061,	138.847856012114
1.54987217622961,	182.992149035263
1.54996499791544,	164.030931240966
1.55005782878245,	170.30763071558
1.5501506727077,	182.888439213527
1.55024352581767,	170.243251428178
1.55033639199033,	132.386388143254
1.55042926928983,	163.875969899282
1.55052227404648,	214.258820290454
1.55061517361956,	252.021531649345
1.55070820068171,	170.082357124831
1.55080100422669,	163.752026980522
1.5508940555279,	170.018012251359
1.55098699771827,	182.577378576181
1.55108007134148,	169.953667377888
1.55117303582902,	182.508273108955
1.55126613178227,	176.181531190493
1.5513591205159,	213.894197811274
1.55145223686632,	157.245362149265
1.55154524791364,	194.947335214628
1.55163838855131,	138.323511597495
1.55173153843045,	169.728515383027
1.55182458297058,	163.411296946337
1.55191787368758,	144.528758574804
1.55201105907008,	131.936031385505
1.55210413713533,	150.755450019501
1.55219734294533,	200.969160529516
1.55229056189349,	207.210168169408
1.55238367348776,	213.448778305458
1.55247703144036,	163.194580953036
1.55257016540678,	169.439142404846
1.55266354579207,	163.132670291601
1.55275682074699,	175.647995962099
1.55285010690941,	219.518338036571
1.55294340233649,	244.559719641177
1.5530368295708,	188.08714524973
1.55313014938187,	181.783054580494
1.55322347846297,	250.687652281644
1.55331682070701,	187.98003992016
1.55341029287881,	225.53319567761
1.55350365563214,	175.381395829032
1.55359703155518,	181.610500837406
1.55369041870393,	150.269789157318
1.55378393389868,	181.541484846399
1.55387746229851,	156.471535090738
1.55397088121741,	181.472484915227
1.55406443212546,	137.64260444628
1.55415787547551,	118.850554064285
1.55425144695201,	100.065643425792
1.55434491279387,	175.08157248721
1.55443862760835,	168.79654254709
1.55453223289551,	137.511762681534
1.55462561361794,	187.480358822585
1.55471924337632,	162.452052217404
1.55481300138644,	149.927203065134
1.55490665371831,	168.635996971574
1.55500019838166,	156.11470163122
1.55509387131649,	212.275566109161
1.55518755748817,	137.32863009613
1.55528125494872,	149.784511436896
1.55537496174922,	168.475469750155
1.5554686817934,	143.488804001193
1.55556241313258,	193.361103081194
1.55565627286878,	205.796785738867
1.55575002681818,	143.406781838622
1.55584391114908,	137.145557161539
1.55593756667004,	162.050198453667
1.5560314736378,	149.556280542364
1.55612527281809,	124.606469818983
1.55621908135461,	118.35355725331
1.55631302230752,	186.838387592631
1.55640685543599,	180.57599054764
1.55650081906086,	174.3159542983
1.55659467288262,	155.609541835869
1.55668865918743,	180.472613393902
1.55678253761849,	161.772149952968
1.55687654465695,	192.845352972217
1.55697056500438,	199.028143712575
1.55706447744104,	205.208571363021
1.55715839925207,	142.996840801156
1.55725257294231,	211.346254617202
1.55734651940306,	198.876105260743
1.55744059456852,	211.265492004497
1.55753468305672,	149.10007800491
1.55762878291379,	155.282884805102
1.55772289414181,	142.832945603047
1.55781701478573,	136.596689379861
1.55791114876158,	173.817096840801
1.55800529411455,	192.403537752082
1.55809944888892,	186.161357744282
1.5581936170021,	198.534115676693
1.55828779649859,	204.699139651731
1.55838198542196,	173.650879849496
1.55847618769104,	155.015740931929
1.55857052084775,	179.783836923853
1.55866474591237,	198.344180604309
1.5587590999382,	235.488622754491
1.55885322826492,	235.443515268314
1.55894760707238,	173.451458003533
1.55904199730862,	173.41823708904
1.55913627743042,	210.538942804047
1.55923057091637,	142.396111225824
1.55932499542222,	142.368814095946
1.55941942940403,	191.851625484663
1.55951375714308,	160.876970197536
1.55960821595169,	136.10055979994
1.55970268620361,	160.815268313947
1.55979704625259,	129.864340284947
1.55989153938265,	148.387916121779
1.55998604396227,	129.81452267878
1.56008043830098,	154.511439190584
1.56017484602694,	154.481788147842
1.56026950469724,	172.986399614564
1.56036405508115,	166.776286507445
1.5604586149613,	185.271411200587
1.56055318826699,	179.061295799206
1.56064777303681,	179.026900222543
1.56074236927285,	203.681150342992
1.5608369750125,	172.787170486613
1.56093159418699,	240.621584417372
1.56102622483396,	265.24975336683
1.56112086695548,	265.198765687017
1.56121563849208,	209.651742492027
1.56131030358329,	228.106557000941
1.56140498015533,	191.079548948081
1.56149966821028,	191.042808635602
1.56159436578365,	258.782403010072
1.56168919678728,	209.450221396288
1.56178403930922,	227.887269139881
1.56187865333966,	246.317209259642
1.56197351690782,	246.269807511414
1.5620682739328,	246.222389703352
1.56216316250499,	209.248753068576
1.56225806260598,	319.965886617569
1.56235285219054,	289.144233372336
1.56244777534061,	362.898373368206
1.5625425899178,	332.080287700461
1.56263753612558,	375.05548213917
1.56273249190321,	356.541402252965
1.56282746119148,	411.787411384128
1.56292244202326,	380.98357537798
1.56301731421968,	454.634652534013
1.56311243832579,	405.406809369766
1.56320733161989,	466.742051529126
1.56330235863193,	466.652010920687
1.56339739719802,	491.117920480877
1.56349256757432,	460.334214329961
1.56358750702913,	515.474850299401
1.56368258026975,	539.917023424416
1.56377766507285,	607.289441806043
1.5638728817531,	668.50271870053
1.56396798772953,	686.769295890977
1.56406310724711,	705.02873104366
1.5641582383356,	686.504076903664
1.56425350136827,	680.243097712621
1.56434865561958,	643.348943492326
1.56444381947437,	649.350586183954
1.56453911729717,	636.975517929658
1.56463430630101,	618.481671140478
1.56472962733288,	544.893362699888
1.56482495997979,	465.21225135935
1.56492018179511,	459.002243788286
1.56501553766357,	434.438103104137
1.56511078465032,	385.412744625691
1.56520616374905,	324.173423268406
1.56530155447346,	391.378924908803
1.56539683430227,	336.276201619749
1.56549224826945,	330.098189827242
1.56558767386866,	336.146009131163
1.56568311110204,	274.975320623122
1.56577855997172,	281.031452038452
1.56587389788176,	311.518014545621
1.56596937001546,	305.350643540505
1.56606485379184,	335.820648358456
1.56616034921304,	347.964874848005
1.56625585628117,	335.690524697731
1.56635137301978,	353.932314680983
1.56644690338795,	335.560401037007
1.56654244540944,	347.695175166908
1.56663799908641,	347.627751393764
1.56673356442098,	359.755420194095
1.56682926020336,	365.782024456834
1.56692496965666,	402.282166701081
1.56702044920868,	365.640103700645
1.56711606120948,	475.239881157226
1.56721180570542,	469.056023585014
1.56730744105966,	389.789051781495
1.56740320696157,	407.981203111019
1.56749886567755,	347.021068208411
1.56759465695626,	365.21441025994
1.5676903390428,	401.657803932365
1.56778615372588,	407.664312753803
1.56788185720906,	413.668476839425
1.56797769530485,	413.588065248813
1.56807342415794,	425.669662972905
1.56816940664982,	486.385059765527
1.56826515891395,	595.705827425609
1.56836104387617,	516.583192236217
1.56845693858016,	528.635246747884
1.56855272596191,	473.856659095602
1.56864864609259,	413.025422717783
1.56874457795539,	400.799626035286
1.56884064263063,	400.721630302613
1.56893647688601,	327.799307132861
1.5690325650659,	358.081388946246
1.56912842078537,	291.263718539932
1.56922453247831,	394.342813224127
1.56932053479371,	266.887762406222
1.56941654885633,	242.57797049579
1.56951257466831,	297.100110124579
1.56960861223182,	278.855970816987
1.56970478276059,	272.740711680088
1.56980072063474,	290.866733200266
1.56989691470679,	308.985631036777
1.56999312056869,	321.040096817859
1.57008921695166,	278.584243008236
1.57018532509911,	230.089932778122
1.57028156631387,	284.529382614082
1.57037781932716,	254.210700438204
1.57047396082172,	296.521256337899
1.57057023742346,	242.010934452933
1.57066628310996,	254.061867070457
1.57076258329418,	290.29973157134
1.57085889528778,	272.102854061991
1.57095509768816,	259.958609218345
1.5710515547118,	241.774719526464
1.57114777872128,	296.116183724505
1.57124425940841,	271.89028838874
1.5713405090169,	308.082116227316
1.57143689189725,	217.427207653658
1.57153328660219,	277.769334893432
1.57162969313389,	313.938724849152
1.5717259899706,	283.696813270012
1.57182254168631,	253.466719434694
1.57191898171869,	289.619583820864
1.57201543557899,	301.628035882259
1.57211177969334,	319.663140385895
1.57220837881474,	247.238190286095
1.57230486819455,	307.479984857871
1.57240136941856,	319.4754307477
1.57249800413227,	307.359559042834
1.57259452906614,	216.917197788331
1.57269106585076,	259.04478628949
1.57278761249341,	234.901560098194
1.57288429468892,	270.987159015303
1.57298098877164,	210.726478078326
1.57307757301071,	204.665602129075
1.57317416911144,	210.643859407622
1.57327077707603,	216.619771950352
1.57336764046247,	258.689547342098
1.57346427219124,	276.683362011609
1.57356091579042,	288.656436552183
1.57365769108794,	288.599793516416
1.57375448028705,	270.509199990823
1.5738512813931,	324.547339803152
1.5739479725405,	306.45674627756
1.57404479745203,	288.373242021704
1.57414163427709,	258.283632734531
1.57423848301789,	180.162479638424
1.57433522174886,	288.203349622594
1.57443209431271,	264.134480464359
1.57452897879889,	294.091970082823
1.5746258752096,	282.032759767821
1.57472290353505,	239.98070066763
1.57481970181338,	245.931844357263
1.57491675602848,	233.889157317549
1.57501357814125,	239.839128639273
1.57511065625529,	227.802356207126
1.57520762427421,	299.680943859408
1.57530460423309,	329.584171886113
1.57540159613414,	293.571757634157
1.57549872208758,	323.464342579209
1.5755957378946,	293.456161240737
1.5756927656504,	335.312405074908
1.57578992751037,	472.936866496891
1.57588710135365,	448.902218551403
1.57598416299615,	394.956113061234
1.57608123859903,	358.980244109482
1.57617844837516,	406.764092504646
1.57627554791497,	370.800057356551
1.57637278166259,	358.767992750132
1.57647002740683,	406.523555188474
1.57656716287618,	394.489145846239
1.57666431031643,	364.531653933512
1.57676171433753,	388.358744579806
1.57685900807534,	394.255679445706
1.57695619148679,	489.736097919104
1.57705350922716,	400.07125748503
1.5771508389797,	477.602688875123
1.57724818074662,	483.477217977838
1.57734553453015,	471.446346387685
1.57744290033252,	471.353224585312
1.57754027815595,	399.676265859087
1.57763754355565,	453.274533691238
1.57773506786744,	423.370151650722
1.57783248176718,	423.286447794067
1.57792990769688,	411.281515130658
1.57802734565878,	375.443648335513
1.57812491817056,	393.244132424806
1.57822238021869,	327.638587193429
1.5783198543057,	321.617863124326
1.57841734043384,	398.965434647946
1.57851496118135,	345.304678000321
1.57861234882241,	428.56924312295
1.57870999369361,	380.874981072338
1.57880765064519,	499.799401197605
1.57890519704273,	434.263450111272
1.57900275549479,	481.758483033932
1.57910044867058,	547.074061073256
1.5791981539357,	505.348675063666
1.57929574859507,	433.919290155322
1.57939347803041,	457.604946428981
1.57949121956182,	415.921990501755
1.57958885044866,	427.720623121573
1.57968661616375,	481.09022185514
1.57978439398164,	427.550905086379
1.57988218390458,	356.221710601785
1.57997986313116,	373.958551861794
1.5800778000746,	397.622995388533
1.58017550349212,	409.411021634891
1.58027334184254,	450.855924931746
1.58037119230925,	385.523858031064
1.58046917777422,	385.447261798243
1.58056692960056,	343.869222474591
1.58066481441474,	308.23527657329
1.58076283830945,	314.100424438479
1.58086074940663,	296.262236446647
1.58095854766212,	337.67178287104
1.58105660597677,	278.375735884553
1.5811545534699,	254.633505402987
1.58125263610117,	284.185502558102
1.58135060788495,	295.967646316562
1.58144859180981,	307.745098309129
1.58154658787803,	289.932833184206
1.58164471915442,	272.127638974924
1.58174273953136,	325.305221740427
1.58184089515152,	372.548094615367
1.58193893984622,	307.438745497511
1.58203699669557,	354.666320233097
1.58213531197966,	313.226143116067
1.58223339317561,	348.616192901553
1.582331486533,	277.65584004405
1.58242971523885,	330.758015004474
1.58252795614123,	336.597221648657
1.58262621126233,	318.817987014477
1.58272435131401,	377.782930690344
1.58282275407069,	330.49409227522
1.58292092052091,	460.239167641728
1.58301922242497,	407.053359946773
1.5831175365392,	401.073911946223
1.58321586286587,	477.654394658958
1.58331420140726,	536.516869708858
1.58341255216564,	548.19889187143
1.58351091514329,	465.581267350357
1.58360929034249,	447.811413953702
1.58370767776552,	365.246825888453
1.58380607741466,	388.733360864478
1.58390461270667,	365.10073875238
1.58400303683018,	365.027714685571
1.58410147318665,	317.863748365338
1.58419992177834,	335.455693211279
1.58429850608342,	276.548441048937
1.58439697916777,	264.727404960195
1.58449546449418,	270.556057998945
1.58459408558692,	276.382347947783
1.58469259541969,	205.775414687866
1.5847912410541,	241.002888475922
1.58488977540238,	311.477894785142
1.58498844558762,	311.415477091793
1.58508700446056,	199.735909789616
1.5851856992058,	187.949042145594
1.58528428261256,	223.144710578842
1.58538300192696,	176.13153922041
1.58548173353709,	246.534675476633
1.58558047744524,	240.616509509716
1.58567923365371,	181.893048385987
1.58577787845819,	181.856516851355
1.58587665925879,	193.55033610939
1.58597545439508,	175.919498933168
1.58607413605982,	158.29574873242
1.58617295377379,	175.848817307913
1.58627190758556,	164.092580356528
1.58637074994549,	222.65232752885
1.58646960462414,	187.458985477321
1.58656847162382,	204.992048087733
1.58666735094682,	228.373769701975
1.58676624259545,	193.20047032372
1.58686514657203,	175.60145456214
1.58696406287884,	198.974914538739
1.58706299151821,	181.38179732489
1.58716205641507,	152.096033220915
1.5872610097419,	187.157429967651
1.58736009936178,	175.424752793264
1.58745920135437,	152.004154908574
1.58755819377,	163.663789662055
1.58765719649976,	227.914346020603
1.5877563355937,	175.283373482919
1.58785536303866,	128.515231605754
1.58795452688339,	192.733975726708
1.58805357905283,	216.052070571501
1.58815276765763,	233.52267878037
1.58825196865369,	268.496888980659
1.58835105793493,	297.621267809209
1.58845028370497,	285.892110032808
1.58854952187324,	338.334581411889
1.58864864828715,	361.594966389061
1.58874791124333,	379.014919586115
1.58884718864055,	343.959403033014
1.5889464764097,	402.176302567279
1.58904565237174,	337.992908436002
1.58914496494739,	378.70860348269
1.58924441418557,	302.90560488219
1.58934375160809,	366.907555004933
1.58944297717067,	407.59258265079
1.58954246371293,	384.223814440085
1.58964183839992,	453.99082524606
1.58974122551305,	465.537332232088
1.58984074939595,	494.533269093996
1.58994016342256,	599.136577419873
1.59003958784394,	645.54070250304
1.5901390247008,	750.070986762108
1.59023847399546,	906.878771193246
1.59033806014937,	1046.18650515062
1.59043753434223,	1121.51697065639
1.59053714543015,	1225.86577419873
1.59063664453055,	1405.68416500333
1.59073615608045,	1434.43609562484
1.59083580457915,	1643.17025259825
1.59093534309181,	1642.83683896575
1.59103501654821,	2037.16845160254
1.59113470249465,	2228.24460504279
1.59123440093347,	2616.49524399477
1.59133398729204,	2465.1543258311
1.59143371070706,	1861.53837841558
1.59153332201531,	1484.28966434946
1.59163307041592,	1205.74014958589
1.59173283132065,	1025.82990111731
1.59183260677536,	706.925445660403
1.59193239269566,	614.088980659371
1.59203206644283,	567.627127354487
1.59213187737222,	480.647585289192
1.59223182553307,	358.964877142267
1.592331536781,	214.177376281919
1.59243151001197,	260.432945603047
1.59253124627216,	231.448808130865
1.59263112185007,	196.691417165669
1.59273113270417,	214.002916007066
1.59283115611962,	144.567102576456
1.59293094244847,	150.31913185124
1.59303086612156,	167.629474384564
1.59313092718821,	132.920393695368
1.59323087595352,	144.449221098034
1.59333083930799,	115.535799665038
1.59343093806306,	155.941500906234
1.59353092447685,	173.232959368619
1.59363104837443,	161.651093215867
1.59373105990408,	126.985633331039
1.59383120895363,	155.814162479638
1.59393124560862,	161.552056805928
1.59403142186877,	167.287571982472
1.5941314836588,	132.649234863606
1.59423168304101,	144.15447495813
1.59433176997532,	161.419989905247
1.59443211959846,	149.859341087939
1.59453223170222,	149.828673687109
1.5946324814705,	144.03655218299
1.59473274589612,	126.726225709501
1.59483289575642,	132.45938697318
1.59493318333553,	132.432257324432
1.59503360868304,	69.0809415651456
1.5951337963367,	132.378011792507
1.59523412176352,	126.596496661849
1.5953344618635,	97.8045151077156
1.59543481253429,	57.5202743937413
1.59553530106413,	86.2627182416776
1.59563567700392,	74.7456879344759
1.5957360655739,	91.9758184779866
1.59583646677647,	109.198871223071
1.59593688266805,	91.9380732787299
1.59603730914319,	103.409094454769
1.59613774825807,	97.6440934223507
1.59623832535908,	137.822176336981
1.59633878977638,	166.500915410558
1.59643939221616,	103.324156285131
1.59653988400103,	126.259127721568
1.59664038638224,	143.44677770895
1.59674102684049,	143.417284970289
1.59684155454802,	131.91675958428
1.59694209491441,	131.889620758483
1.59704277341243,	103.196728382316
1.59714334117665,	103.175488104251
1.59724417055405,	114.615825819625
1.59734476162746,	143.240284947347
1.59744549090536,	131.753912863927
1.59754610733863,	80.1815105421341
1.59764686407129,	137.425695734967
1.59774763145542,	108.772916236493
1.59784841155164,	131.645327735334
1.5979490787495,	120.173125014339
1.59805000988993,	125.869685915525
1.59815070249227,	80.0823617133549
1.59825166116542,	120.098758804231
1.59835237918213,	154.380808497947
1.59845323558575,	108.615922178631
1.59855410471831,	91.4471516736642
1.59865511230605,	137.142388785647
1.59875600898087,	119.974797531374
1.59885679057521,	142.797620850254
1.59895783641931,	102.79303003189
1.5990587692488,	182.705384633033
1.59915971482169,	148.417411154702
1.59926067520301,	142.679532888247
1.59936177210523,	125.53200954413
1.59946275593895,	142.620483171588
1.59956375252574,	153.998244889531
1.59966488775073,	114.049147681648
1.59976603782934,	85.5191387340262
1.59986707272188,	131.102184137472
1.59996812037714,	113.978273338381
1.60006930674395,	113.95465391057
1.60017050797512,	79.7517126666208
1.6002715939652,	68.3444352673963
1.60037281872186,	96.8012044875766
1.60047405628522,	56.9300708926974
1.60057518063165,	51.2264298988231
1.60067644586602,	45.5251519948609
1.60077759579045,	73.9630050244339
1.60087901064717,	62.5710877096382
1.60098018617497,	51.1838873976186
1.60108162877104,	51.173253493014
1.6011828299122,	68.216819235093
1.60128416998531,	73.8861885424553
1.60138552288701,	102.282687498566
1.60148688861974,	56.8118934544704
1.60158826925455,	62.4800789226146
1.60168966065691,	85.1823823617134
1.60179106489761,	56.7764310459541
1.60189260821267,	17.0293826140822
1.60199404022301,	39.7269506963085
1.60209548300962,	73.7632505104733
1.60219693864432,	34.0374836533829
1.60229840712957,	51.0455846926836
1.60239989053851,	45.3643930529745
1.602501511062,	45.3549315162778
1.60260301812979,	62.3500217954895
1.6027045380579,	51.0030100718104
1.60280619929814,	33.9949113267717
1.60290774497049,	16.9939087342556
1.60300942992015,	50.971076238328
1.60311112777198,	39.6358914355198
1.60321271415948,	33.9665221281575
1.60331443780721,	62.2589441806043
1.60341604789063,	33.9523252345883
1.60351779734381,	16.9726133939019
1.60361943527939,	33.9381283410191
1.60372121054811,	33.9310275999725
1.60382299873618,	11.30797714915
1.60392479984606,	50.8752426182119
1.60402661595514,	16.9548649826783
1.6041284429163,	28.2521875788653
1.60423015620437,	67.7910523780026
1.60433200901031,	-11.2961410512309
1.60443400346078,	79.0564181980866
1.60453575550324,	39.5199210773855
1.6046376471192,	50.8006745130429
1.60473955167666,	33.8600133067199
1.60484159795393,	28.2107577947553
1.60494352841818,	84.6145135017322
1.60504547183135,	45.118266914447
1.60514743027372,	11.277197329479
1.60524939959239,	45.099318604171
1.60535138186737,	56.3623075687705
1.60545337710115,	61.9855094408884
1.60555551418661,	45.070897285888
1.60565753536176,	22.5307086975474
1.60575969634691,	45.0519443870879
1.60586174347306,	11.2606166976392
1.60596380565031,	28.1456191066144
1.60606587872151,	73.1632069194944
1.60616809167713,	67.5210475600523
1.60627031972435,	33.7534150090623
1.60637243176382,	28.1219216738936
1.60647455678682,	56.2319911900337
1.60657694874169,	39.3540986991534
1.60667910185327,	67.4499460848418
1.60678139287955,	28.0982173583867
1.60688369693161,	61.8030398972171
1.60698601609452,	50.5554546080254
1.60708821915207,	33.6965241929933
1.60719056228047,	33.6894096863744
1.60729279135846,	50.5234450638952
1.60739528973058,	33.6751806731365
1.60749767197391,	50.5020992497763
1.60760006726043,	84.1523780026155
1.60770235052618,	44.8717828710395
1.60780477189066,	22.4311446073371
1.60790733348913,	44.8528047353569
