1.450163,	430.46817
1.450303,	69.63456
1.450442,	73.839211
1.450581,	88.58831
1.450721,	59.046379
1.45086,	56.925533
1.450999,	48.481861
1.451139,	54.793983
1.451278,	77.959557
1.451418,	67.41021
1.451557,	63.183693
1.451697,	56.853287
1.451836,	86.314491
1.451976,	56.829216
1.452116,	73.651909
1.452255,	56.805153
1.452395,	50.482777
1.452535,	39.957066
1.452674,	73.589531
1.452814,	84.084511
1.452954,	44.135014
1.453094,	48.32811
1.453234,	69.325638
1.453374,	56.708958
1.453514,	52.497166
1.453654,	46.187717
1.453794,	48.276924
1.453933,	94.43483
1.454074,	73.433739
1.454214,	65.027527
1.454354,	106.958084
1.454494,	69.193497
1.454634,	56.600857
1.454774,	83.835335
1.454915,	71.244919
1.455055,	71.229813
1.455195,	58.6474
1.455335,	79.576012
1.455476,	81.652794
1.455616,	81.635468
1.455757,	75.339828
1.455897,	83.693153
1.456038,	71.124077
1.456178,	77.383308
1.456318,	106.640831
1.456459,	106.618195
1.4566,	94.054901
1.45674,	64.779617
1.456881,	83.568855
1.457022,	60.574554
1.457162,	79.356697
1.457303,	87.691406
1.457444,	73.060646
1.457585,	106.437187
1.457725,	104.328011
1.457866,	98.047493
1.458007,	98.026657
1.458148,	95.920601
1.458289,	87.561066
1.45843,	112.554581
1.458571,	116.698456
1.458712,	100.005989
1.458853,	112.482819
1.458994,	102.046036
1.459135,	104.106468
1.459276,	104.084328
1.459418,	97.818466
1.459559,	116.524872
1.4597,	108.17865
1.459841,	116.475304
1.459983,	116.450523
1.460124,	124.741867
1.460265,	133.029678
1.460407,	151.704697
1.460548,	112.196022
1.46069,	118.403931
1.460831,	141.22374
1.460973,	114.200775
1.461114,	110.02459
1.461256,	118.303139
1.461397,	80.927017
1.461539,	89.208221
1.461681,	105.78257
1.461822,	78.801598
1.461964,	105.737511
1.462106,	122.297737
1.462248,	84.968452
1.462389,	80.806435
1.462531,	107.718956
1.462673,	122.193535
1.462815,	109.743683
1.462957,	95.228935
1.463099,	124.185181
1.463241,	74.495224
1.463383,	82.754822
1.463525,	107.558334
1.463667,	101.331436
1.463809,	80.634354
1.463952,	93.019798
1.464094,	66.133308
1.464236,	105.377472
1.464378,	82.631371
1.46452,	121.85527
1.464663,	123.894173
1.464805,	115.609886
1.464947,	97.009026
1.46509,	101.115486
1.465232,	99.030762
1.465375,	107.260429
1.465517,	90.739449
1.46566,	98.967361
1.465802,	92.762093
1.465945,	80.376648
1.466087,	109.206482
1.46623,	117.423401
1.466373,	96.802124
1.466516,	98.84063
1.466658,	82.349594
1.466801,	88.506905
1.466944,	115.240181
1.467087,	119.330399
1.467229,	106.963013
1.467372,	117.222862
1.467515,	94.580688
1.467658,	111.005775
1.467801,	117.14772
1.467944,	94.52005
1.468087,	96.554192
1.46823,	92.425735
1.468373,	94.459442
1.468516,	114.969513
1.46866,	82.103516
1.468803,	123.128937
1.468946,	110.792336
1.469089,	90.255928
1.469233,	96.389114
1.469376,	88.166916
1.469519,	98.397827
1.469663,	102.4758
1.469806,	106.552025
1.469949,	102.431946
1.470093,	114.699219
1.470236,	98.292572
1.47038,	102.366173
1.470523,	77.781639
1.470667,	94.136559
1.470811,	106.392448
1.470954,	106.369667
1.471098,	112.482285
1.471242,	128.81575
1.471385,	124.699638
1.471529,	136.935837
1.471673,	118.516068
1.471817,	114.404793
1.471961,	122.550293
1.472105,	104.145424
1.472249,	130.664291
1.472393,	118.38913
1.472537,	124.486015
1.472681,	108.136795
1.472825,	104.033852
1.472969,	157.037033
1.473113,	122.340286
1.473257,	122.314049
1.473401,	128.402206
1.473545,	124.299278
1.47369,	112.04908
1.473834,	142.577332
1.473978,	107.928246
1.474122,	134.372375
1.474267,	126.2015
1.474411,	122.104279
1.474555,	122.078072
1.4747,	115.949272
1.474845,	130.160706
1.474989,	150.466019
1.475134,	126.039055
1.475278,	126.011993
1.475423,	123.952919
1.475567,	123.9263
1.475712,	146.242249
1.475857,	154.333664
1.476002,	150.239975
1.476146,	133.969025
1.476291,	176.557602
1.476436,	162.316925
1.476581,	113.597435
1.476726,	170.359528
1.476871,	168.295273
1.477015,	137.85083
1.47716,	174.303268
1.477306,	188.450226
1.47745,	168.150604
1.477596,	206.59848
1.477741,	182.253571
1.477886,	194.362015
1.478031,	202.416885
1.478176,	145.708801
1.478321,	200.306519
1.478467,	198.240555
1.478612,	210.332474
1.478757,	234.551132
1.478903,	181.94017
1.479048,	220.302338
1.479193,	196.006683
1.479339,	187.883484
1.479484,	201.981766
1.47963,	230.209641
1.479776,	220.065338
1.479921,	260.388214
1.480067,	256.29599
1.480212,	258.258453
1.480358,	246.099564
1.480504,	256.130432
1.480649,	248.009903
1.480795,	247.956467
1.480941,	227.748337
1.481087,	249.86467
1.481233,	259.88385
1.481378,	225.58696
1.481524,	255.74437
1.48167,	235.556244
1.481816,	243.556931
1.481962,	271.678497
1.482108,	269.60791
1.482255,	259.491974
1.482401,	285.580719
1.482547,	243.294479
1.482693,	237.211212
1.482839,	283.386169
1.482985,	243.137085
1.483132,	245.093597
1.483278,	275.168671
1.483424,	249.004044
1.483571,	267.019287
1.483717,	238.860428
1.483863,	246.836075
1.48401,	268.852814
1.484156,	300.889679
1.484303,	260.714752
1.48445,	330.835724
1.484596,	308.713348
1.484743,	274.575287
1.484889,	302.568726
1.485036,	292.486725
1.485183,	302.438049
1.485329,	334.412231
1.485476,	342.348114
1.485623,	356.28537
1.48577,	340.199036
1.485917,	354.130676
1.486064,	446.068237
1.48621,	403.974487
1.486357,	479.865936
1.486504,	537.733459
1.486652,	483.65564
1.486799,	557.482422
1.486946,	607.304749
1.487093,	561.235962
1.48724,	638.991699
1.487387,	670.796143
1.487534,	630.731384
1.487682,	726.38147
1.487829,	754.156067
1.487976,	817.822998
1.488124,	927.330261
1.488271,	935.104919
1.488418,	994.704407
1.488566,	1139.975464
1.488713,	1119.803467
1.488861,	1221.158203
1.489008,	1362.30249
1.489156,	1369.972412
1.489303,	1419.446045
1.489451,	1584.339966
1.489599,	1649.665039
1.489746,	1768.678589
1.489894,	1927.422241
1.490042,	2038.369263
1.49019,	2002.139648
1.490338,	2172.656006
1.490485,	2424.580078
1.490633,	2338.616699
1.490781,	2423.529297
1.490929,	2452.795166
1.491077,	2392.694336
1.491225,	2114.246582
1.491373,	1921.264771
1.491521,	1674.789062
1.491669,	1378.822266
1.491818,	1225.7948
1.491966,	1037.138672
1.492114,	840.633667
1.492262,	749.270264
1.49241,	622.274658
1.492559,	604.307678
1.492707,	538.806641
1.492855,	487.197327
1.493004,	469.271179
1.493152,	409.780792
1.493301,	403.754303
1.493449,	334.410126
1.493598,	350.164154
1.493746,	344.154449
1.493895,	351.989594
1.494044,	292.601959
1.494192,	304.398102
1.494341,	314.212891
1.49449,	359.586945
1.494638,	345.68158
1.494787,	335.732025
1.494936,	357.378204
1.495085,	349.404419
1.495234,	369.064575
1.495383,	359.118469
1.495532,	366.931427
1.495681,	376.713257
1.49583,	349.024902
1.495979,	412.035858
1.496128,	382.380768
1.496277,	433.533386
1.496426,	390.095184
1.496575,	449.102844
1.496724,	435.21994
1.496874,	472.534241
1.497023,	462.589111
1.497172,	474.296692
1.497322,	444.679382
1.497471,	483.926239
1.49762,	456.286407
1.49777,	477.816681
1.497919,	454.121948
1.498069,	485.470581
1.498218,	475.539703
1.498368,	461.683899
1.498518,	530.329834
1.498667,	540.033142
1.498817,	522.245605
1.498967,	559.427002
1.499116,	561.267639
1.499266,	614.120667
1.499416,	645.372803
1.499566,	686.417236
1.499716,	715.679138
1.499865,	654.752747
1.500015,	682.048828
1.500165,	764.198486
1.500315,	789.499634
1.500465,	626.761353
1.500615,	663.830566
1.500765,	691.094727
1.500916,	679.199951
1.501066,	692.750305
1.501216,	667.164795
1.501366,	684.623901
1.501516,	674.696411
1.501667,	656.952271
1.501817,	652.899414
1.501967,	680.118042
1.502118,	619.397644
1.502268,	664.193176
1.502419,	671.860596
1.502569,	622.897522
1.50272,	601.287048
1.50287,	618.722046
1.503021,	601.024597
1.503171,	628.206726
1.503322,	682.684265
1.503473,	657.183899
1.503623,	729.178345
1.503774,	771.902588
1.503925,	765.887512
1.504076,	693.629517
1.504227,	668.154358
1.504377,	703.064209
1.504528,	706.804871
1.504679,	702.757019
1.50483,	745.421387
1.504981,	655.749634
1.505132,	649.77002
1.505283,	678.802917
1.505435,	596.982605
1.505586,	624.070129
1.505737,	690.020081
1.505888,	649.060059
1.506039,	646.97522
1.506191,	656.545959
1.506342,	718.546936
1.506493,	710.623413
1.506645,	626.997681
1.506796,	644.327209
1.506948,	626.723328
1.507099,	618.826599
1.507251,	640.025391
1.507402,	694.178589
1.507554,	738.614929
1.507705,	806.290161
1.507857,	788.673706
1.508008,	854.370911
1.50816,	908.417725
1.508312,	927.583801
1.508464,	1006.759766
1.508616,	1014.28186
1.508767,	1010.18927
1.508919,	1035.120483
1.509071,	1038.762451
1.509223,	1042.40271
1.509375,	1026.706055
1.509527,	1049.678345
1.509679,	1066.842529
1.509831,	1182.544434
1.509983,	1162.966797
1.510136,	1203.271606
1.510288,	1324.660278
1.51044,	1376.495117
1.510592,	1409.005737
1.510744,	1427.994019
1.510897,	1454.69104
1.511049,	1494.878296
1.511201,	1562.046265
1.511354,	1590.624023
1.511506,	1601.840698
1.511659,	1753.736694
1.511811,	1774.546143
1.511964,	1839.652222
1.512116,	1937.470093
1.512269,	2137.295898
1.512422,	2352.43457
1.512574,	2627.142578
1.512727,	2992.168457
1.51288,	3316.633789
1.513032,	3683.270996
1.513185,	4036.286133
1.513338,	4154.59668
1.513491,	4026.824707
1.513644,	3866.439941
1.513797,	3577.400391
1.51395,	3440.234375
1.514103,	3047.711914
1.514256,	2868.482178
1.514409,	2756.516113
1.514562,	2640.760742
1.514715,	2319.751465
1.514868,	1935.578735
1.515022,	1649.387207
1.515175,	1386.331177
1.515328,	1313.178467
1.515481,	1190.225464
1.515635,	1138.226196
1.515788,	1143.723145
1.515942,	1151.133057
1.516095,	1168.114258
1.516249,	1211.891235
1.516402,	1232.679688
1.516556,	1406.553101
1.516709,	1440.682251
1.516863,	1543.658203
1.517016,	1658.063354
1.51717,	1701.674194
1.517324,	1634.394531
1.517478,	1649.323853
1.517631,	1538.138306
1.517785,	1474.759399
1.517939,	1375.120361
1.518093,	1369.089111
1.518247,	1259.971802
1.518401,	1217.704468
1.518555,	1106.760132
1.518709,	1087.438354
1.518863,	1094.828247
1.519017,	1125.098145
1.519171,	1142.008911
1.519325,	1096.01062
1.519479,	1151.033936
1.519634,	1267.001343
1.519788,	1356.249756
1.519942,	1506.400269
1.520097,	1587.940308
1.520251,	1724.648315
1.520405,	1701.429932
1.52056,	1702.957397
1.520714,	1618.879395
1.520869,	1631.835571
1.521023,	1395.691284
1.521178,	1250.902222
1.521332,	1127.084106
1.521487,	1096.431641
1.521642,	1018.297485
1.521796,	1035.167236
1.521951,	977.969604
1.522106,	975.855164
1.522261,	973.741577
1.522416,	990.605957
1.52257,	903.111694
1.522725,	978.787231
1.52288,	933.056152
1.523035,	944.226257
1.52319,	1040.694214
1.523345,	1066.99707
1.5235,	1064.866455
1.523656,	1034.321411
1.523811,	1126.895996
1.523966,	1071.734741
1.524121,	1071.497925
1.524276,	1118.578247
1.524432,	1114.546387
1.524587,	1148.353271
1.524742,	1185.927979
1.524898,	1242.39624
1.525053,	1387.697266
1.525209,	1393.060913
1.525364,	1559.051636
1.52552,	1539.813354
1.525675,	1543.250488
1.525831,	1595.787231
1.525986,	1455.715576
1.526142,	1413.864746
1.526298,	1477.718384
1.526453,	1533.996338
1.526609,	1639.296143
1.526765,	1537.089233
1.526921,	1587.659668
1.527077,	1677.796021
1.527233,	1816.895752
1.527389,	1965.355469
1.527545,	1974.339722
1.527701,	2130.232422
1.527857,	2274.757568
1.528013,	2492.64209
1.528169,	2695.37207
1.528325,	2901.775879
1.528481,	3284.940186
1.528637,	3745.055176
1.528794,	4018.789307
1.52895,	4754.92041
1.529106,	5169.289062
1.529263,	5500.783691
1.529419,	6089.541504
1.529575,	6619.804199
1.529732,	7390.225098
1.529888,	7895.553711
1.530045,	8552.713867
1.530201,	9183.307617
1.530358,	9738.563477
1.530515,	10149.121094
1.530671,	10062.46875
1.530828,	9790.212891
1.530985,	10011.134766
1.531142,	10211.339844
1.531298,	9849.282227
1.531455,	9182.004883
1.531612,	8511.276367
1.531769,	8393.282227
1.531926,	8179.854004
1.532083,	8383.939453
1.53224,	8758.232422
1.532397,	9072.486328
1.532554,	9700.858398
1.532711,	10388.795898
1.532869,	11212.919922
1.533026,	12371.288086
1.533183,	13639.407227
1.53334,	14977.96582
1.533497,	16517.681641
1.533655,	18788.841797
1.533812,	20918.947266
1.533969,	24045
1.534127,	27968.496094
1.534284,	33233.777344
1.534442,	40205.609375
1.534599,	50300.390625
1.534757,	63044.25
1.534915,	71153.234375
1.535072,	72201.71875
1.53523,	63168.039062
1.535388,	51531.878906
1.535545,	40245.492188
1.535703,	30602.933594
1.535861,	23472.605469
1.536019,	19295.857422
1.536177,	16842.429688
1.536335,	14122.164062
1.536493,	11886.763672
1.536651,	10163.802734
1.536809,	8354.217773
1.536967,	7158.897461
1.537125,	5824.717773
1.537283,	5044.858398
1.537441,	4153.882324
1.537599,	3660.768311
1.537758,	3286.715576
1.537916,	3039.070312
1.538074,	2964.150146
1.538233,	2837.304688
1.538391,	2894.184814
1.538549,	2951.039551
1.538708,	2950.381592
1.538866,	3185.182617
1.539025,	3206.715576
1.539183,	3517.334717
1.539342,	3844.48999
1.539501,	4202.98877
1.539659,	4585.402832
1.539818,	5226.859863
1.539977,	5706.983398
1.540136,	6547.778809
1.540294,	7341.941406
1.540453,	8124.649902
1.540612,	9073.459961
1.540771,	10397.203125
1.54093,	12269.399414
1.541089,	14458.654297
1.541248,	17923.767578
1.541407,	22641.716797
1.541566,	28406.644531
1.541725,	35533.613281
1.541884,	41060.46875
1.542044,	41880.039062
1.542203,	38921.835938
1.542362,	32677.296875
1.542521,	25926.460938
1.542681,	19361.205078
1.54284,	14771.625977
1.543,	11627.383789
1.543159,	9417.03418
1.543318,	8278.135742
1.543478,	7620.519043
1.543638,	6965.037598
1.543797,	6429.527344
1.543957,	5770.922363
1.544116,	5037.155762
1.544276,	4274.276855
1.544436,	3760.080811
1.544596,	3003.345459
1.544755,	2622.052979
1.544915,	2191.295898
1.545075,	1893.06189
1.545235,	1637.223999
1.545395,	1464.170044
1.545555,	1289.356689
1.545715,	1092.586182
1.545875,	984.025391
1.546035,	862.664917
1.546195,	814.760559
1.546355,	752.2005
1.546516,	752.032043
1.546676,	669.342041
1.546836,	636.190857
1.546997,	566.394592
1.547157,	571.765503
1.547317,	447.049744
1.547478,	509.229431
1.547638,	456.006165
1.547799,	461.39679
1.547959,	461.293365
1.54812,	468.510468
1.54828,	532.445251
1.548441,	501.227783
1.548602,	506.602081
1.548762,	499.174561
1.548923,	550.248535
1.549084,	575.712341
1.549245,	480.566284
1.549405,	447.575409
1.549566,	405.467133
1.549727,	405.37616
1.549888,	330.435242
1.550049,	312.1091
1.55021,	293.791138
1.550371,	253.588837
1.550532,	264.475739
1.550694,	324.593903
1.550855,	339.106232
1.551016,	399.180603
1.551177,	399.090973
1.551338,	373.494385
1.5515,	397.09021
1.551661,	404.285431
1.551823,	387.80835
1.551984,	405.924103
1.552145,	396.733521
1.552307,	345.699219
1.552469,	351.078705
1.55263,	305.533508
1.552792,	325.465515
1.552953,	316.303192
1.553115,	350.763184
1.553277,	332.51413
1.553438,	307.006866
1.5536,	341.445618
1.553762,	337.737244
1.553924,	379.4151
1.554086,	384.774689
1.554248,	379.244446
1.55441,	362.831696
1.554572,	321.033813
1.554734,	337.281647
1.554896,	342.644562
1.555058,	387.880585
1.55522,	463.902252
1.555382,	402.199677
1.555544,	472.749939
1.555707,	423.749329
1.555869,	476.158051
1.556031,	508.632233
1.556194,	521.185425
1.556356,	522.877258
1.556519,	602.349182
1.556681,	622.106445
1.556844,	790.114136
1.557006,	914.662903
1.557169,	988.553101
1.557332,	1094.932617
1.557494,	1074.815308
1.557657,	1022.198975
1.55782,	855.853516
1.557982,	713.050476
1.558145,	637.088745
1.558308,	561.161255
1.558471,	465.424316
1.558634,	429.248077
1.558797,	394.891296
1.55896,	326.297729
1.559123,	270.351471
1.559286,	259.478882
1.559449,	286.443268
1.559612,	282.776398
1.559775,	270.107544
1.559939,	264.64566
1.560102,	210.588806
1.560265,	260.927216
1.560429,	248.274658
1.560592,	260.809418
1.560755,	239.171158
1.560919,	203.159683
1.561082,	197.721405
1.561246,	213.850296
1.561409,	201.225403
1.561573,	235.308685
1.561736,	237.051361
1.5619,	222.634308
1.562064,	188.478378
1.562227,	211.76593
1.562391,	195.570084
1.562555,	191.938248
1.562719,	195.481674
1.562883,	211.574524
1.563047,	200.771088
1.563211,	181.011566
1.563375,	182.762421
1.563539,	171.972794
1.563703,	166.560959
1.563867,	180.847855
1.564031,	216.610306
1.564195,	216.561295
1.564359,	220.091019
1.564524,	211.096451
1.564688,	189.58609
1.564852,	185.966904
1.565017,	210.95314
1.565181,	189.457382
1.565346,	205.496857
1.56551,	187.585083
1.565674,	210.762161
1.565839,	187.500137
1.566004,	203.525467
1.566168,	176.705765
1.566333,	183.803741
1.566498,	176.625717
1.566662,	189.071548
1.566827,	162.279358
1.566992,	158.676819
1.567157,	115.861298
1.567322,	137.219971
1.567487,	90.865356
1.567652,	83.719673
1.567817,	71.234634
1.567982,	51.6334
1.568147,	65.86216
1.568312,	39.152401
1.568477,	42.702023
1.568642,	48.028881
1.568807,	49.796429
1.568973,	30.226686
1.569138,	37.330376
1.569303,	39.09914
1.569469,	60.412228
1.569634,	47.963528
1.5698,	35.520477
1.569965,	56.819862
1.570131,	60.357395
1.570296,	37.271103
1.570462,	40.811466
1.570627,	42.576206
1.570793,	60.302593
1.570959,	33.690853
1.571124,	56.729603
1.57129,	46.082329
1.571456,	49.615849
1.571622,	33.660248
1.571788,	51.364494
1.571954,	46.040459
1.57212,	46.029995
1.572286,	44.24955
1.572452,	38.930752
1.572618,	42.460258
1.572784,	54.832027
1.57295,	49.514442
1.573116,	61.878975
1.573283,	42.421646
1.573449,	47.713497
1.573615,	38.86882
1.573782,	40.626343
1.573948,	42.38306
1.574115,	37.07674
1.574281,	45.894089
1.574448,	37.059864
1.574614,	40.580139
1.574781,	52.918568
1.574947,	51.142967
1.575114,	40.552429
1.575281,	40.543198
1.575447,	63.444466
1.575614,	42.286678
1.575781,	54.607853
1.575948,	26.417135
1.576115,	35.214825
1.576282,	29.925781
1.576449,	31.678902
1.576616,	51.0266
1.576782,	42.219288
1.57695,	31.657248
1.577117,	52.750053
1.577284,	49.22216
1.577451,	43.938339
1.577618,	36.899788
1.577786,	45.675037
1.577953,	63.227936
1.57812,	45.654205
1.578288,	45.643791
1.578455,	54.409031
1.578623,	42.11351
1.57879,	29.823597
1.578958,	40.340366
1.579125,	52.605862
1.579293,	54.346985
1.57946,	64.850952
1.579628,	64.836151
1.579796,	66.573273
1.579963,	63.055019
1.580131,	22.764669
1.580299,	42.017487
1.580467,	36.756905
1.580635,	33.24865
1.580803,	34.990585
1.580971,	45.477371
1.581139,	33.225868
1.581307,	36.714939
1.581475,	61.177582
1.581643,	41.940754
1.581812,	41.931171
1.58198,	27.947723
1.582148,	55.882671
1.582316,	26.189014
1.582485,	43.638378
1.582653,	48.863808
1.582821,	45.363159
1.58299,	68.029175
1.583158,	43.598473
1.583327,	33.127258
1.583495,	64.496216
1.583664,	50.539524
1.583833,	48.785618
1.584001,	33.096951
1.58417,	38.314014
1.584339,	52.234425
1.584508,	57.444717
1.584677,	33.066658
1.584845,	31.319138
1.585014,	41.749287
1.585183,	55.652969
1.585352,	20.865084
1.585521,	55.627483
1.58569,	50.40086
1.58586,	52.126877
1.586029,	36.480453
1.586198,	26.051497
1.586367,	55.563789
1.586536,	60.758968
1.586706,	46.860462
1.586875,	34.703499
1.587044,	24.286879
1.587214,	53.765762
1.587383,	31.211672
1.587553,	45.073189
1.587722,	50.262413
1.587892,	58.914829
1.588061,	36.380226
1.588231,	32.90789
1.588401,	57.1427
1.588571,	36.355194
1.58874,	51.924072
1.58891,	36.338509
1.58908,	29.410139
1.58925,	48.429111
1.58942,	25.938211
1.58959,	46.678062
1.58976,	55.309444
1.58993,	24.192326
1.5901,	25.914398
1.59027,	51.816891
1.59044,	65.619652
1.590611,	46.613781
1.590781,	41.424953
1.590951,	37.964149
1.591121,	46.581661
1.591292,	44.846107
1.591462,	37.937988
1.591632,	36.205208
1.591803,	53.433502
1.591973,	58.591011
1.592144,	37.903114
1.592315,	49.95171
1.592485,	39.607765
1.592656,	44.763699
1.592827,	53.359825
1.592997,	27.534222
1.593168,	30.968874
1.593339,	49.882816
1.59351,	37.833431
1.593681,	34.386112
1.593852,	42.972752
1.594023,	46.399891
1.594194,	51.543568
1.594365,	34.354469
1.594536,	34.346558
1.594707,	42.923313
1.594878,	34.330746
1.59505,	39.471264
1.595221,	51.472401
1.595392,	44.59914
1.595563,	44.588867
1.595735,	25.71842
1.595906,	41.139992
1.596078,	49.699371
1.596249,	32.554153
1.596421,	47.963486
1.596592,	42.814671
1.596764,	32.531647
1.596936,	49.642124
1.597107,	37.65086
1.597279,	32.509155
1.597451,	44.475952
1.597623,	22.232847
1.597794,	41.035789
1.597966,	39.316895
1.598138,	51.271076
1.59831,	20.503698
1.598482,	18.79072
1.598654,	40.988476
1.598826,	23.904427
1.598999,	44.38369
1.599171,	47.786785
1.599343,	63.132248
1.599515,	37.529427
1.599688,	46.04821
1.59986,	35.807003
1.600032,	30.684629
